MonoObjective Genetic Algorithm
Number of Evaluations = 0
Mutation Probability = 0.0100000000000000002
Crossover Probability = 0.5
Population Size = 100
Survival Selection Type = 16

Time =  300.086704999999995

Current Evaluation = 81600
Front Size = 100
9 4 2 3 8 7 6 1 5 1 3 7 5 6 9 4 8 2 8 5 6 2 1 4 3 9 7 7 1 5 9 3 6 8 2 4 3 8 4 1 2 5 7 6 9 6 2 9 4 7 8 5 3 1 5 6 1 8 4 2 9 7 3 4 7 3 6 9 1 2 5 8 2 9 8 7 5 3 1 4 6 1 3 
5 4 2 3 8 7 9 1 6 1 3 7 5 6 9 4 8 2 8 9 6 2 1 4 3 7 5 7 1 5 9 3 6 8 2 4 3 8 4 1 2 5 7 6 9 2 6 9 4 7 8 5 3 1 7 5 1 8 4 2 6 9 3 4 2 3 6 9 1 7 5 8 9 6 8 7 5 3 2 4 1 5 18 
9 4 2 3 8 7 9 1 5 1 3 6 5 6 4 4 8 2 8 5 7 2 1 9 6 3 7 7 2 5 9 3 6 8 7 1 3 8 4 1 2 5 4 6 9 6 1 9 4 7 8 5 2 3 5 1 8 8 4 2 1 9 3 4 7 3 6 9 1 7 5 8 9 6 2 7 5 3 2 4 6 117 23 
9 4 2 3 8 7 1 9 5 1 3 7 5 6 4 6 8 2 8 5 6 2 1 9 3 7 4 7 1 5 9 3 6 8 2 7 3 8 4 1 2 5 4 6 9 2 6 9 4 7 8 5 3 1 5 7 8 8 4 2 7 1 3 4 2 3 9 6 1 2 5 8 6 9 1 7 5 3 9 4 6 12 21 
5 4 2 3 8 7 1 9 5 1 3 6 5 6 9 7 8 2 8 9 7 2 1 4 4 3 6 7 1 5 9 3 6 8 2 4 3 8 4 1 2 5 7 6 9 2 6 9 4 7 8 5 3 1 9 5 8 8 4 2 6 7 3 4 7 3 6 9 1 2 5 8 6 2 1 7 5 3 9 4 1 9 18 
9 4 2 3 8 7 1 9 5 1 3 6 5 6 4 7 8 2 8 5 7 2 1 9 6 3 4 7 1 5 9 3 6 8 2 7 3 8 4 1 2 5 4 6 9 6 2 9 4 7 8 5 3 1 5 9 6 8 4 2 1 7 3 4 7 3 6 9 1 2 5 8 2 1 8 7 5 3 9 4 6 9 17 
9 4 2 3 8 7 1 8 5 1 3 6 5 6 9 4 7 2 8 5 7 2 1 4 9 3 6 7 4 5 9 3 6 8 1 7 3 8 1 1 2 5 4 6 9 2 6 9 4 7 8 5 2 3 5 1 7 8 4 2 9 7 3 4 9 3 9 6 1 2 5 8 2 6 8 7 5 3 6 4 1 319 23 
9 4 2 3 8 7 1 9 5 1 3 7 5 6 4 6 8 2 8 5 6 2 1 9 4 3 7 2 7 5 9 3 6 8 2 4 3 8 4 1 2 5 7 6 9 6 1 9 4 7 8 5 3 1 5 6 7 8 4 2 9 1 3 4 2 3 6 9 1 7 5 8 9 1 8 7 5 3 2 4 6 10 17 
9 4 2 3 8 7 9 1 6 1 3 7 5 6 9 7 8 2 8 5 6 2 1 4 4 3 5 2 7 5 9 3 6 8 2 4 3 8 4 1 2 5 7 6 9 6 1 9 4 7 8 5 3 1 5 9 8 8 4 2 7 1 3 4 7 3 6 9 1 2 5 8 6 2 1 7 5 3 9 4 6 18 16 
9 4 2 3 8 7 6 9 1 1 3 7 5 6 4 7 8 2 8 5 6 2 1 9 4 3 5 7 1 5 9 3 6 8 2 4 3 8 4 1 2 5 7 6 9 6 2 9 4 7 8 5 3 1 7 5 8 8 4 2 9 1 3 4 9 3 9 6 1 7 5 8 6 2 1 7 5 3 2 4 6 19 16 
9 4 2 3 8 7 1 9 5 1 3 7 5 6 9 6 8 2 8 5 6 2 1 4 4 3 7 7 1 5 9 3 6 8 7 1 3 8 4 1 2 5 4 6 9 6 2 9 4 7 8 5 2 3 5 7 8 8 4 2 9 1 3 4 6 3 6 9 1 7 5 8 2 9 1 7 5 3 2 4 6 113 16 
5 4 2 3 8 7 6 9 1 1 3 7 5 6 9 4 8 2 8 9 6 2 1 4 3 7 5 7 1 5 9 3 6 8 2 4 3 8 4 1 2 5 7 6 9 2 6 9 4 7 8 5 3 1 6 5 1 8 4 2 9 7 3 4 7 3 6 9 1 2 5 8 9 2 8 7 5 3 1 4 6 3 11 
9 4 2 3 8 7 1 9 6 1 3 7 5 6 4 4 8 2 8 5 6 2 1 9 7 3 5 7 1 5 9 3 6 8 2 4 3 8 4 1 2 5 7 6 9 6 2 9 4 7 8 5 3 1 5 7 8 8 4 2 6 7 3 4 9 3 6 9 1 2 5 8 2 6 1 7 5 3 9 4 1 11 15 
9 4 2 3 8 7 6 9 1 1 3 7 5 6 9 7 8 2 8 5 6 2 1 4 4 3 5 7 2 5 9 3 6 8 2 7 3 8 4 1 2 5 4 6 9 6 1 9 4 7 8 5 3 1 5 7 1 8 4 2 9 7 3 4 2 3 6 9 1 2 5 8 6 9 8 7 5 3 6 4 1 20 15 
5 4 2 3 8 7 9 1 5 1 3 7 5 6 4 7 8 2 8 9 6 2 1 9 6 3 4 7 1 5 9 3 6 8 7 1 3 8 4 1 2 5 4 6 9 2 6 9 4 7 8 5 2 3 6 5 1 8 4 2 6 7 3 4 7 3 6 9 1 2 5 8 9 2 8 7 5 3 9 4 1 116 17 
5 4 2 3 8 7 1 9 6 1 3 7 5 6 9 4 8 2 8 9 6 2 1 4 3 7 5 7 1 5 9 3 6 8 2 4 3 8 4 1 2 5 7 6 9 6 2 9 4 7 8 5 3 1 9 5 1 8 4 2 6 7 3 4 7 3 6 9 1 2 5 8 2 6 8 7 5 3 9 4 1 3 10 
9 4 2 3 8 7 6 1 5 1 3 7 5 6 4 9 8 2 8 5 6 2 1 9 3 7 4 7 1 5 9 3 6 8 2 7 3 8 4 1 2 5 4 6 9 6 2 9 4 7 8 5 3 1 5 6 1 8 4 2 7 9 3 4 7 3 6 9 1 2 5 8 2 9 8 7 5 3 1 4 6 3 9 
9 4 2 3 8 7 6 1 5 1 3 7 5 6 4 9 8 2 8 5 6 2 1 9 4 3 7 7 1 5 9 3 6 8 2 4 3 8 4 1 2 5 7 6 9 2 6 9 4 7 8 5 3 1 5 7 8 8 4 2 1 9 3 4 2 3 6 9 1 7 5 8 6 9 1 7 5 3 2 4 6 5 14 
5 4 2 3 8 7 1 9 6 1 3 6 5 6 4 4 8 2 8 9 7 2 1 9 7 3 5 7 1 5 9 3 6 8 7 1 3 8 4 1 2 5 4 6 9 6 2 9 4 7 8 5 2 3 9 5 8 8 4 2 1 7 3 4 7 3 9 6 1 2 5 8 6 2 1 7 5 3 9 4 6 120 17 
5 4 2 3 8 7 9 1 6 1 3 6 5 6 9 7 8 2 8 9 7 2 1 4 4 3 5 2 7 5 9 3 6 8 7 4 3 8 4 1 2 5 2 6 9 6 1 9 4 7 8 5 3 1 5 1 7 8 4 2 6 9 3 4 2 3 6 9 1 7 5 8 9 6 8 7 5 3 2 4 1 13 14 
9 4 2 3 8 7 6 1 5 1 3 7 5 6 4 9 8 2 8 5 6 2 1 9 4 3 7 7 1 5 9 3 6 8 2 4 3 8 4 1 2 5 7 6 9 2 6 9 4 7 8 5 3 1 6 5 1 8 4 2 7 9 3 4 7 3 6 9 1 2 5 8 9 2 8 7 5 3 1 4 6 5 10 
9 4 2 3 8 7 6 1 5 1 3 7 5 6 9 4 8 2 8 5 6 2 1 4 3 9 7 7 1 5 9 3 6 8 2 4 3 8 4 1 2 5 7 6 9 2 6 9 4 7 8 5 3 1 5 9 8 8 4 2 1 7 3 4 7 3 6 9 1 2 5 8 6 2 1 7 5 3 9 4 6 3 9 
5 4 2 3 8 7 6 1 5 1 3 7 5 6 4 9 8 2 8 9 6 2 1 9 3 7 4 7 1 5 9 3 6 8 2 4 3 8 4 1 2 5 7 6 9 2 6 9 4 7 8 5 3 1 6 5 7 8 4 2 1 9 3 4 2 3 6 9 1 7 5 8 9 1 8 7 5 3 2 4 6 7 11 
5 4 2 3 8 7 9 1 6 1 3 6 5 6 4 7 8 2 8 9 7 2 1 9 4 3 5 7 1 5 9 3 6 8 2 4 3 8 4 1 2 5 7 6 9 2 6 9 4 7 8 5 3 1 6 5 1 8 4 2 9 7 3 4 7 3 6 9 1 2 5 8 9 2 8 7 5 3 1 4 6 7 10 
9 4 2 3 8 7 1 9 6 1 3 7 5 6 4 4 8 2 8 5 6 2 1 9 3 7 5 7 2 5 9 3 6 8 2 4 3 8 4 1 2 5 7 6 9 6 1 9 4 7 8 5 3 1 5 6 1 8 4 2 9 7 3 4 7 3 6 9 1 2 5 8 2 9 8 7 5 3 6 4 1 8 11 
5 4 2 3 8 7 1 9 5 1 3 7 5 6 9 6 8 2 8 9 6 2 1 4 7 3 4 7 1 5 9 3 6 8 2 7 3 8 4 1 2 5 4 6 9 2 6 9 4 7 8 5 3 1 9 5 6 8 4 2 1 7 3 4 7 3 6 9 1 9 5 8 2 1 8 7 5 3 2 4 6 13 14 
9 4 2 3 8 7 6 1 5 1 3 7 5 6 9 4 8 2 8 5 6 2 1 4 3 9 7 7 1 5 9 3 6 8 2 4 3 8 4 1 2 5 7 6 9 2 6 9 4 7 8 5 3 1 6 5 1 8 4 2 9 7 3 4 7 3 6 9 1 2 5 8 9 2 8 7 5 3 1 4 6 3 6 
5 4 2 3 8 7 9 1 6 1 3 7 5 6 9 4 8 2 8 9 6 2 1 4 3 7 5 7 1 5 9 3 6 8 2 4 3 8 4 1 2 5 7 6 9 2 6 9 4 7 8 5 3 1 6 5 1 8 4 2 7 9 3 4 7 3 6 9 1 2 5 8 9 2 8 7 5 3 6 4 1 3 6 
9 4 2 3 8 7 6 1 5 1 3 7 5 6 4 9 8 2 8 5 6 2 1 9 4 3 7 2 7 5 9 3 6 8 2 4 3 8 4 1 2 5 7 6 9 6 1 9 4 7 8 5 3 1 5 1 8 8 4 2 9 7 3 4 7 3 9 6 1 2 5 8 9 6 2 7 5 3 1 4 6 13 13 
5 4 2 3 8 7 1 9 6 1 3 7 5 6 9 4 8 2 8 9 6 2 1 4 3 7 5 7 1 5 9 3 6 8 2 4 3 8 4 1 2 5 7 6 9 6 2 9 4 7 8 5 3 1 6 5 7 8 4 2 9 1 3 4 2 3 6 9 1 7 5 8 9 1 8 7 5 3 2 4 6 7 10 
9 4 2 3 8 7 6 1 5 1 3 7 5 6 9 4 8 2 8 5 6 2 1 4 3 9 7 7 1 5 9 3 6 8 2 4 3 8 4 1 2 5 7 6 9 2 6 9 4 7 8 5 3 1 5 7 1 8 4 2 6 9 3 4 2 3 6 9 1 7 5 8 6 9 8 7 5 3 2 4 1 5 9 
5 4 2 3 8 7 6 9 1 1 3 7 5 6 9 4 8 2 8 9 6 2 1 4 3 7 5 7 1 5 9 3 6 8 2 4 3 8 4 1 2 5 7 6 9 6 2 9 4 7 8 5 3 1 5 6 8 8 4 2 7 1 3 4 7 3 6 9 1 2 5 8 2 9 1 7 5 3 9 4 6 7 10 
5 4 2 3 8 7 6 1 5 1 3 7 5 6 9 4 8 2 8 9 6 2 1 4 3 9 7 2 7 5 9 3 6 8 2 4 3 8 4 1 2 5 7 6 9 6 1 9 4 7 8 5 3 1 7 5 8 8 4 2 1 9 3 4 2 3 6 9 1 7 5 8 9 6 1 7 5 3 2 4 6 9 12 
9 4 2 3 8 7 1 9 5 1 3 7 5 6 4 4 8 2 8 5 6 2 1 9 3 7 6 2 7 5 9 3 6 8 2 4 3 8 4 1 2 5 7 6 9 6 1 9 4 7 8 5 3 1 7 5 8 8 4 2 9 7 3 4 2 3 6 9 1 6 5 8 6 9 1 7 5 3 2 4 1 14 12 
5 4 2 3 8 7 1 9 5 1 3 7 5 6 9 4 8 2 8 9 6 2 1 4 6 3 7 7 1 5 9 3 6 8 2 4 3 8 4 1 2 5 7 6 9 6 2 9 4 7 8 5 3 1 9 5 6 8 4 2 7 1 3 4 7 3 6 9 1 2 5 8 2 1 8 7 5 3 9 4 6 7 9 
5 4 2 3 8 7 1 9 6 1 3 7 5 6 9 4 8 2 8 9 6 2 1 4 7 3 5 2 7 5 9 3 6 8 2 4 3 8 4 1 2 5 7 6 9 6 1 9 4 7 8 5 3 1 6 5 1 8 4 2 9 7 3 4 7 3 6 9 1 2 5 8 9 2 8 7 5 3 6 4 1 8 10 
5 4 2 3 8 7 1 9 5 1 3 7 5 6 4 6 8 2 8 9 6 2 1 9 4 3 7 7 2 5 9 3 6 8 7 1 3 8 4 1 2 5 4 6 9 6 1 9 4 7 8 5 2 3 6 5 1 8 4 2 1 9 3 4 7 3 6 9 1 7 5 8 9 2 8 7 5 3 2 4 6 115 13 
9 4 2 3 8 7 6 9 1 1 3 6 5 6 9 7 8 2 8 5 7 2 1 4 4 3 5 7 1 5 9 3 6 8 1 7 3 8 4 1 2 5 4 6 9 6 2 9 4 7 8 5 2 3 7 5 6 8 4 2 1 7 3 4 2 3 6 9 1 2 5 8 9 1 8 7 5 3 9 4 6 120 13 
2 4 6 3 8 7 9 1 6 1 3 9 5 6 4 4 8 2 8 5 7 2 1 9 3 7 5 7 2 5 9 3 6 8 1 7 3 8 4 1 2 5 4 6 9 6 1 9 4 7 8 5 2 3 5 7 1 8 4 2 1 9 3 4 6 3 6 9 1 7 5 8 9 2 8 7 5 3 2 4 6 216 14 
9 4 2 3 8 7 1 9 5 1 3 7 5 6 4 6 8 2 8 5 6 2 1 9 3 7 4 7 1 5 9 3 6 8 2 4 3 8 4 1 2 5 7 6 9 6 2 9 4 7 8 5 3 1 5 9 1 8 4 2 6 7 3 4 7 3 6 9 1 2 5 8 2 6 8 7 5 3 9 4 1 7 9 
9 4 2 3 8 7 6 9 1 1 3 7 5 6 9 4 8 2 8 5 6 2 1 4 3 7 5 7 1 5 9 3 6 8 2 4 3 8 4 1 2 5 7 6 9 6 2 9 4 7 8 5 3 1 5 7 1 8 4 2 9 1 3 4 6 3 6 9 1 7 5 8 2 9 8 7 5 3 2 4 6 8 9 
9 4 2 3 8 7 6 1 5 1 3 7 5 6 4 9 8 2 8 5 6 2 1 9 4 3 7 7 1 5 9 3 6 8 2 4 3 8 4 1 2 5 7 6 9 6 2 9 4 7 8 5 3 1 5 6 1 8 4 2 7 9 3 4 7 3 6 9 1 2 5 8 2 9 8 7 5 3 1 4 6 3 5 
9 4 2 3 8 7 9 1 5 1 3 7 5 6 9 4 8 2 8 5 6 2 1 4 3 7 6 2 7 5 9 3 6 8 2 4 3 8 4 1 2 5 7 6 9 6 1 9 4 7 8 5 3 1 5 1 7 8 4 2 6 9 3 4 2 3 6 9 1 7 5 8 9 6 8 7 5 3 2 4 1 10 11 
9 4 2 3 8 7 9 1 6 1 3 7 5 6 9 4 8 2 8 5 6 2 1 4 3 7 5 7 1 5 9 3 6 8 2 4 3 8 4 1 2 5 7 6 9 6 2 9 4 7 8 5 3 1 5 6 1 8 4 2 7 9 3 4 7 3 6 9 1 2 5 8 2 9 8 7 5 3 6 4 1 5 8 
9 4 2 3 8 7 6 1 5 1 3 7 5 6 4 9 8 2 8 5 6 2 1 9 4 3 7 7 1 5 9 3 6 8 2 4 3 8 4 1 2 5 7 6 9 2 6 9 4 7 8 5 3 1 5 9 1 8 4 2 6 7 3 4 7 3 6 9 1 2 5 8 6 2 8 7 5 3 9 4 1 5 7 
9 4 2 3 8 7 1 9 5 1 3 7 5 6 9 4 8 2 8 5 6 2 1 4 3 7 6 7 1 5 9 3 6 8 2 4 3 8 4 1 2 5 7 6 9 2 6 9 4 7 8 5 3 1 5 6 1 8 4 2 9 7 3 4 7 3 6 9 1 2 5 8 9 2 8 7 5 3 6 4 1 7 8 
5 4 2 3 8 7 1 9 6 1 3 7 5 6 9 4 8 2 8 9 6 2 1 4 3 7 5 7 1 5 9 3 6 8 2 4 3 8 4 1 2 5 7 6 9 2 6 9 4 7 8 5 3 1 6 5 8 8 4 2 7 1 3 4 7 3 6 9 1 2 5 8 9 2 1 7 5 3 9 4 6 5 7 
5 4 2 3 8 7 6 1 5 1 3 7 5 6 9 4 8 2 8 9 6 2 1 4 3 9 7 7 1 5 9 3 6 8 2 4 3 8 4 1 2 5 7 6 9 6 2 9 4 7 8 5 3 1 9 5 1 8 4 2 1 7 3 4 7 3 6 9 1 2 5 8 2 6 8 7 5 3 9 4 6 5 7 
9 4 2 3 8 7 6 1 5 1 3 7 5 6 9 4 8 2 8 5 6 2 1 4 3 9 7 7 1 5 9 3 6 8 2 4 3 8 4 1 2 5 7 6 9 6 2 9 4 7 8 5 3 1 5 9 6 8 4 2 1 7 3 4 7 3 6 9 1 2 5 8 2 1 8 7 5 3 9 4 6 3 5 
9 4 2 3 8 7 9 1 5 1 3 6 5 6 4 7 8 2 8 5 7 2 1 9 6 3 4 7 1 5 9 3 6 8 2 7 3 8 4 1 2 5 4 6 9 2 6 9 4 7 8 5 3 1 5 6 1 8 4 2 7 9 3 4 7 3 6 9 1 2 5 8 9 2 8 7 5 3 1 4 6 9 10 
9 4 2 3 8 7 6 1 5 1 3 7 5 6 4 9 8 2 8 5 6 2 1 9 3 7 4 7 1 5 9 3 6 8 2 4 3 8 4 1 2 5 7 6 9 6 2 9 4 7 8 5 3 1 5 6 7 8 4 2 1 9 3 4 9 3 6 9 1 7 5 8 2 1 8 7 5 3 2 4 6 7 8 
9 4 2 3 8 7 9 1 6 1 3 7 5 6 9 4 8 2 8 5 6 2 1 4 3 7 5 7 1 5 9 3 6 8 2 4 3 8 4 1 2 5 7 6 9 2 6 9 4 7 8 5 3 1 5 7 8 8 4 2 1 9 3 4 2 3 6 9 1 7 5 8 6 9 1 7 5 3 2 4 6 7 8 
9 4 2 3 8 7 1 9 5 1 3 7 5 6 9 6 8 2 8 5 6 2 1 4 4 3 7 7 1 5 9 3 6 8 2 4 3 8 4 1 2 5 7 6 9 6 2 9 4 7 8 5 3 1 5 7 8 8 4 2 1 7 3 4 2 3 6 9 1 9 5 8 9 6 1 7 5 3 2 4 6 12 11 
9 4 2 3 8 7 1 9 5 1 3 6 5 6 9 7 8 2 8 5 7 2 1 4 4 3 6 7 2 5 9 3 6 8 2 4 3 8 4 1 2 5 7 6 9 6 1 9 4 7 8 5 3 1 5 9 1 8 4 2 6 7 3 4 7 3 6 9 1 2 5 8 2 6 8 7 5 3 9 4 1 9 10 
5 4 2 3 8 7 1 9 6 1 3 7 5 6 9 4 8 2 8 9 6 2 1 4 3 7 5 2 7 5 9 3 6 8 2 4 3 8 4 1 2 5 7 6 9 6 1 9 4 7 8 5 3 1 7 5 1 8 4 2 6 9 3 4 6 3 6 9 1 7 5 8 9 2 8 7 5 3 2 4 1 8 8 
5 4 2 3 8 7 6 1 5 1 3 7 5 6 9 4 8 2 8 9 6 2 1 4 3 9 7 7 1 5 9 3 6 8 2 7 3 8 4 1 2 5 4 6 9 6 2 9 4 7 8 5 3 1 5 6 7 8 4 2 1 9 3 4 2 3 6 9 1 7 5 8 9 1 8 7 5 3 2 4 6 12 10 
9 4 2 3 8 7 1 9 5 1 3 6 5 6 9 7 8 2 8 5 7 2 1 4 6 3 4 7 1 5 9 3 6 8 2 4 3 8 4 1 2 5 7 6 9 2 6 9 4 7 8 5 3 1 6 5 1 8 4 2 7 1 3 4 7 3 6 9 1 2 5 8 9 2 8 7 5 3 9 4 6 13 10 
5 4 2 3 8 7 6 1 5 1 3 7 5 6 4 9 8 2 8 9 6 2 1 9 3 7 4 7 1 5 9 3 6 8 2 7 3 8 4 1 2 5 4 6 9 2 6 9 4 7 8 5 3 1 6 5 1 8 4 2 7 9 3 4 7 3 6 9 1 2 5 8 9 2 8 7 5 3 1 4 6 5 7 
9 4 2 3 8 7 9 1 5 1 3 7 5 6 9 4 8 2 8 5 6 2 1 4 6 3 7 7 2 5 9 3 6 8 7 1 3 8 4 1 2 5 4 6 9 6 1 9 4 7 8 5 2 3 5 7 1 8 4 2 9 7 3 4 6 3 6 9 1 2 5 8 2 9 8 7 5 3 1 4 6 111 11 
5 4 2 3 8 7 6 9 1 1 3 7 5 6 9 4 8 2 8 9 6 2 1 4 3 7 5 7 1 5 9 3 6 8 2 4 3 8 4 1 2 5 7 6 9 2 6 9 4 7 8 5 3 1 5 7 6 8 4 2 9 1 3 4 2 3 6 9 1 7 5 8 9 1 8 7 5 3 2 4 6 6 7 
5 4 2 3 8 7 6 1 5 1 3 7 5 6 4 9 8 2 8 9 6 2 1 9 3 7 4 2 7 5 9 3 6 8 2 4 3 8 4 1 2 5 7 6 9 6 1 9 4 7 8 5 3 1 7 5 1 8 4 2 6 9 3 4 2 3 6 9 1 7 5 8 9 6 8 7 5 3 2 4 1 9 9 
5 4 2 3 8 7 1 9 6 1 3 7 5 6 4 4 8 2 8 9 6 2 1 9 3 7 5 7 1 5 9 3 6 8 2 4 3 8 4 1 2 5 7 6 9 2 6 9 4 7 8 5 3 1 7 5 8 8 4 2 9 1 3 4 2 3 6 9 1 7 5 8 6 9 1 7 5 3 2 4 6 9 9 
5 4 2 3 8 7 9 1 5 1 3 7 5 6 9 4 8 2 8 9 6 2 1 4 6 3 7 7 1 5 9 3 6 8 2 4 3 8 4 1 2 5 7 6 9 2 6 9 4 7 8 5 3 1 6 5 1 8 4 2 7 9 3 4 7 3 6 9 1 2 5 8 9 2 8 7 5 3 1 4 6 5 6 
9 4 2 3 8 7 6 1 5 1 3 6 5 6 4 7 8 2 8 5 7 2 1 9 3 9 4 7 1 5 9 3 6 8 2 7 3 8 4 1 2 5 4 6 9 6 2 9 4 7 8 5 3 1 5 6 1 8 4 2 9 7 3 4 7 3 6 9 1 2 5 8 2 9 8 7 5 3 1 4 6 5 6 
9 4 2 3 8 7 6 1 5 1 3 7 5 6 4 9 8 2 8 5 6 2 1 9 3 7 4 7 1 5 9 3 6 8 2 7 3 8 4 1 2 5 4 6 9 2 6 9 4 7 8 5 3 1 5 7 6 8 4 2 1 9 3 4 2 3 6 9 1 7 5 8 9 1 8 7 5 3 2 4 6 6 7 
5 4 2 3 8 7 1 9 6 1 3 7 5 6 9 4 8 2 8 9 6 2 1 4 3 7 5 7 1 5 9 3 6 8 2 4 3 8 4 1 2 5 7 6 9 2 6 9 4 7 8 5 3 1 6 5 1 8 4 2 9 7 3 4 7 3 6 9 1 2 5 8 9 2 8 7 5 3 6 4 1 3 4 
9 4 2 3 8 7 1 9 6 1 3 7 5 6 4 4 8 2 8 5 6 2 1 9 3 7 5 7 1 5 9 3 6 8 7 1 3 8 4 1 2 5 4 6 9 2 6 9 4 7 8 5 2 3 7 5 1 8 4 2 6 9 3 4 2 3 6 9 1 7 5 8 9 6 8 7 5 3 2 4 1 117 11 
5 4 2 3 8 7 1 9 6 1 3 7 5 6 9 4 8 2 8 9 6 2 1 4 3 7 5 7 1 5 9 3 6 8 2 4 3 8 4 1 2 5 7 6 9 2 6 9 4 7 8 5 3 1 9 5 1 8 4 2 6 7 3 4 7 3 6 9 1 2 5 8 6 2 8 7 5 3 9 4 1 3 4 
9 4 2 3 8 7 6 1 5 1 3 7 5 6 9 4 8 2 8 5 6 2 1 4 9 3 7 7 1 5 9 3 6 8 2 4 3 8 4 1 2 5 7 6 9 6 2 9 4 7 8 5 3 1 5 6 1 8 4 2 7 9 3 4 7 3 6 9 1 2 5 8 2 9 8 7 5 3 1 4 6 3 4 
9 4 2 3 8 7 1 9 5 1 3 7 5 6 4 6 8 2 8 5 6 2 1 9 3 7 4 7 1 5 9 3 6 8 2 4 3 8 4 1 2 5 7 6 9 2 6 9 4 7 8 5 3 1 5 9 8 8 4 2 7 1 3 4 7 3 6 9 1 2 5 8 6 2 1 7 5 3 9 4 6 7 7 
5 4 2 3 8 7 6 9 1 1 3 7 5 6 9 4 8 2 8 9 6 2 1 4 3 7 5 7 1 5 9 3 6 8 2 4 3 8 4 1 2 5 7 6 9 2 6 9 4 7 8 5 3 1 9 5 8 8 4 2 1 7 3 4 7 3 6 9 1 2 5 8 6 2 1 7 5 3 9 4 6 5 6 
5 4 2 3 8 7 6 9 1 1 3 7 5 6 9 4 8 2 8 9 6 2 1 4 7 3 5 7 1 5 9 3 6 8 2 4 3 8 4 1 2 5 7 6 9 6 2 9 4 7 8 5 3 1 5 6 1 8 4 2 9 7 3 4 7 3 6 9 1 2 5 8 9 2 8 7 5 3 1 4 6 6 6 
9 4 2 3 8 7 6 1 5 1 3 7 5 6 9 9 8 2 8 5 6 2 1 4 4 3 7 2 7 5 9 3 6 8 2 4 3 8 4 1 2 5 7 6 9 6 1 9 4 7 8 5 3 1 5 6 1 8 4 2 7 9 3 4 7 3 9 6 1 2 5 8 9 2 8 7 5 3 6 4 1 13 10 
9 4 2 3 8 7 6 1 5 1 3 7 5 6 9 4 8 2 8 5 6 2 1 4 3 9 7 7 1 5 9 3 6 8 2 4 3 8 4 1 2 5 7 6 9 6 2 9 4 7 8 5 3 1 5 7 1 8 4 2 1 9 3 4 6 3 6 9 1 7 5 8 2 9 8 7 5 3 2 4 6 6 6 
5 4 2 3 8 7 1 9 6 1 3 7 5 6 9 4 8 2 8 9 6 2 1 4 3 7 5 7 1 5 9 3 6 8 2 4 3 8 4 1 2 5 7 6 9 6 2 9 4 7 8 5 3 1 9 5 8 8 4 2 7 1 3 4 7 3 6 9 1 2 5 8 2 6 1 7 5 3 9 4 6 5 5 
9 4 2 3 8 7 1 9 5 1 3 7 5 6 9 4 8 2 8 5 6 2 1 4 6 3 7 7 1 5 9 3 6 8 2 4 3 8 4 1 2 5 7 6 9 6 2 9 4 7 8 5 3 1 5 9 1 8 4 2 9 7 3 4 7 3 6 9 1 2 5 8 2 6 8 7 5 3 1 4 6 7 6 
9 4 2 3 8 7 6 1 5 1 3 7 5 6 4 9 8 2 8 5 6 2 1 9 3 7 4 7 1 5 9 3 6 8 2 4 3 8 4 1 2 5 7 6 9 2 6 9 4 7 8 5 3 1 5 6 1 8 4 2 7 9 3 4 7 3 6 9 1 2 5 8 9 2 8 7 5 3 1 4 6 5 5 
9 4 2 3 8 7 9 1 5 1 3 7 5 6 4 6 8 2 8 5 6 2 1 9 3 7 4 7 1 5 9 3 6 8 2 7 3 8 4 1 2 5 4 6 9 2 6 9 4 7 8 5 3 1 5 7 8 8 4 2 1 9 3 4 2 3 6 9 1 7 5 8 6 9 1 7 5 3 2 4 6 7 6 
9 4 2 3 8 7 6 9 1 1 3 7 5 6 9 4 8 2 8 5 6 2 1 4 3 7 5 7 1 5 9 3 6 8 2 4 3 8 4 1 2 5 7 6 9 2 6 9 4 7 8 5 3 1 5 7 1 8 4 2 9 7 3 4 2 3 6 9 1 2 5 8 6 9 8 7 5 3 1 4 6 8 7 
5 4 2 3 8 7 1 9 6 1 3 7 5 6 9 4 8 2 8 9 6 2 1 4 3 7 5 7 1 5 9 3 6 8 2 4 3 8 4 1 2 5 7 6 9 6 2 9 4 7 8 5 3 1 6 5 8 8 4 2 9 7 3 4 7 3 6 9 1 2 5 8 2 9 1 7 5 3 6 4 1 7 6 
9 4 2 3 8 7 6 1 5 1 3 7 5 6 9 4 8 2 8 5 6 2 1 4 3 9 7 7 1 5 9 3 6 8 2 4 3 8 4 1 2 5 7 6 9 2 6 9 4 7 8 5 3 1 5 9 1 8 4 2 6 7 3 4 7 3 6 9 1 2 5 8 6 2 8 7 5 3 9 4 1 3 4 
5 4 2 3 8 7 9 1 6 1 3 7 5 6 9 4 8 2 8 9 6 2 1 4 7 3 5 7 2 5 9 3 6 8 2 4 3 8 4 1 2 5 7 6 9 6 1 9 4 7 8 5 3 1 9 5 8 8 4 2 1 7 3 4 7 3 6 9 1 2 5 8 2 6 1 7 5 3 9 4 6 9 8 
9 4 2 3 8 7 6 1 5 1 3 7 5 6 4 9 8 2 8 5 6 2 1 9 3 7 4 7 1 5 9 3 6 8 2 4 3 8 4 1 2 5 7 6 9 2 6 9 4 7 8 5 3 1 5 7 1 8 4 2 6 9 3 4 2 3 6 9 1 7 5 8 6 9 8 7 5 3 2 4 1 5 5 
5 4 2 3 8 7 9 1 6 1 3 7 5 6 9 4 8 2 8 9 6 2 1 4 3 7 5 2 7 5 9 3 6 8 2 4 3 8 4 1 2 5 7 6 9 6 1 9 4 7 8 5 3 1 7 5 8 8 4 2 6 9 3 4 2 3 9 6 1 7 5 8 9 6 1 7 5 3 2 4 1 9 8 
5 4 2 3 8 7 9 1 6 1 3 7 5 6 9 4 8 2 8 9 6 2 1 4 3 7 5 7 1 5 9 3 6 8 2 4 3 8 4 1 2 5 7 6 9 6 2 9 4 7 8 5 3 1 9 5 8 8 4 2 7 9 3 4 7 3 6 9 1 2 5 8 2 6 1 7 5 3 6 4 1 7 5 
5 4 2 3 8 7 6 9 1 1 3 6 5 6 4 7 8 2 8 9 7 2 1 9 4 3 5 7 1 5 9 3 6 8 2 4 3 8 4 1 2 5 7 6 9 2 6 9 4 7 8 5 3 1 6 5 7 8 4 2 1 7 3 4 2 3 6 9 1 9 5 8 9 1 8 7 5 3 2 4 6 10 9 
5 4 2 3 8 7 6 1 5 1 3 7 5 6 9 9 8 2 8 9 6 2 1 4 3 7 4 7 1 5 9 3 6 8 2 4 3 8 4 1 2 5 7 6 9 2 6 9 4 7 8 5 3 1 5 7 8 8 4 2 7 9 3 4 2 3 6 9 1 2 5 8 6 9 1 7 5 3 6 4 1 15 9 
9 4 2 3 8 7 6 1 5 1 3 7 5 6 9 9 8 2 8 5 6 2 1 4 3 7 4 7 2 5 9 3 6 8 2 4 3 8 4 1 2 5 7 6 9 6 1 9 4 7 8 5 3 1 5 7 1 8 4 2 7 9 3 4 6 3 6 9 1 2 5 8 2 9 8 7 5 3 1 4 6 9 8 
9 4 2 3 8 7 6 1 5 1 3 7 5 6 4 4 8 2 8 5 6 2 1 9 9 3 7 7 2 5 9 3 6 8 7 1 3 8 4 1 2 5 4 6 9 6 1 9 4 7 8 5 2 3 5 6 1 8 4 2 1 9 3 4 7 3 6 9 1 7 5 8 2 9 8 7 5 3 2 4 6 110 9 
9 4 2 3 8 7 6 1 5 1 3 7 5 6 9 4 8 2 8 5 6 2 1 4 3 9 7 7 1 5 9 3 6 8 2 4 3 8 4 1 2 5 7 6 9 6 2 9 4 7 8 5 3 1 5 6 8 8 4 2 1 7 3 4 7 3 6 9 1 2 5 8 2 9 1 7 5 3 9 4 6 3 4 
9 4 2 3 8 7 6 1 5 1 3 7 5 6 9 9 8 2 8 5 6 2 1 4 3 7 4 7 1 5 9 3 6 8 2 4 3 8 4 1 2 5 7 6 9 6 2 9 4 7 8 5 3 1 5 7 8 8 4 2 1 9 3 4 2 3 6 9 1 7 5 8 9 6 1 7 5 3 2 4 6 9 8 
9 4 2 3 8 7 6 1 5 1 3 7 5 6 9 4 8 2 8 5 6 2 1 4 3 9 7 7 1 5 9 3 6 8 2 4 3 8 4 1 2 5 7 6 9 6 2 9 4 7 8 5 3 1 5 9 1 8 4 2 6 7 3 4 7 3 6 9 1 2 5 8 2 6 8 7 5 3 9 4 1 3 4 
5 4 2 3 8 7 6 9 1 1 3 7 5 6 9 4 8 2 8 9 6 2 1 4 3 7 5 2 7 5 9 3 6 8 2 4 3 8 4 1 2 5 7 6 9 6 1 9 4 7 8 5 3 1 9 5 6 8 4 2 9 1 3 4 7 3 6 9 1 7 5 8 2 1 8 7 5 3 2 4 6 12 8 
5 4 2 3 8 7 9 1 6 1 3 7 5 6 9 4 8 2 8 9 6 2 1 4 3 7 5 7 1 5 9 3 6 8 2 4 3 8 4 1 2 5 7 6 9 6 2 9 4 7 8 5 3 1 5 6 1 8 4 2 7 9 3 4 7 3 6 9 1 2 5 8 9 2 8 7 5 3 6 4 1 5 4 
5 4 2 3 8 7 9 1 5 1 3 7 5 6 9 6 8 2 8 9 6 2 1 4 7 3 4 7 1 5 9 3 6 8 2 7 3 8 4 1 2 5 4 6 9 2 6 9 4 7 8 5 3 1 5 6 1 8 4 2 7 9 3 4 7 3 6 9 1 2 5 8 9 2 8 7 5 3 1 4 6 10 7 
5 4 2 3 8 7 1 9 6 1 3 7 5 6 9 4 8 2 8 9 6 2 1 4 3 7 5 2 7 5 9 3 6 8 2 4 3 8 4 1 2 5 7 6 9 6 1 9 4 7 8 5 3 1 5 1 8 8 4 2 9 7 3 4 7 3 6 9 1 2 5 8 9 6 2 7 5 3 6 4 1 11 7 
9 4 2 3 8 7 6 1 5 1 3 7 5 6 9 4 8 2 8 5 6 2 1 4 9 3 7 2 7 5 9 3 6 8 2 4 3 8 4 1 2 5 7 6 9 6 1 9 4 7 8 5 3 1 5 9 1 8 4 2 6 7 3 4 7 3 6 9 1 2 5 8 6 2 8 7 5 3 9 4 1 9 6 
5 4 2 3 8 7 6 1 5 1 3 7 5 6 9 4 8 2 8 9 6 2 1 4 3 9 7 2 7 5 9 3 6 8 2 4 3 8 4 1 2 5 7 6 9 6 1 9 4 7 8 5 3 1 5 1 7 8 4 2 1 7 3 4 2 3 6 9 1 2 5 8 9 6 8 7 5 3 9 4 6 13 7 
9 4 2 3 8 7 9 1 6 1 3 7 5 6 9 7 8 2 8 5 6 2 1 4 4 3 5 2 7 5 9 3 6 8 2 4 3 8 4 1 2 5 7 6 9 6 1 9 4 7 8 5 3 1 5 7 8 8 4 2 1 7 3 4 2 3 9 6 1 2 5 8 6 9 1 7 5 3 9 4 6 20 7 
9 4 2 3 8 7 6 1 5 1 3 7 5 6 9 4 8 2 8 5 6 2 1 4 9 3 7 7 1 5 9 3 6 8 2 4 3 8 4 1 2 5 7 6 9 2 6 9 4 7 8 5 3 1 5 7 1 8 4 2 1 9 3 4 2 3 6 9 1 7 5 8 6 9 8 7 5 3 2 4 6 5 4 

