23.489213 33.178359 54.012135 46.285749 9.012282 33.559997 14.540607 24.293213 -0.198248 4.430678 4.432451 5.862378 5.862443 2.845341 2.845591 37.717835
25.290117 18.272893 60.000000 40.547389 21.194767 19.410366 16.773214 56.120497 4.716279 1.009619 1.202041 1.469496 1.780605 2.196719 2.707695 3.276179
56.578281 8.442784 19.399417 52.754642 9.945739 23.819588 36.011959 14.768643 2.407932 3.576430 3.992695 4.350957 -1.583135 -1.193047 -0.418447 0.510152
34.366426 11.927793 50.507633 59.688110 24.875666 4.210902 30.351575 53.288876 5.487238 5.749568 6.104565 6.382038 0.383843 0.748080 1.410817 0.447800
-5.778585 35.394111 60.000000 51.254651 22.154946 36.292402 23.702299 33.852791 1.874854 4.761692 4.761951 4.762057 3.253820 3.254388 3.254410 100.054109
57.013762 13.232326 29.039341 57.794099 16.714245 13.681858 8.362510 52.833823 5.810546 5.491839 6.266564 6.661985 0.759451 1.193899 1.709963 0.585074
36.912440 13.840257 51.995816 39.885955 33.819614 3.307077 33.097698 60.000000 4.975844 0.254292 0.498869 0.752597 1.037755 1.422228 2.134710 1.048433
23.769059 8.155801 45.122262 40.236156 44.393039 14.423608 60.000000 59.549636 4.507767 5.987664 6.259970 0.221201 0.484558 0.780474 1.171530 9.545933
55.996129 11.860317 26.684302 56.960179 30.735369 9.883953 3.142643 60.000000 3.639357 1.777056 2.371918 2.801740 3.226991 3.703440 4.307876 0.007800
10.310517 26.577883 36.362752 39.837300 10.203857 38.940148 3.978671 31.610635 -0.213153 1.772845 2.040273 2.444664 2.914052 4.759534 -1.121078 5.062616
15.726806 7.456284 55.062359 55.978793 22.277132 0.000000 39.562530 22.631995 1.287444 3.561897 3.562178 6.049115 -0.011288 0.241899 0.854029 14.584605
21.111916 12.330431 43.734630 51.280183 7.284276 4.375421 16.734017 40.944658 5.660887 5.476741 6.052551 6.301330 0.351997 0.983660 1.533298 4.844105
-5.981631 24.873390 49.231221 40.492049 20.798958 27.211517 12.261317 32.409118 3.596572 4.134502 4.363274 4.937923 0.010595 1.109779 1.487140 28.761627
-5.996969 32.659076 36.937301 30.627833 10.601663 32.572396 15.812293 33.148760 -0.271712 0.423411 0.761471 1.471566 2.366866 2.925727 3.175487 16.717697
59.754597 12.538899 28.741326 60.000000 31.464858 0.000000 13.547018 2.174858 2.658549 1.850972 2.876022 3.368934 3.779699 4.182911 5.319232 0.079891
-5.996544 10.254670 49.364272 55.789552 4.615488 9.045193 17.344841 34.807268 6.403283 3.768532 3.843041 4.112653 4.887379 -0.312851 0.185940 21.565675
25.886380 32.040948 39.300891 53.252867 3.014446 34.955568 23.245395 31.444094 2.137798 6.758227 0.494538 3.728800 3.977897 4.227916 4.429552 9.137535
51.244986 7.934042 18.816727 46.317831 15.475023 24.546734 39.947711 14.039213 2.522798 3.480941 3.949506 4.310429 4.664746 -1.231933 -0.605106 0.437511
7.338169 3.571376 19.925464 23.824471 5.846546 15.226485 33.166259 33.488181 -0.053372 4.993984 4.994950 0.437851 0.601271 0.856780 1.365351 13.806806
32.257670 7.954239 14.683331 39.311833 17.443938 0.000000 9.987780 43.499083 3.543262 1.486315 2.587294 3.219542 3.922044 4.773826 5.619431 0.279500
60.000000 13.444656 18.959691 59.988395 25.633418 2.166264 23.654493 7.078597 2.878591 8.943586 3.300515 3.657340 3.963697 4.291184 4.736883 0.225280
4.635361 3.689135 50.161954 51.605701 8.233248 40.939615 60.000000 45.541457 3.646062 5.725391 5.791593 5.849968 5.897039 2.868440 2.868960 50.076733
59.812138 15.985048 30.621313 48.436680 33.308931 5.311042 5.821276 55.267279 5.973993 6.513575 0.518043 0.864444 1.275456 1.777493 2.921889 1.824201
55.225593 9.250528 38.235186 59.761360 44.201254 18.675918 53.756187 0.000000 0.636062 4.742645 5.933736 6.282427 0.308036 0.642871 1.130887 0.086633
16.414357 8.160909 40.651023 43.828808 36.552740 0.000000 55.885987 48.011878 4.907993 5.151378 5.721391 5.909920 6.054885 -0.100791 3.001309 2.190481
26.690377 10.796875 15.221061 28.531107 20.862092 18.993236 34.096497 9.489019 2.558609 2.778608 3.840163 4.216228 4.540420 4.878974 -1.069938 1.788011
26.806719 13.008241 60.000000 55.926650 38.870064 4.665262 60.000000 54.369967 4.486607 5.652897 6.109227 6.286293 6.428618 4.040048 4.040069 13.395469
59.765403 7.755149 23.328079 49.946243 9.886323 40.190559 54.863228 12.695089 0.370621 4.801584 6.431549 0.460568 0.755735 1.095318 2.643184 2.734352
60.000000 10.627773 31.592354 40.491561 12.959311 26.005846 5.891728 57.290458 3.492781 1.634652 2.453222 2.933954 3.424388 3.888491 5.251993 2.365897
60.000000 8.343730 28.317151 55.939098 23.730911 37.271208 51.304010 2.755211 2.558791 3.343140 3.936509 4.337690 7.450042 -1.166598 -0.585798 0.503202
10.219569 6.635060 60.000000 53.981109 12.412229 5.040545 27.765890 27.046409 1.517627 4.060502 5.060721 5.438856 5.624273 5.687166 0.821166 3.836816
31.988457 9.141794 17.148298 36.031323 24.860996 10.326724 0.000000 48.136741 3.731778 8.386477 2.714566 3.210931 3.688780 4.170874 4.676439 0.139028
55.522789 11.343181 16.891611 60.000000 18.099577 0.000000 13.868381 17.476011 2.863813 6.938416 8.503945 2.940350 3.427417 3.865735 5.147940 0.082801
3.956449 8.763654 44.442389 51.740145 0.861286 13.858657 0.000000 30.794779 3.179346 2.073727 2.361755 2.706611 3.011653 3.301188 3.523432 14.802155
27.534766 12.994782 42.075498 41.145442 9.646286 25.677857 18.466517 58.835381 4.729699 5.872331 -0.838395 1.304514 1.600522 3.944612 3.944646 18.618445
10.652651 3.857280 39.230164 40.076872 16.397260 34.408076 55.289061 38.440864 0.613593 4.203725 4.203765 -0.083775 0.099526 0.295945 0.543439 18.386156
47.937142 9.971059 22.158331 44.297033 11.714349 23.658322 33.662551 11.463933 2.303559 3.714560 4.095628 4.436694 4.769207 5.142979 -0.482138 0.610871
13.507368 54.111572 48.267968 46.381999 18.991774 42.444428 13.130423 26.201947 1.361460 4.460659 4.687986 5.037032 6.560564 0.643672 0.895675 4.417029
47.218007 7.353142 17.068789 46.920148 14.205520 23.388206 39.890086 18.257959 6.408810 5.790904 6.351898 6.681575 0.706949 1.039588 1.524651 0.165234
34.951664 6.949196 19.012377 48.029965 12.515718 2.406279 26.864213 26.864624 0.033443 5.644710 5.644721 0.500441 0.667669 0.958775 1.642581 12.652435
30.782568 4.497458 15.697629 36.353158 29.312927 23.237998 53.873726 19.334495 0.390305 5.295403 6.525351 0.570221 0.890593 1.266069 1.967410 0.933392
36.171015 28.598026 35.300814 55.508685 16.712909 23.628876 11.156946 37.948730 0.163179 3.828472 3.828745 3.828863 1.038384 1.456935 1.889833 55.566332
21.622414 11.855927 60.000000 43.107806 51.928238 0.000000 59.231332 54.301401 4.496474 4.140880 1.030345 1.125497 1.263626 1.483624 2.134950 1.984433
22.934340 14.299662 39.712350 54.219740 16.815788 15.628188 11.469266 22.907068 2.462451 0.765334 1.027621 2.277120 2.950842 3.432029 3.808807 1.783529
22.510506 14.034906 60.000000 59.981967 16.305694 15.591778 34.363240 54.600079 4.693645 6.128532 6.288677 -1.410182 0.467420 0.695112 3.743716 9.347401
21.013198 8.616986 24.507389 35.046767 7.516029 10.874133 24.490153 26.370828 6.174726 6.058370 0.102060 0.323505 0.545411 0.828826 1.294795 0.367139
32.244893 11.133205 17.834882 28.704140 16.884852 12.566056 8.352676 50.115041 3.681408 1.508406 2.215012 2.682021 3.150014 3.699371 4.329845 0.452263
59.960636 8.232223 22.391674 59.450021 6.158938 25.983240 32.180075 8.296271 5.759006 6.422713 6.712437 6.991726 2.910845 2.911655 2.912810 58.293134
59.323436 14.365430 14.404165 60.000000 25.180040 11.493953 33.959110 16.429875 2.916780 2.237593 2.237859 3.791776 3.971365 4.156028 -1.937653 12.803290
24.065905 17.612295 60.000000 54.816921 5.184244 0.000000 8.239021 26.742156 0.866165 4.918787 5.207802 5.506439 5.768119 5.990676 -0.038708 2.858329
45.821756 9.406587 16.195799 41.174613 20.685160 10.322702 32.388876 15.109964 2.745192 3.158064 3.656575 4.004190 4.337790 4.706368 -1.003891 0.577666
-2.045794 41.023110 8.082942 39.525919 0.000000 57.985521 4.272274 34.745090 6.382770 1.510176 2.072594 2.614622 2.942395 3.228410 3.408136 5.584701
59.781123 14.525869 30.613647 59.341433 18.881011 19.049181 2.635197 53.300241 -0.433483 5.024439 6.605475 6.952400 7.296285 1.384348 1.817221 0.690818
22.108908 9.907357 10.652736 24.274211 13.036142 0.000000 16.717146 22.478577 2.660457 0.737201 1.984702 3.203352 3.739453 4.212018 5.225476 0.134877
28.287675 10.897183 13.957361 33.002700 17.106246 0.000000 12.552736 17.944788 2.637693 1.607044 2.514844 3.179266 3.670572 4.131788 4.955740 0.083604
20.331287 8.118738 49.259271 42.635058 31.248253 0.046846 46.102718 49.718210 4.651142 5.436069 6.372102 6.610604 0.565691 0.834275 2.918353 1.574699
18.196385 4.692201 16.805673 30.773858 16.168803 2.877814 8.619027 26.531276 2.690945 6.672162 0.640980 1.478743 2.412559 3.274555 4.864881 2.915760
35.261378 44.800302 58.713513 60.000000 25.571019 39.821503 23.149064 29.196210 2.509995 0.118553 3.255602 3.452671 3.695216 3.906873 4.070481 7.600304
25.979432 11.981524 33.632493 46.489445 22.413561 19.989664 9.257038 5.460845 2.096967 2.073888 3.171687 3.710903 4.152168 4.572661 -1.153013 0.367061
35.601249 39.094401 21.287742 60.000000 43.172186 31.202512 30.086226 11.203231 2.652542 2.995636 3.351469 3.534237 3.678568 3.803388 3.915933 2.233896
38.066706 44.103498 59.102166 55.398485 30.594893 30.002921 17.989311 22.671046 2.579326 3.146797 3.355859 3.554168 3.756521 0.136479 0.205437 6.765123
18.808843 6.665339 49.623582 56.052067 26.893803 10.699710 43.228525 23.477475 0.610510 5.059278 5.962000 6.243266 0.184646 0.415353 0.700698 0.684913
25.610350 21.778912 18.981700 37.442795 15.030979 22.247796 20.610403 14.032134 2.184872 3.613617 3.860021 4.091341 4.301492 4.499621 4.690025 3.532318
20.393618 33.829800 58.553067 57.406767 24.150845 23.280429 18.864084 34.025396 3.258980 6.414338 0.232865 0.375458 2.346333 2.841721 3.178921 2.997958
18.452372 12.747353 11.731494 26.301019 19.475191 8.622404 0.262667 47.633093 3.815419 1.670967 2.257193 2.645962 3.021103 3.372886 3.704627 0.141773
12.460096 36.805263 47.464470 36.679076 35.411445 29.655264 10.373876 28.081994 1.157978 0.770024 0.979753 1.453360 2.015228 3.955840 -1.932727 10.819155
45.543332 18.759116 47.578422 60.000000 22.984698 28.155222 8.271878 59.511032 5.561023 4.540321 4.540459 1.079137 1.388327 1.819889 2.407911 15.678241
59.785008 8.962346 12.367301 58.484249 11.210072 11.875936 27.783118 20.837792 6.338511 5.834853 6.413362 6.728662 0.737886 1.066950 1.695820 0.451892
7.689038 37.575485 45.060390 60.000000 0.583162 42.796797 15.501637 28.184004 6.333980 1.313422 1.422412 3.264841 3.265480 5.726638 -0.505114 35.966301
24.724991 7.700806 42.024592 49.324978 38.884144 5.286600 55.590769 14.196303 1.011947 3.698522 3.698618 6.426709 0.370582 0.652175 1.368365 12.945199
32.320407 10.751090 13.007877 31.723974 14.118932 5.227061 15.655715 45.664817 3.503684 1.342239 2.161308 2.604561 3.054612 3.818217 5.765769 0.456498
29.516394 19.201942 22.632579 29.320279 19.825287 4.412902 20.363586 44.614022 5.687165 4.365522 0.079270 0.240144 0.508059 2.967905 2.967987 14.261974
22.312233 17.259753 17.059398 32.310786 14.606069 0.000000 2.324417 47.435859 4.089748 7.595540 1.690056 2.018659 2.319710 2.616036 2.903960 7.573232
59.886332 5.602766 5.841134 59.990261 2.697730 11.355546 28.704856 29.389972 2.885355 2.273500 2.273854 4.113303 4.430784 4.829216 -0.856234 17.218481
25.791772 19.788347 28.401281 27.312743 25.852669 0.000000 23.240251 49.153792 5.697643 4.027239 4.027344 0.305363 0.454509 0.741969 1.695089 13.536625
27.084769 33.677756 60.000000 31.762827 20.661293 0.000000 6.790138 25.296950 7.586518 4.521717 4.720726 4.923496 5.096515 5.231424 5.323762 2.574197
16.026547 10.530164 54.986072 48.278648 5.845888 11.898946 21.857295 18.970885 1.385624 2.801013 2.801065 7.972373 -0.679528 0.376680 0.377255 25.504380
8.899405 12.977394 16.054152 26.512679 12.199998 21.730489 9.333560 13.955273 1.633468 2.586993 3.253583 3.878635 4.342359 4.742892 5.107028 1.783254
32.283502 13.020040 25.562549 27.870834 16.378867 4.478444 15.542144 49.619988 5.480378 5.717701 6.359425 0.435656 0.817704 1.298694 1.982920 1.053145
58.239393 16.254642 27.108059 53.591841 36.759073 13.078252 33.532445 0.000000 2.633373 2.117200 3.648750 3.901331 4.137625 4.371286 4.622338 0.115833
-5.997040 34.300914 41.101685 50.297252 9.964412 43.871909 10.491047 29.918639 3.321393 4.895245 5.198070 -0.441227 0.687698 1.508528 1.859952 13.947610
10.832709 2.215272 47.181348 56.697796 21.264275 24.479441 51.301042 38.740745 5.156550 4.623609 5.011234 5.248754 -0.893887 1.120382 1.120587 26.322913
0.981276 37.198176 41.069794 43.350603 26.964610 25.577683 7.214377 31.428640 1.323545 2.862075 3.120153 3.468224 3.867916 4.211184 -1.838890 24.230918
59.993682 17.211159 22.568139 58.381534 23.496219 4.106897 24.237169 15.440053 2.943475 2.565326 3.217589 3.520682 3.762451 6.107392 6.107605 13.268770
46.467307 12.200882 38.519367 50.773309 17.983138 23.170117 5.867087 59.075608 5.515691 5.985212 6.648300 0.786904 1.193016 1.653091 2.262216 1.808197
58.713248 14.716567 29.317663 60.000000 22.824284 26.444144 0.000000 54.000364 5.820012 4.523817 4.523822 7.512369 1.554931 1.976009 2.577889 15.139639
-5.989597 18.937783 46.188787 31.361271 9.179952 18.245037 6.811304 41.381623 2.379182 3.833877 4.076113 4.381612 4.735500 5.137165 5.486034 7.643094
19.169776 19.480840 25.091542 30.905679 0.000000 21.341530 20.243844 35.425591 2.909230 3.046922 3.344638 3.825083 4.144616 6.610303 6.645888 12.154777
11.797526 31.933069 47.513561 60.000000 0.083669 33.990753 27.345525 36.849408 2.752100 6.306464 6.341371 2.596681 2.596799 4.279206 4.408549 35.843936
13.352984 5.500226 22.404710 28.442561 13.069951 10.999464 31.805800 26.471459 0.229800 5.557890 6.254750 6.508298 0.460488 0.749834 1.473989 0.370198
37.712769 7.228174 15.889047 29.075837 4.720236 19.585323 32.909485 22.608102 2.024146 3.830622 4.164909 4.514949 4.863998 5.266353 -0.392303 1.332785
-5.983021 32.823561 29.009275 47.119361 13.282672 23.950200 8.876019 32.137030 6.053579 4.665892 4.990303 5.393778 -0.471229 -0.119349 0.138955 11.179279
23.066183 12.113876 31.029961 28.644165 10.885736 14.887547 14.370482 50.197206 5.032365 6.234542 -0.834213 1.011782 1.419801 1.999889 2.756482 6.143356
22.493667 32.880175 45.681860 52.396251 6.054264 32.675845 0.678073 32.953651 5.554683 1.391611 1.582631 1.849347 2.138125 2.341150 0.043972 11.250053
42.354686 10.323159 28.063155 60.000000 14.722508 2.039628 24.832953 45.104665 6.069461 4.781880 5.470162 5.753440 -0.313842 -0.113555 0.766943 0.852832
26.269964 12.975148 22.678865 30.050179 12.619848 3.330376 18.162957 45.733987 5.631609 5.290866 6.103151 6.369594 6.681644 0.857523 1.623924 1.184192
12.045966 38.455241 34.413538 49.390198 5.237249 44.827264 5.092850 25.415715 6.289470 1.551179 1.743507 4.792141 5.053305 5.397092 5.638659 11.023922
24.169431 12.550995 55.721704 47.837983 20.340957 32.946568 2.287415 0.000000 0.875170 2.681926 4.250789 4.751563 5.148656 5.519793 5.984571 1.940539
-5.996772 22.351053 34.071390 46.883546 0.000000 13.404290 12.205576 36.647122 1.391882 3.075247 3.299898 3.787276 4.571871 5.292672 5.682159 17.546574
28.420634 12.955531 50.461304 44.859782 24.028889 14.678838 5.750784 7.964603 1.589647 3.261191 3.737700 4.217920 6.943734 -1.277616 0.081250 7.446115
29.810541 8.889684 50.570899 41.568820 34.653848 2.929273 42.692720 7.769873 1.333422 4.342603 5.153406 5.545175 5.864324 -0.098489 0.843475 0.210038
27.206382 12.994333 60.000000 35.366444 4.850485 20.073781 10.502464 51.931234 4.112764 1.145995 1.684963 2.041371 2.437554 2.937579 3.428925 8.147707
24.730718 12.332097 60.000000 49.440027 3.880194 23.940345 8.399290 54.584376 4.690044 6.843675 7.466263 1.566543 1.962658 2.469939 3.025790 6.098982
28.011568 6.740795 24.354746 29.017675 0.000000 39.030777 52.973506 12.724213 2.210556 3.126076 4.527343 4.977877 5.368192 7.421656 0.111412 2.516077
42.136137 13.358076 14.077388 44.126504 15.479590 0.000000 16.730274 48.944827 3.499971 7.585384 1.966623 2.325539 2.656010 3.019102 3.629477 1.469459
60.000000 11.040913 11.370148 59.682134 7.157839 4.837388 14.773543 39.471077 6.067642 5.161917 5.842141 -0.090135 0.417277 1.221962 1.927153 4.349456
13.692736 3.735321 28.024969 26.706658 0.744590 39.463076 55.462796 24.740193 6.485255 5.613570 5.970534 -0.034909 0.248017 0.576378 1.322127 1.042577
-5.999421 36.368474 32.971263 42.403333 11.979432 24.545734 12.204756 36.433773 1.469847 2.869874 3.120580 3.614042 4.502271 5.295876 5.678560 21.294627
25.888119 3.807153 5.860875 25.292846 4.340940 19.048778 2.673463 36.805493 3.327449 2.208954 3.660678 4.066877 4.506121 4.959518 -0.899835 7.245172
48.925425 9.471383 14.609380 60.000000 14.385883 3.037092 10.834641 23.031599 2.919015 7.576733 1.786819 2.477740 3.069426 3.597234 4.750642 0.057158
9.874232 32.340464 43.563181 53.450405 0.000000 44.760634 4.102911 31.938518 5.524724 2.189670 2.509067 2.956262 4.986042 5.438054 -0.616445 5.901935
10.009694 9.842813 46.813958 60.000000 6.813145 2.006034 9.793638 32.127227 3.459902 1.452787 1.611029 1.988511 2.484243 2.929937 -3.026056 13.646592
59.690707 13.758865 15.559551 58.658592 0.672750 14.003733 0.000000 38.537764 6.055743 5.581179 6.468207 6.779964 0.771703 1.058322 1.306488 2.129274
-5.992130 39.827896 37.891426 50.342322 0.000000 48.829176 12.396840 36.475118 0.913920 6.183843 0.213724 1.024513 2.314603 2.833697 3.060833 15.354786
-5.903159 5.896965 14.512858 21.561072 9.506442 11.573333 9.848670 27.412399 5.204365 4.710681 5.022522 -0.717286 0.002047 0.730079 1.685227 3.276537
37.277626 12.980979 22.156497 40.101241 21.689882 0.000000 12.095163 12.876251 2.565161 2.121322 2.882033 3.372826 6.062821 -2.106058 -1.664897 3.613226
33.862687 12.722010 38.496934 51.405435 2.635008 31.951105 1.840445 55.920579 5.347631 5.204859 5.204871 1.429104 1.747881 2.193529 2.858595 16.659303
31.965280 16.358756 59.965052 50.517372 0.000000 13.110529 46.509311 28.279623 6.403716 3.530039 3.530169 3.530231 2.770002 2.770164 2.770185 100.072667
34.261840 11.908290 20.102804 42.770519 24.481730 0.000000 5.585698 53.460608 3.720691 1.455915 2.201821 2.632444 3.055533 3.528951 -2.200561 0.118815
33.315015 27.255655 29.939965 39.932800 35.898241 0.323236 9.675067 23.962977 2.492709 1.040713 1.501193 2.078203 2.654317 3.043612 3.331706 0.463084
11.621446 35.553310 41.187989 50.895392 19.067294 46.579445 4.995356 19.880212 0.683400 2.087010 2.512333 3.813062 4.254797 4.601694 4.851746 4.029832
54.085863 7.605609 18.536332 44.713951 0.000000 26.434236 39.109360 19.519469 0.111280 5.622616 6.255159 0.354825 0.694243 1.063883 2.773677 1.429053
23.493347 13.380455 55.115117 52.816804 0.000000 12.486751 14.386063 19.374685 1.217590 4.242582 4.607952 5.068568 5.454983 -0.466893 0.216470 6.640724
58.057491 11.871544 14.188015 59.717982 15.036146 0.047730 17.056965 46.882120 3.402158 1.370867 2.139064 2.527494 2.905799 3.412406 5.993658 0.270904
-5.996555 27.282322 59.500879 59.133761 0.000000 35.501185 13.361762 36.104807 1.264658 5.721963 6.030549 6.762359 1.588967 2.330879 2.590738 23.763194
