GSM2-184.ctr |F|=39 1 37 0 18 18 12 36 9 22 16 31 8 3 4 3 12 17 29 36 5 36 5 36 38 33 14 11 4 11 13 19 12 12 19 31 30 21 28 29 32 33 21 29 37 25 32 10 4 12 35 37 37 29 35 36 23 38 8 16 10 22 35 22 23 5 14 14 26 4 32 19 37 14 38 24 29 31 23 33 32 8 20 31 37 16 28 11 15 26 27 25 37 24 37 21 18 12 24 5 5 18 13 32 32 12 17 22 33 30 5 26 38 26 7 26 31 25 37 36 12 14 11 10 27 9 20 6 22 5 0 16 23 14 9 6 15 16 17 9 35 12 25 34 38 21 10 19 7 8 16 19 12 28 18 0 26 38 35 37 5 35 15 17 10 24 23 15 29 30 13 25 3 27 10 30 10 20 10 17 18 27 26 30 5 Cmin= 1200004920 

GSM2-184.ctr |F|=39 0 33 35 20 25 29 8 20 33 2 29 17 36 6 3 0 38 29 17 22 6 12 14 7 29 8 24 36 23 5 1 23 27 25 33 13 5 2 33 38 32 12 16 29 7 19 30 34 9 36 17 4 37 32 11 27 29 24 13 13 29 3 37 17 29 31 30 34 22 13 33 16 14 0 34 10 8 14 6 7 1 12 11 38 5 12 16 24 36 29 37 16 33 24 33 12 5 14 7 17 16 29 33 31 18 28 30 27 32 36 34 33 10 34 32 4 35 37 28 22 28 16 38 11 29 21 23 35 35 19 13 13 37 35 33 17 13 24 33 6 22 17 28 21 1 11 14 37 9 4 20 37 9 8 37 38 29 10 23 26 29 25 28 17 21 22 23 24 7 17 30 18 34 9 28 35 20 4 22 29 36 31 17 6 Cmin= 900041184 

GSM2-184.ctr |F|=39 37 33 38 25 11 23 23 4 27 30 8 13 35 30 11 11 2 7 20 15 28 15 35 17 32 31 34 16 29 17 24 27 0 24 13 11 36 25 4 25 16 12 38 1 31 38 2 34 34 22 10 12 26 34 29 8 15 13 24 5 19 10 21 8 34 23 20 20 10 13 6 15 26 33 17 7 32 8 2 27 30 1 0 6 24 18 15 1 32 0 34 1 10 17 10 33 1 19 15 0 32 10 16 8 5 33 16 37 2 7 15 21 37 15 16 22 23 31 23 5 21 19 6 20 25 5 4 15 24 8 16 7 18 32 15 23 15 20 11 6 28 26 27 26 30 32 9 14 25 22 8 7 30 15 16 16 9 20 20 34 28 36 30 8 18 6 20 33 27 31 0 5 7 16 20 27 10 18 2 24 29 0 20 20 Cmin= 1700103818 

GSM2-184.ctr |F|=39 38 25 19 12 6 9 31 11 20 31 35 15 9 23 34 14 36 24 12 30 33 1 12 13 33 4 17 37 31 8 10 30 23 29 3 29 27 24 29 9 5 25 13 14 37 36 17 35 22 30 26 16 20 0 18 14 32 35 13 24 33 23 5 17 3 8 35 30 21 25 28 26 11 2 1 10 0 19 34 11 38 21 16 19 10 24 22 4 9 35 17 3 9 22 20 12 20 5 31 2 30 10 29 31 12 19 30 1 27 25 1 26 7 7 34 7 31 7 11 1 3 17 5 1 1 14 13 21 20 34 23 0 5 2 20 6 22 11 36 10 25 26 26 22 33 10 29 25 17 29 16 10 7 10 11 8 24 14 18 33 9 3 23 3 33 4 37 16 5 34 16 30 22 3 13 5 13 31 20 20 21 36 30 18 Cmin= 700038744 

GSM2-184.ctr |F|=39 0 17 7 22 16 11 31 30 26 33 20 14 5 34 10 6 26 9 9 33 30 18 18 23 35 12 1 34 34 5 36 23 12 5 6 28 5 27 8 31 21 29 34 16 24 33 11 0 3 20 23 22 27 2 6 24 15 35 8 10 30 34 33 3 28 29 20 33 17 28 14 27 7 37 4 21 31 4 10 34 14 33 17 2 36 12 15 12 36 13 11 16 8 5 19 36 34 28 19 12 7 33 29 14 31 22 35 23 27 7 7 2 29 13 32 26 14 9 27 11 22 38 28 19 5 36 16 28 26 35 30 33 18 20 36 10 3 33 22 30 29 29 32 8 31 26 35 6 24 12 17 35 12 6 15 6 32 20 34 19 5 25 2 23 6 38 22 10 21 33 29 0 23 23 9 4 38 33 10 12 6 27 8 7 Cmin= 1000085524 

GSM2-184.ctr |F|=39 38 33 22 3 5 22 14 17 3 27 5 8 32 24 22 28 3 12 3 5 4 3 28 27 33 33 7 5 33 36 14 32 30 36 24 35 19 0 3 22 27 8 20 9 21 3 37 13 4 29 18 8 33 7 24 16 29 21 22 24 18 25 6 38 22 31 23 30 31 26 2 8 24 22 17 34 14 4 9 18 33 16 15 16 24 1 33 14 11 5 27 18 30 34 6 13 15 30 4 35 6 34 4 19 18 10 15 32 14 13 1 36 29 16 14 3 6 8 18 6 2 34 25 32 18 31 34 33 11 27 29 7 22 22 15 29 32 30 12 35 32 13 33 23 18 36 26 25 33 33 31 35 29 6 17 8 27 12 31 27 0 21 23 11 33 0 2 15 19 14 12 13 16 34 36 34 31 12 9 25 35 30 10 25 Cmin= 1200112963 

GSM2-184.ctr |F|=39 38 15 22 34 15 9 0 27 32 30 21 31 27 30 35 2 29 25 15 8 35 15 11 27 14 34 6 15 29 31 31 18 8 15 13 23 13 2 11 34 32 21 16 9 12 12 11 30 37 16 27 22 31 27 11 6 23 6 10 2 37 31 20 6 35 22 29 9 24 30 5 6 12 21 15 14 22 16 5 21 32 22 4 13 10 4 20 33 38 19 25 37 11 6 4 35 18 23 6 3 14 0 10 15 21 14 29 4 30 24 14 12 7 8 26 17 1 35 1 1 15 26 27 16 21 31 12 0 4 7 32 7 7 3 23 28 6 2 22 26 15 25 38 11 22 14 18 24 10 19 14 15 34 2 31 5 22 32 6 27 1 27 34 8 19 7 26 25 38 37 12 14 12 1 26 35 15 33 9 26 2 23 30 36 Cmin= 2000324064 

GSM2-184.ctr |F|=39 38 36 23 1 32 4 6 24 26 7 21 11 32 5 2 1 30 5 6 24 36 6 16 6 4 36 15 34 34 28 4 22 25 27 13 18 20 19 3 7 15 13 18 8 7 9 10 26 4 16 11 1 11 28 35 15 14 11 11 37 28 15 21 14 31 34 32 12 3 24 19 18 26 26 27 33 25 26 20 29 31 32 30 4 10 16 8 13 16 19 12 6 23 22 20 4 17 3 16 9 27 24 27 4 12 4 26 37 19 8 16 12 29 7 16 28 12 24 2 29 33 3 35 6 25 5 11 31 8 27 1 36 13 18 29 14 11 16 1 31 13 17 4 3 13 20 20 15 33 12 5 27 15 1 34 2 6 34 33 4 22 24 29 24 3 19 27 14 35 17 6 10 23 10 2 26 19 12 2 3 24 7 19 28 Cmin= 800000000 

GSM2-184.ctr |F|=39 38 18 29 0 23 13 20 27 8 1 17 2 22 0 15 18 27 11 19 5 32 22 5 12 32 30 4 7 19 26 8 8 5 26 8 28 0 28 5 37 19 11 0 2 12 15 20 0 16 29 33 9 12 0 22 5 19 15 2 0 31 10 8 25 26 5 4 26 23 9 13 3 21 13 33 22 18 15 22 34 5 5 4 6 5 15 0 25 20 2 14 12 13 11 37 28 16 2 4 0 1 18 31 22 20 26 5 38 2 16 33 35 10 38 30 16 3 30 30 23 33 33 24 35 5 12 24 10 14 28 11 4 7 31 26 28 18 20 16 9 25 11 33 36 38 24 2 2 16 21 15 38 15 0 34 9 12 8 19 16 36 30 20 33 23 36 11 30 6 27 1 21 27 34 18 26 9 9 18 25 30 33 13 34 Cmin= 1400378105 

GSM2-184.ctr |F|=39 0 31 13 30 24 14 14 24 20 15 7 11 11 8 35 30 28 30 13 36 23 24 9 38 8 0 37 26 26 21 28 16 13 31 7 26 34 21 12 15 26 19 26 26 27 11 7 5 31 20 31 4 5 1 31 3 29 30 29 17 12 7 33 14 27 29 2 23 11 14 27 26 33 15 3 10 15 10 4 7 19 24 11 13 26 32 16 5 23 6 22 24 3 5 38 30 34 1 3 35 4 31 11 26 35 14 36 11 24 30 19 4 15 19 7 30 12 23 36 24 19 8 9 22 14 9 2 37 38 6 33 4 26 34 30 22 9 17 33 23 36 2 16 1 22 23 32 23 8 18 9 16 26 18 27 1 16 29 28 5 24 22 9 11 17 28 33 16 6 17 0 31 19 5 33 2 29 15 15 26 33 24 3 20 Cmin= 1400136410 

GSM2-184.ctr |F|=39 38 13 21 8 33 11 20 15 23 3 0 28 31 3 5 25 29 27 19 29 5 25 35 33 22 6 36 26 14 30 2 2 32 23 10 26 23 20 30 7 12 20 35 5 23 30 19 2 18 38 32 12 24 17 7 35 23 4 22 26 23 13 17 17 25 28 32 37 9 13 5 10 33 30 4 17 10 24 19 28 12 1 29 26 19 36 22 31 2 34 8 14 36 25 20 12 14 14 10 12 16 5 23 10 24 27 27 34 1 35 12 14 26 2 1 34 0 12 26 30 7 34 33 33 21 15 6 24 18 16 26 34 21 10 5 6 26 21 29 17 6 2 31 32 5 21 27 33 22 15 13 19 38 7 13 9 22 19 34 29 35 21 24 7 20 29 2 35 0 32 2 7 34 33 0 28 4 17 11 27 21 24 7 20 Cmin= 1100100669 

GSM2-184.ctr |F|=39 38 14 12 15 26 17 25 4 28 14 31 10 2 15 13 7 36 12 6 34 26 9 16 10 15 32 19 18 16 21 24 4 25 36 19 12 3 5 5 32 8 36 3 0 1 5 35 27 17 2 11 32 11 16 4 26 9 23 34 14 34 19 19 20 5 27 21 9 22 26 2 19 12 33 19 3 38 15 30 6 6 30 38 18 7 3 33 6 16 28 20 11 8 28 20 3 6 30 12 28 17 14 8 18 36 17 21 35 21 1 2 28 31 2 7 28 33 29 34 10 19 15 10 16 33 30 19 0 21 31 17 27 34 14 35 20 20 6 17 3 8 8 31 28 38 27 17 33 6 1 4 25 17 4 31 0 23 0 28 34 21 6 22 16 9 7 37 30 14 4 22 11 1 3 0 1 30 7 34 36 8 27 12 14 Cmin= 1300304712 

GSM2-184.ctr |F|=39 0 24 3 1 9 26 7 32 34 30 35 7 25 18 23 12 34 9 8 23 0 18 8 13 27 0 34 4 28 30 14 29 5 17 19 14 32 15 35 27 34 31 23 20 11 7 32 34 5 30 18 6 9 15 8 25 15 4 18 5 34 32 23 28 38 31 3 31 7 38 8 2 20 31 11 31 28 32 26 33 23 33 28 21 9 37 7 14 2 25 8 25 7 31 4 34 23 7 15 19 35 23 21 16 5 21 36 33 14 12 27 38 34 6 9 32 4 17 7 34 31 15 9 28 35 13 23 8 10 0 27 34 12 37 0 17 8 36 11 23 9 28 11 4 34 20 36 27 26 33 11 19 37 20 36 34 23 20 31 22 20 9 17 22 35 17 0 5 3 12 17 12 1 17 5 24 37 30 12 14 13 23 22 12 Cmin= 1000313397 

GSM2-184.ctr |F|=39 0 24 3 1 9 26 7 32 34 30 35 7 25 18 23 12 34 9 8 23 0 18 8 13 27 0 34 4 28 30 14 29 5 17 19 14 32 15 35 27 34 31 23 20 11 7 32 34 5 30 18 6 9 15 8 25 15 4 18 5 34 32 23 28 38 31 3 31 7 38 8 2 20 31 11 31 28 32 26 33 23 33 28 21 9 37 7 14 2 25 8 25 7 31 4 34 23 7 15 19 35 23 21 16 5 21 36 33 14 12 27 38 34 6 9 32 4 17 7 34 31 15 9 28 35 13 23 8 10 0 27 34 12 37 0 17 8 36 11 23 9 28 11 4 34 20 36 27 26 33 11 19 37 20 36 34 23 20 31 22 20 9 17 22 35 17 0 5 3 12 17 12 1 17 5 24 37 30 12 14 13 23 22 12 Cmin= 1000313397 

GSM2-184.ctr |F|=39 38 23 26 22 14 35 28 4 23 36 16 24 31 7 16 11 26 10 20 1 21 23 5 21 31 31 1 2 10 15 8 10 38 24 21 3 20 11 35 4 36 13 29 28 9 34 28 24 5 9 25 26 21 30 37 13 22 27 15 33 3 13 32 30 37 3 22 18 14 19 23 1 21 2 18 19 25 8 4 19 6 30 7 28 21 33 30 33 21 35 16 13 9 9 32 35 12 16 14 16 35 26 6 6 17 24 25 3 21 29 12 17 20 8 6 31 2 25 25 12 21 2 14 30 0 7 26 12 23 30 17 8 6 23 3 13 37 28 5 19 19 17 36 28 25 31 20 16 18 34 28 28 25 3 20 25 0 35 27 12 15 5 21 11 18 24 13 16 3 18 24 11 25 11 0 11 3 10 28 10 5 6 0 31 Cmin= 1100001745 

GSM2-184.ctr |F|=39 38 23 26 22 14 35 28 4 23 36 16 24 31 7 16 11 26 10 20 1 21 23 5 21 31 31 1 2 10 15 8 10 38 24 21 3 20 11 35 4 36 13 29 28 9 34 28 24 5 9 25 26 21 30 37 13 22 27 15 33 3 13 32 30 37 3 22 18 14 19 23 1 21 2 18 19 25 8 4 19 6 30 7 28 21 33 30 33 21 35 16 13 9 9 32 35 12 16 14 16 35 26 6 6 17 24 25 3 21 29 12 17 20 8 6 31 2 25 25 12 21 2 14 30 0 7 26 12 23 30 17 8 6 23 3 13 37 28 5 19 19 17 36 28 25 31 20 16 18 34 28 28 25 3 20 25 0 35 27 12 15 5 21 11 18 24 13 16 3 18 24 11 25 11 0 11 3 10 28 10 5 6 0 31 Cmin= 1100001745 

GSM2-184.ctr |F|=39 0 31 28 10 17 4 28 25 1 11 25 16 34 35 30 35 18 7 16 14 3 21 14 17 29 5 12 18 37 37 17 26 29 6 36 7 0 14 21 29 25 7 6 20 3 26 6 22 33 22 25 36 32 28 4 11 22 16 30 21 14 36 8 5 4 34 1 32 9 23 11 24 30 6 5 23 32 11 34 15 22 9 2 5 26 6 16 10 22 35 20 25 33 28 19 26 12 10 8 11 33 19 35 13 25 29 25 8 30 20 23 13 18 25 7 34 31 13 5 3 9 25 18 31 3 37 18 5 8 15 16 30 34 12 33 10 30 19 18 21 29 2 24 36 17 31 31 37 5 25 30 4 11 9 35 4 35 4 9 33 19 14 13 4 15 7 14 6 16 21 28 34 12 13 31 29 33 13 17 28 38 8 21 11 Cmin= 1200007025 

GSM2-184.ctr |F|=39 0 31 28 10 17 4 28 25 1 11 25 16 34 35 30 35 18 7 16 14 3 21 14 17 29 5 12 18 37 37 17 26 29 6 36 7 0 14 21 29 25 7 6 20 3 26 6 22 33 22 25 36 32 28 4 11 22 16 30 21 14 36 8 5 4 34 1 32 9 23 11 24 30 6 5 23 32 11 34 15 22 9 2 5 26 6 16 10 22 35 20 25 33 28 19 26 12 10 8 11 33 19 35 13 25 29 25 8 30 20 23 13 18 25 7 34 31 13 5 3 9 25 18 31 3 37 18 5 8 15 16 30 34 12 33 10 30 19 18 21 29 2 24 36 17 31 31 37 5 25 30 4 11 9 35 4 35 4 9 33 19 14 13 4 15 7 14 6 16 21 28 34 12 13 31 29 33 13 17 28 38 8 21 11 Cmin= 1200007025 

GSM2-184.ctr |F|=39 38 31 18 6 22 32 36 20 29 6 37 0 24 0 6 15 5 8 14 36 28 1 4 19 31 33 13 17 21 11 30 9 31 10 16 3 31 2 24 21 9 11 10 22 11 5 38 17 3 2 3 31 3 35 12 34 18 14 12 0 14 32 10 7 31 15 10 23 6 34 33 4 7 32 27 7 37 15 13 1 17 5 33 9 2 34 32 20 9 33 10 13 26 9 20 18 24 19 30 30 4 13 35 0 6 12 35 5 27 10 6 5 4 28 3 34 23 35 16 22 18 15 35 6 24 5 13 9 24 33 28 17 7 13 17 3 25 3 8 13 2 3 7 6 21 10 2 5 34 7 16 14 22 12 9 35 17 11 33 31 5 22 37 2 25 16 5 11 8 2 14 10 33 21 16 15 21 7 10 5 14 26 19 25 Cmin= 1300033365 

GSM2-184.ctr |F|=39 0 5 25 3 35 9 15 4 7 32 30 2 26 22 17 1 33 30 10 12 32 9 28 23 24 17 27 27 18 28 7 7 33 22 10 30 31 25 23 38 8 15 30 23 26 36 24 9 16 23 21 9 21 38 32 7 16 9 23 34 37 20 30 32 3 1 12 23 27 35 11 24 0 2 8 26 27 22 25 4 6 7 13 17 35 34 13 12 5 25 36 31 6 27 24 37 29 36 21 6 33 33 19 33 24 27 10 13 38 35 6 34 31 20 12 27 4 25 29 37 11 26 19 7 3 4 33 21 30 5 16 13 38 35 35 12 13 6 14 1 30 21 35 23 30 36 11 23 11 29 22 12 5 2 19 9 34 2 19 14 7 25 16 34 10 13 36 12 8 11 14 0 32 10 12 12 36 12 36 8 3 8 20 8 Cmin= 1200078112 

GSM2-184.ctr |F|=39 38 16 7 9 7 29 27 14 23 36 17 6 7 0 28 20 16 35 18 32 9 28 36 26 16 36 26 10 21 34 32 9 11 0 18 7 19 35 21 31 32 0 27 28 28 16 37 5 1 16 26 10 6 23 25 11 21 13 10 31 8 4 1 8 32 9 16 1 5 37 22 26 26 10 15 15 15 13 10 16 19 36 27 25 21 13 36 31 26 7 23 23 0 13 32 22 11 9 23 16 35 6 31 12 5 35 16 20 10 26 37 29 13 14 4 23 27 29 15 4 25 27 27 15 29 9 26 2 18 38 7 4 34 0 16 0 35 32 10 34 9 8 13 22 11 6 6 27 35 10 31 11 37 9 15 16 18 2 18 26 1 26 19 35 15 24 25 11 6 35 35 4 32 9 26 4 16 21 31 1 31 13 1 18 Cmin= 1500140036 

GSM2-184.ctr |F|=39 38 16 7 9 7 29 27 14 23 36 17 6 7 0 28 20 16 35 18 32 9 28 36 26 16 36 26 10 21 34 32 9 11 0 18 7 19 35 21 31 32 0 27 28 28 16 37 5 1 16 26 10 6 23 25 11 21 13 10 31 8 4 1 8 32 9 16 1 5 37 22 26 26 10 15 15 15 13 10 16 19 36 27 25 21 13 36 31 26 7 23 23 0 13 32 22 11 9 23 16 35 6 31 12 5 35 16 20 10 26 37 29 13 14 4 23 27 29 15 4 25 27 27 15 29 9 26 2 18 38 7 4 34 0 16 0 35 32 10 34 9 8 13 22 11 6 6 27 35 10 31 11 37 9 15 16 18 2 18 26 1 26 19 35 15 24 25 11 6 35 35 4 32 9 26 4 16 21 31 1 31 13 1 18 Cmin= 1500140036 

GSM2-184.ctr |F|=39 0 11 14 9 37 1 18 34 5 9 3 23 31 28 25 14 29 18 34 7 14 17 25 22 31 33 33 6 27 7 20 17 18 35 26 17 25 34 1 31 32 4 4 14 32 29 28 11 9 12 18 12 18 33 35 11 16 18 17 4 26 27 21 5 23 37 11 9 21 12 29 14 16 34 28 37 13 17 10 11 18 17 24 37 11 9 9 16 27 15 21 14 31 31 9 15 29 20 14 0 33 32 15 38 16 4 37 30 11 8 30 29 14 4 16 15 13 14 31 30 19 2 33 11 34 3 16 13 13 30 14 35 12 29 34 18 22 32 37 33 29 28 13 5 33 18 9 7 33 1 26 2 4 21 13 27 24 29 29 26 9 4 22 11 22 18 29 34 0 27 17 30 5 19 24 38 38 22 35 21 23 22 23 16 Cmin= 1500140531 

GSM2-184.ctr |F|=37 0 7 10 21 32 18 22 31 7 8 32 6 32 26 33 0 16 17 15 18 30 13 35 4 20 8 17 29 8 26 21 9 33 9 8 7 28 30 16 13 16 26 34 11 31 8 11 10 25 4 7 18 18 5 22 16 28 2 8 15 6 8 24 18 17 32 3 23 4 19 36 20 8 11 10 2 19 21 28 7 4 35 25 0 18 25 16 25 6 2 3 27 25 5 8 6 15 11 7 19 30 7 3 17 18 13 34 1 12 25 23 16 1 27 31 35 15 10 23 36 28 4 27 16 9 35 22 24 25 30 22 18 15 25 13 11 16 11 27 6 14 14 1 31 4 32 29 34 21 30 34 12 34 24 28 21 0 29 23 25 22 8 22 15 11 13 26 27 24 17 12 17 9 13 11 13 8 3 25 29 11 22 19 8 Cmin= 1600154855 

GSM2-184.ctr |F|=37 0 22 34 28 18 8 23 16 32 11 14 12 27 6 20 3 21 20 32 16 9 24 14 14 12 29 14 6 26 1 11 4 2 24 32 35 32 33 14 27 22 6 17 13 12 15 31 11 36 26 28 8 29 20 0 19 12 29 25 16 31 15 20 11 2 30 9 12 27 1 17 27 22 34 3 12 13 12 24 27 17 30 35 9 13 14 6 4 6 9 20 15 2 4 26 4 12 13 16 2 29 33 8 14 9 26 5 0 2 29 27 19 0 3 6 28 17 27 32 24 36 31 17 2 13 7 21 25 35 1 6 28 12 14 20 36 3 25 36 5 32 4 2 32 8 23 24 3 13 34 5 13 28 23 30 4 8 29 30 6 8 36 12 21 13 33 20 31 21 35 0 32 2 17 27 25 4 29 29 17 5 12 8 33 Cmin= 2000169304 

GSM2-184.ctr |F|=39 38 8 35 29 33 25 4 11 9 13 36 28 32 29 22 35 32 31 24 19 25 8 7 3 10 14 29 29 6 23 16 34 21 1 13 15 27 17 26 25 30 12 4 24 2 26 20 23 18 5 32 32 2 0 24 12 15 3 30 10 16 7 5 37 37 18 13 25 36 28 0 27 29 4 1 20 19 21 4 26 16 36 19 7 26 4 20 2 8 11 1 24 8 35 11 6 14 24 20 0 2 20 17 20 25 18 1 33 29 33 21 34 31 29 2 18 23 11 9 20 12 10 5 20 34 5 15 10 29 24 38 20 5 16 1 19 24 30 14 3 24 24 37 16 14 28 23 26 1 21 7 13 21 12 22 16 17 37 26 35 22 15 5 16 31 34 36 5 25 0 8 11 13 34 16 27 24 29 15 25 11 11 27 32 Cmin= 1300142172 

GSM2-184.ctr |F|=49 0 16 28 36 34 29 46 31 22 15 20 15 30 14 41 30 12 10 7 27 14 14 36 12 31 3 7 34 17 47 16 17 20 44 9 10 24 7 46 2 27 23 17 13 37 14 44 6 25 2 33 44 21 25 7 8 29 15 42 46 18 9 19 43 9 28 5 38 40 2 40 24 25 13 37 19 28 37 25 9 39 14 4 11 40 16 19 25 36 18 22 11 32 46 5 42 25 15 36 22 18 28 2 48 46 44 23 25 33 4 39 23 19 43 40 15 16 15 45 8 33 18 19 17 20 30 15 1 45 2 23 19 35 30 19 33 26 47 14 10 3 5 38 27 4 29 42 20 45 43 34 34 17 4 7 37 39 27 38 36 35 18 6 21 48 30 10 30 29 30 40 32 35 35 10 39 20 8 16 21 2 6 7 19 Cmin= 1000000000 

GSM2-184.ctr |F|=39 38 21 7 11 36 21 21 26 21 28 5 21 22 12 35 14 25 15 31 11 37 30 30 36 26 32 38 19 12 22 19 0 4 27 11 1 37 21 16 8 10 21 18 33 22 3 36 8 18 28 8 16 9 0 14 35 21 2 4 22 24 24 11 17 1 23 7 27 33 12 35 5 22 3 27 33 7 13 3 25 30 0 31 0 28 34 35 11 36 29 22 10 3 34 27 32 7 23 20 1 35 5 6 18 8 22 12 15 24 4 30 16 33 22 16 22 17 2 22 3 20 6 13 23 1 29 16 8 2 25 9 37 19 5 5 27 16 6 32 2 0 12 7 33 34 12 5 1 14 28 4 23 34 6 7 24 24 12 21 26 26 19 13 6 13 7 23 30 13 5 21 13 17 28 35 12 1 2 2 5 19 34 17 3 Cmin= 1300088330 

GSM2-184.ctr |F|=39 38 31 17 26 5 26 11 16 7 22 8 36 17 25 21 23 6 14 12 10 21 5 31 1 18 25 15 23 30 23 26 18 5 32 5 38 20 5 4 16 27 2 13 34 27 35 7 34 10 19 33 32 13 26 33 31 12 37 15 31 22 31 11 16 24 5 4 5 11 8 22 38 10 24 22 27 9 29 22 20 10 5 2 23 31 24 5 4 23 20 25 34 1 36 0 26 2 4 20 13 1 31 2 12 17 24 28 15 15 0 35 14 5 26 26 26 1 31 19 24 2 5 8 3 2 8 18 33 1 28 35 2 20 26 3 26 12 31 3 16 31 27 19 26 4 6 13 5 27 32 29 29 38 37 21 1 6 29 23 35 18 20 37 27 7 2 15 8 22 7 13 15 23 32 2 27 28 15 32 16 36 22 34 35 Cmin= 1700169459 

GSM2-184.ctr |F|=49 21 2 37 41 7 15 32 23 9 45 23 15 27 37 5 33 8 35 16 29 10 38 11 8 44 10 39 18 28 48 9 0 2 3 46 14 18 29 37 32 30 16 47 14 4 8 47 17 48 19 2 9 9 13 17 4 24 7 27 8 11 37 13 18 40 10 32 9 45 25 41 26 47 44 40 7 8 44 30 7 14 32 16 23 46 38 33 26 1 11 34 12 4 47 31 44 13 19 4 9 45 1 41 48 1 32 6 9 32 36 16 47 20 37 26 17 26 15 48 32 32 38 45 36 36 32 32 5 2 41 15 3 48 12 2 0 44 14 15 28 1 36 31 26 25 13 48 7 29 47 40 17 36 41 4 28 24 41 34 31 39 5 40 38 17 42 43 17 12 14 1 14 2 37 45 27 2 45 39 36 48 35 4 36 Cmin= 700000000 

GSM2-184.ctr |F|=39 0 24 17 7 18 25 17 23 28 23 21 6 13 32 6 15 7 6 19 9 24 36 32 3 18 37 9 19 15 22 0 16 7 17 12 14 4 18 37 21 3 20 27 5 2 23 9 9 18 28 8 31 26 29 34 5 27 33 13 3 16 13 8 12 31 20 26 24 0 14 34 31 23 23 25 25 35 34 24 3 24 21 34 11 11 19 5 27 13 18 30 18 21 28 30 2 37 6 26 37 9 21 18 32 33 4 8 18 0 32 21 13 14 17 24 14 36 18 2 38 25 21 17 7 10 36 9 9 31 24 35 2 35 15 23 29 8 20 37 8 13 19 21 16 36 34 30 22 2 21 10 17 4 16 13 3 13 23 12 34 36 37 25 32 2 9 12 10 30 10 8 32 29 18 38 16 3 18 27 5 1 38 11 5 Cmin= 1800087514 

GSM2-184.ctr |F|=39 38 23 15 18 13 32 3 11 18 11 5 26 2 8 23 2 25 8 1 26 14 32 34 5 23 28 7 37 7 22 31 6 6 35 13 8 29 16 20 36 17 25 24 19 33 8 10 19 6 0 34 9 21 19 14 6 8 10 32 16 32 24 11 27 10 25 25 28 2 6 25 19 20 10 28 3 8 27 11 14 28 35 23 10 15 26 5 12 36 37 28 18 12 29 34 22 15 20 11 6 15 36 15 24 36 32 27 5 20 28 19 9 24 31 9 28 7 3 1 4 2 19 11 14 9 6 25 24 16 36 19 31 22 34 17 19 27 33 24 37 22 32 35 35 13 33 24 20 37 15 13 0 34 13 14 4 9 28 28 25 14 36 17 36 21 23 6 9 18 19 35 1 2 32 26 15 26 11 25 24 26 27 13 21 Cmin= 1700005649 

GSM2-184.ctr |F|=39 38 0 1 34 1 1 5 22 6 5 19 4 12 0 2 35 27 3 32 36 22 2 20 12 19 13 30 18 36 25 11 35 14 12 30 15 2 24 26 9 29 6 2 31 34 4 16 23 35 9 20 7 1 30 8 20 32 0 0 29 14 0 25 29 12 6 33 4 19 21 2 10 27 4 30 12 36 7 35 32 6 5 28 7 35 37 16 17 26 16 7 29 5 22 19 7 28 14 11 8 35 13 7 12 6 26 13 3 34 9 24 29 4 13 25 0 0 2 18 15 8 14 6 13 36 25 20 14 28 20 12 13 33 19 15 28 7 28 31 30 27 5 9 31 8 34 20 8 25 27 13 33 3 19 36 0 33 6 4 23 27 16 25 10 35 29 0 31 19 20 11 7 26 9 27 34 4 8 31 30 36 5 13 28 Cmin= 1600000000 

GSM2-184.ctr |F|=39 0 24 22 12 35 16 8 0 32 8 18 23 26 9 32 20 35 23 15 3 31 2 25 9 28 13 4 25 30 22 25 30 35 8 4 31 13 12 20 7 9 27 19 24 37 1 5 22 14 20 25 6 23 1 15 12 3 8 37 33 30 12 25 26 10 18 7 23 19 17 19 17 5 38 2 31 29 7 14 4 16 29 38 28 30 3 30 22 0 17 17 31 30 31 7 1 10 4 24 18 21 5 35 15 32 37 8 11 33 22 4 38 12 3 28 31 6 19 15 7 36 21 27 16 13 23 17 12 27 31 30 37 25 26 14 18 13 11 19 7 33 23 6 35 27 23 16 22 3 20 18 29 2 6 6 4 19 13 5 35 5 24 34 30 11 37 37 13 9 17 20 31 30 16 16 18 0 33 29 32 14 9 11 6 Cmin= 1500125394 

GSM2-184.ctr |F|=39 0 24 22 12 35 16 8 0 32 8 18 23 26 9 32 20 35 23 15 3 31 2 25 9 28 13 4 25 30 22 25 30 35 8 4 31 13 12 20 7 9 27 19 24 37 1 5 22 14 20 25 6 23 1 15 12 3 8 37 33 30 12 25 26 10 18 7 23 19 17 19 17 5 38 2 31 29 7 14 4 16 29 38 28 30 3 30 22 0 17 17 31 30 31 7 1 10 4 24 18 21 5 35 15 32 37 8 11 33 22 4 38 12 3 28 31 6 19 15 7 36 21 27 16 13 23 17 12 27 31 30 37 25 26 14 18 13 11 19 7 33 23 6 35 27 23 16 22 3 20 18 29 2 6 6 4 19 13 5 35 5 24 34 30 11 37 37 13 9 17 20 31 30 16 16 18 0 33 29 32 14 9 11 6 Cmin= 1500125394 

GSM2-184.ctr |F|=39 38 1 5 12 9 20 5 17 24 18 30 31 7 0 21 13 34 1 27 6 35 35 4 20 5 21 11 27 13 29 23 2 31 28 14 29 37 8 35 22 15 16 3 11 16 25 25 0 26 2 7 22 26 0 31 20 21 3 9 24 21 32 26 2 10 29 31 8 26 17 30 31 33 22 3 38 8 17 0 34 8 7 17 35 7 9 5 18 1 3 3 23 35 18 25 34 8 7 31 23 24 11 15 7 34 19 6 3 25 6 27 34 2 33 19 10 32 13 17 33 17 9 6 2 27 21 37 24 28 18 8 13 30 24 20 14 32 15 6 7 22 33 2 24 28 10 23 21 24 29 4 2 38 11 4 26 32 30 11 10 10 9 12 29 22 21 4 4 36 10 11 19 33 3 33 22 13 17 32 26 8 25 17 35 Cmin= 1300123257 

GSM2-184.ctr |F|=39 38 1 5 12 9 20 5 17 24 18 30 31 7 0 21 13 34 1 27 6 35 35 4 20 5 21 11 27 13 29 23 2 31 28 14 29 37 8 35 22 15 16 3 11 16 25 25 0 26 2 7 22 26 0 31 20 21 3 9 24 21 32 26 2 10 29 31 8 26 17 30 31 33 22 3 38 8 17 0 34 8 7 17 35 7 9 5 18 1 3 3 23 35 18 25 34 8 7 31 23 24 11 15 7 34 19 6 3 25 6 27 34 2 33 19 10 32 13 17 33 17 9 6 2 27 21 37 24 28 18 8 13 30 24 20 14 32 15 6 7 22 33 2 24 28 10 23 21 24 29 4 2 38 11 4 26 32 30 11 10 10 9 12 29 22 21 4 4 36 10 11 19 33 3 33 22 13 17 32 26 8 25 17 35 Cmin= 1300123257 

GSM2-184.ctr |F|=39 38 10 38 0 31 26 26 4 8 16 33 30 35 31 38 22 8 36 20 26 20 26 4 22 2 17 9 35 14 36 18 2 7 7 2 38 33 17 3 30 23 25 22 19 18 21 2 26 7 12 2 17 27 35 0 18 13 9 4 16 7 22 18 14 29 9 3 12 26 6 4 10 21 15 18 28 25 10 4 33 11 7 11 27 3 11 6 5 21 10 10 28 22 17 31 1 26 34 3 2 30 35 2 1 11 9 29 25 19 33 19 30 29 30 18 21 3 14 26 13 13 25 30 24 3 11 15 18 7 18 10 26 3 12 27 3 21 17 28 30 0 9 10 30 28 18 12 20 21 28 33 34 3 13 9 7 25 24 14 21 31 24 8 34 25 35 26 36 2 15 27 30 13 26 21 3 5 23 23 26 12 7 11 15 Cmin= 1400007025 

GSM2-184.ctr |F|=39 38 18 1 33 11 7 7 35 3 32 1 11 5 37 24 2 31 38 22 26 34 13 28 1 9 14 21 2 24 23 24 13 3 14 35 3 10 31 38 3 24 28 14 19 27 27 10 8 26 21 23 10 34 12 11 5 15 22 35 28 6 9 2 37 12 26 2 12 18 29 15 32 19 18 1 35 6 11 4 21 33 27 31 17 28 32 11 4 15 35 32 10 5 24 9 7 0 11 19 8 1 23 29 9 2 30 5 36 30 9 18 24 25 38 31 3 31 3 7 35 0 29 7 33 3 16 29 3 16 9 11 6 21 1 5 23 20 10 20 12 9 27 25 23 27 17 27 8 10 34 5 38 13 1 32 16 6 23 20 11 21 31 17 4 22 22 16 3 22 26 4 31 3 30 15 30 36 3 28 7 27 33 34 1 Cmin= 1600198368 

GSM2-184.ctr |F|=39 0 5 35 9 34 7 21 27 4 5 28 0 30 9 33 31 19 23 21 14 9 31 36 8 7 38 29 8 28 9 0 17 14 24 15 37 31 25 25 36 31 3 25 22 13 8 15 32 31 25 35 29 17 32 37 13 20 27 10 37 25 10 4 28 35 19 26 16 6 13 13 37 16 38 9 29 35 24 11 28 0 7 18 6 28 17 9 9 33 19 35 9 19 0 37 4 20 14 20 26 27 23 24 32 11 33 12 8 8 23 36 36 20 15 3 9 21 1 8 5 10 4 14 18 5 1 22 25 15 31 1 31 4 14 25 16 8 26 13 5 38 10 30 19 14 34 18 25 24 26 30 34 19 5 13 24 6 24 38 11 6 28 3 10 3 17 15 1 4 28 34 4 38 26 12 3 10 30 28 34 6 8 30 26 Cmin= 1600153379 

GSM2-184.ctr |F|=39 33 5 8 18 30 38 37 32 11 7 2 29 21 7 0 19 22 22 13 16 14 7 20 1 36 19 22 22 24 23 7 7 28 15 25 9 15 24 30 15 20 32 5 30 1 5 10 12 17 24 28 20 20 38 21 17 18 4 0 4 16 8 0 6 12 26 4 16 0 34 31 9 17 37 1 7 31 0 19 37 13 37 18 33 36 0 11 4 33 12 36 10 9 37 5 21 13 9 38 2 33 19 11 11 17 1 7 38 2 26 36 15 24 16 38 10 16 38 15 38 0 12 10 9 38 4 20 12 14 8 14 36 27 15 8 6 16 15 5 7 30 30 12 5 7 11 4 13 10 19 12 11 21 11 20 9 16 29 22 19 37 25 16 26 1 13 21 7 17 26 14 8 17 26 2 14 37 7 27 37 15 28 9 25 Cmin= 1300217886 

GSM2-184.ctr |F|=39 38 29 11 4 22 19 10 18 10 4 20 17 27 35 32 33 20 17 24 25 6 34 34 4 27 37 22 0 2 33 14 29 23 14 33 6 33 32 24 4 36 34 10 24 19 3 7 28 20 20 14 15 5 37 8 32 36 31 21 27 25 24 17 9 38 0 4 32 32 18 25 29 13 35 3 21 27 0 10 36 20 25 13 25 23 21 7 9 2 18 36 16 3 3 14 3 3 19 24 35 37 0 14 0 35 7 21 13 7 31 10 16 6 23 31 19 34 27 28 25 6 15 3 10 18 17 2 22 25 15 7 12 15 11 12 1 18 22 14 14 15 13 19 21 37 11 29 21 0 19 7 6 34 38 5 13 6 35 35 31 12 32 5 16 4 6 17 11 29 20 25 5 34 5 15 21 6 6 31 6 14 27 1 9 Cmin= 1600215173 

GSM2-184.ctr |F|=39 0 4 30 5 28 20 22 14 4 31 13 36 6 6 3 23 28 8 12 34 25 3 3 27 35 34 13 24 13 0 7 2 32 38 36 10 8 19 24 12 0 26 10 6 33 2 19 11 11 31 6 36 34 38 13 20 22 26 5 24 15 13 26 9 1 23 8 9 31 33 21 31 20 20 27 3 23 7 14 23 27 10 9 22 37 22 31 20 9 37 5 13 0 31 22 29 16 31 38 8 14 9 29 23 19 17 27 3 24 30 15 1 1 24 12 38 35 5 19 33 31 13 7 31 6 30 10 11 11 9 8 14 7 37 37 26 4 25 29 17 17 33 18 7 18 31 7 3 36 15 36 17 29 5 37 24 24 8 35 24 17 32 38 24 31 36 12 24 12 30 3 29 25 21 36 32 2 32 36 38 37 22 16 16 Cmin= 1100300155 

GSM2-184.ctr |F|=39 0 1 7 33 28 16 25 8 32 35 3 31 10 34 32 35 11 18 5 28 27 37 33 5 15 32 8 5 30 31 24 30 32 32 24 10 9 38 19 31 35 22 23 6 6 5 30 7 12 35 35 0 22 18 6 38 11 3 4 2 34 29 21 17 11 35 27 9 34 35 1 30 18 13 25 14 8 6 21 20 2 6 10 14 24 16 13 24 19 6 16 4 24 37 21 35 22 37 6 7 34 35 37 2 10 13 16 7 19 26 27 10 32 37 24 6 3 26 20 12 22 36 16 7 23 26 32 7 13 27 14 8 23 1 11 22 3 16 29 11 32 7 11 14 33 24 10 37 12 30 38 34 27 15 30 11 30 23 18 4 11 21 13 35 23 13 7 26 18 37 27 11 33 38 15 27 23 25 25 24 16 24 19 4 Cmin= 1600005515 

GSM2-184.ctr |F|=39 38 10 24 26 8 21 20 5 0 12 35 2 5 29 27 11 11 38 32 25 9 9 19 35 10 5 5 8 16 5 17 4 5 2 31 13 13 1 7 2 2 3 5 35 22 32 8 22 20 29 8 19 0 16 15 38 22 9 35 27 14 13 31 8 5 12 21 7 14 29 9 16 21 3 13 32 25 10 15 34 0 12 14 28 29 18 27 1 27 24 28 31 26 20 0 20 33 11 27 36 1 26 2 11 29 4 5 4 14 9 0 15 22 3 32 1 22 21 2 10 34 30 30 21 0 31 31 22 3 19 19 32 6 22 4 25 26 37 18 30 8 18 34 19 22 27 20 33 9 22 4 32 2 24 4 2 16 35 25 8 15 33 29 11 16 33 25 32 32 4 12 29 12 7 9 34 34 29 28 33 1 21 15 3 Cmin= 900024497 

GSM2-184.ctr |F|=39 38 23 1 31 18 27 20 32 13 13 2 8 31 3 26 0 8 23 0 8 5 36 17 28 16 3 7 24 10 20 33 9 4 34 29 11 11 10 5 24 24 35 32 5 27 8 5 35 31 6 4 36 31 11 14 9 3 11 22 13 31 5 11 24 0 1 36 0 1 30 13 14 15 35 19 3 4 24 0 36 19 32 22 1 4 26 10 8 37 21 10 18 16 11 3 5 1 28 6 2 8 19 5 23 4 24 27 9 38 27 34 18 20 17 19 14 4 18 11 30 29 10 9 6 21 13 11 23 30 6 14 0 15 20 12 19 33 28 28 32 16 23 1 26 30 20 29 34 28 1 15 18 11 24 24 22 26 24 34 18 31 9 7 7 18 19 15 2 37 5 34 14 17 35 29 8 6 19 32 34 9 8 13 21 Cmin= 1400033373 

GSM2-227.ctr |F|=49 0 18 24 18 1 23 42 0 20 27 9 34 4 28 14 15 11 7 24 27 20 15 30 25 19 25 16 7 35 18 11 40 36 36 14 42 15 8 47 35 40 13 25 0 41 40 15 3 47 39 35 23 10 17 4 30 42 25 37 33 48 48 29 35 40 43 34 6 7 32 42 47 45 23 47 43 14 18 46 18 13 33 41 24 6 2 5 4 27 47 42 27 2 27 18 48 26 3 5 34 41 3 37 42 27 41 36 41 10 34 15 24 23 13 4 34 15 9 38 47 12 31 30 19 14 5 18 40 13 29 25 5 32 19 48 15 11 40 13 26 30 28 6 4 41 10 43 12 24 32 11 36 19 46 12 33 2 30 30 16 10 11 26 48 30 30 14 46 22 27 24 8 12 30 18 4 46 12 22 21 45 38 14 20 35 31 10 43 12 40 15 28 2 41 32 38 28 2 35 6 30 15 14 47 2 32 7 48 45 29 25 46 18 44 17 10 26 27 4 44 23 19 28 26 16 11 20 Cmin= 2000121155 

GSM2-184.ctr |F|=39 38 12 4 13 32 29 36 30 21 28 4 7 18 33 24 25 4 9 4 16 17 7 16 23 14 25 25 0 22 3 24 21 4 17 35 26 7 21 6 29 38 10 25 7 5 10 21 37 8 25 3 14 32 8 38 36 33 13 36 17 5 10 27 10 28 12 25 35 34 31 14 22 2 0 29 35 0 11 22 8 25 26 12 19 34 0 5 18 13 30 24 19 1 12 18 18 25 4 4 9 35 18 31 26 8 11 23 8 22 6 5 37 32 17 17 17 6 11 35 20 2 20 28 31 21 7 11 7 11 15 5 35 22 37 22 30 9 6 27 20 2 33 18 23 0 24 1 7 35 25 27 26 34 5 19 17 12 19 24 12 23 30 8 6 17 30 26 15 26 14 35 28 8 4 12 37 28 3 5 14 17 21 1 13 Cmin= 1700133397 

GSM2-227.ctr |F|=49 0 36 11 15 14 42 6 17 43 17 31 41 18 23 5 41 24 14 22 48 44 37 30 23 37 8 33 1 38 15 16 43 3 27 9 22 20 20 39 15 38 21 12 7 1 18 48 25 32 26 30 32 20 11 12 13 24 45 19 13 11 36 7 19 19 21 42 40 41 37 11 30 10 28 43 11 46 47 41 34 30 22 23 1 38 35 14 13 36 33 31 3 25 43 23 45 15 21 41 8 9 8 43 24 36 37 40 39 41 38 29 22 16 3 23 6 43 42 24 35 26 7 39 8 6 13 4 22 39 1 35 4 9 29 29 1 23 25 40 15 14 21 37 31 29 16 37 29 9 12 15 40 24 5 48 31 23 8 9 18 9 44 23 23 29 8 30 8 33 21 23 48 47 16 30 33 37 23 18 46 40 38 43 21 44 42 3 23 7 17 47 21 17 21 45 46 29 26 11 13 3 39 17 7 7 47 45 44 26 14 47 18 3 41 39 3 34 47 32 46 20 30 19 37 2 15 39 Cmin= 800005905 

GSM2-184.ctr |F|=39 0 14 8 22 36 9 11 34 10 12 4 19 33 18 5 23 12 20 30 22 3 2 12 18 21 3 20 29 16 24 30 5 0 27 28 36 37 0 20 36 1 24 16 23 31 11 36 32 31 27 15 34 18 17 2 1 20 23 19 36 8 10 3 8 27 20 33 25 9 15 11 10 28 27 33 21 38 30 14 19 19 19 15 37 25 17 27 34 29 7 31 38 7 23 7 34 32 30 9 2 6 20 12 23 8 7 33 36 26 37 16 34 17 20 22 31 27 10 26 17 18 7 16 25 20 13 9 13 4 18 16 38 27 28 22 24 24 6 21 12 4 27 35 10 8 18 2 35 18 28 14 36 35 19 11 16 32 20 30 25 27 7 24 4 24 36 28 10 3 11 11 35 27 35 6 35 15 36 21 33 25 24 19 10 Cmin= 1500007785 

GSM2-184.ctr |F|=39 38 0 6 33 19 6 15 2 25 34 18 29 0 28 7 10 29 0 10 14 16 37 19 30 20 2 36 0 2 31 25 1 31 31 23 11 26 38 2 13 23 10 31 12 38 38 22 28 0 21 31 5 19 1 35 28 3 32 18 5 13 4 34 5 35 18 6 11 17 36 24 29 35 17 2 23 5 24 1 33 7 33 0 15 34 35 33 26 18 12 31 20 16 15 15 1 33 21 12 0 7 26 30 4 4 32 27 37 7 29 32 3 12 32 7 35 17 1 22 24 13 3 6 18 18 21 19 1 31 32 1 38 19 20 31 12 3 9 10 10 27 31 2 28 24 9 24 31 11 7 16 13 38 22 32 17 4 12 18 24 33 8 24 2 29 5 3 32 3 14 31 30 34 33 19 9 31 4 1 3 0 17 17 27 Cmin= 800312390 

GSM2-184.ctr |F|=39 0 28 15 18 10 33 27 38 36 26 2 12 20 23 29 26 29 25 23 10 35 0 26 5 9 16 3 2 36 36 11 36 14 15 4 24 38 31 23 24 7 14 36 16 26 16 3 16 2 26 16 37 16 31 32 25 8 35 16 5 21 17 30 24 32 34 9 20 15 21 5 22 24 31 27 12 8 30 17 10 6 22 36 22 14 18 36 22 3 14 16 13 31 7 37 13 30 35 34 6 6 28 28 31 20 5 32 28 35 38 27 31 22 14 3 36 32 1 9 36 4 14 10 35 22 9 37 13 33 21 9 1 11 37 21 31 32 14 21 28 2 37 9 24 12 13 11 6 14 9 31 7 23 30 3 34 28 29 37 23 12 7 24 23 33 6 15 26 9 25 5 11 24 14 25 36 27 25 31 30 34 12 37 7 Cmin= 1300021365 

GSM2-184.ctr |F|=39 6 11 12 9 26 19 16 13 34 27 25 24 13 38 11 0 4 10 21 33 17 30 26 3 32 22 32 26 10 2 10 16 13 22 25 28 2 30 2 25 18 28 10 20 16 11 21 9 21 31 3 38 11 18 3 5 2 35 20 1 26 30 17 0 2 31 28 32 23 20 18 30 9 18 12 14 29 22 23 11 14 15 38 26 33 2 20 24 26 1 25 2 20 31 2 22 13 20 15 25 1 22 16 38 1 17 13 30 0 36 30 4 12 30 30 34 21 0 20 37 1 34 0 21 16 31 32 29 1 36 4 2 19 20 29 21 27 3 1 27 28 32 31 1 12 11 24 22 11 33 9 1 18 38 11 34 19 4 13 20 29 17 22 10 26 12 20 14 4 21 31 32 3 12 22 4 13 7 16 24 2 25 15 20 Cmin= 1500000000 

GSM2-184.ctr |F|=39 38 15 30 9 34 25 2 14 30 13 10 25 38 32 24 20 11 17 22 33 31 29 18 6 17 8 26 23 12 15 6 11 31 36 9 26 11 11 29 2 14 28 17 13 22 2 22 33 19 5 16 0 23 35 6 1 4 21 25 6 26 20 6 7 6 16 22 6 16 12 8 30 30 14 4 2 16 26 24 25 20 2 25 5 26 21 6 30 3 20 25 29 1 21 36 35 26 19 2 3 21 11 34 1 14 27 3 31 4 27 17 24 29 3 29 16 24 36 36 17 17 11 35 8 32 22 4 8 30 7 12 12 7 35 13 21 12 5 13 16 33 19 2 12 12 31 29 36 17 15 3 35 15 0 4 9 22 8 6 13 4 18 15 11 3 17 33 16 23 35 32 17 16 23 29 28 16 8 14 33 12 18 18 28 Cmin= 1200000000 

GSM2-184.ctr |F|=39 38 1 27 11 11 33 31 37 2 13 25 10 31 7 1 9 34 23 33 23 31 25 2 6 34 18 24 30 30 18 38 18 8 15 29 19 9 11 17 0 13 31 11 6 28 1 4 23 24 27 36 6 13 27 12 8 6 25 27 26 4 15 5 12 31 24 20 29 35 38 30 9 19 2 4 8 3 37 21 17 25 18 12 38 34 24 36 1 10 24 16 4 1 11 5 32 35 26 11 20 14 2 18 22 32 23 31 25 10 13 3 35 20 15 23 15 28 20 5 27 6 22 20 35 22 26 17 18 2 28 38 5 31 6 27 24 18 19 10 28 21 2 24 30 6 9 6 23 18 1 12 24 12 32 9 34 8 26 13 10 16 1 15 36 7 4 10 26 12 10 4 23 12 29 14 8 27 10 31 6 0 32 20 12 Cmin= 1400237926 

GSM2-227.ctr |F|=49 0 40 34 28 11 10 4 45 6 12 19 13 17 39 45 45 42 2 44 44 37 28 28 27 16 7 8 43 36 26 11 37 23 45 16 34 11 21 30 23 38 5 36 7 44 33 8 42 40 8 38 33 41 17 12 13 29 25 8 17 2 24 10 25 25 31 15 36 8 45 10 47 6 47 10 2 36 18 0 32 31 38 16 24 12 33 37 41 9 45 14 17 20 24 47 45 12 14 33 20 15 48 23 27 2 38 29 38 7 34 26 39 24 43 19 36 27 7 28 42 4 43 10 29 23 8 31 40 27 20 17 43 19 45 21 22 35 6 16 42 40 43 37 20 37 7 7 20 20 41 18 29 40 28 14 19 42 45 11 20 16 33 19 36 29 45 9 15 7 25 14 48 24 7 24 12 20 32 38 40 29 12 20 20 41 34 39 39 36 6 10 3 39 35 39 20 31 4 40 39 35 5 43 10 13 23 28 33 6 22 29 40 34 5 11 31 39 7 21 31 18 37 35 14 23 30 39 Cmin= 1100092090 

GSM2-272.ctr |F|=52 3 30 26 37 6 19 22 20 44 18 38 28 4 19 31 31 28 29 46 7 42 45 9 20 25 1 31 12 0 47 47 3 1 22 16 35 17 14 3 9 9 42 37 13 37 45 44 13 22 14 49 40 7 6 8 33 35 16 45 35 11 40 15 40 38 7 24 31 50 27 16 7 45 30 48 30 51 40 20 21 31 17 37 14 51 22 47 34 38 16 46 25 33 9 13 47 16 37 3 42 13 19 49 6 49 45 13 48 10 33 45 41 26 31 31 1 1 27 35 39 19 29 12 28 14 25 0 31 39 3 49 0 22 47 34 20 40 23 44 26 4 38 43 6 45 23 7 46 26 19 9 45 24 49 50 39 50 50 46 37 1 43 13 23 38 24 19 3 47 12 29 28 26 49 34 19 20 18 41 46 37 50 15 9 23 41 24 49 39 18 35 16 10 24 40 24 48 35 27 44 23 33 20 49 30 30 44 26 48 33 20 9 7 11 47 30 1 19 28 16 38 39 33 24 11 49 48 8 32 0 0 32 9 48 29 39 26 22 41 51 31 37 8 39 48 3 45 25 51 21 42 37 36 23 37 48 20 33 32 28 9 8 8 18 4 14 33 6 12 22 5 43 Cmin= 2800379518 

GSM2-184.ctr |F|=39 38 31 32 12 31 35 34 28 37 35 31 7 22 2 22 33 35 18 19 7 0 30 28 6 10 5 21 8 8 23 32 7 4 25 19 35 21 14 13 20 11 5 27 22 35 10 16 31 17 24 28 7 4 6 2 15 11 23 12 19 8 6 15 12 31 34 37 3 37 0 23 37 34 0 10 30 38 26 23 17 1 1 13 5 7 4 9 18 27 11 26 24 6 2 26 26 25 13 29 23 13 13 22 8 13 32 28 13 8 12 19 37 2 21 4 9 25 13 16 2 13 3 16 19 33 3 7 19 5 36 3 18 0 14 16 13 35 5 15 33 6 23 31 8 5 35 6 19 38 22 11 12 14 16 32 8 8 28 27 13 25 19 31 25 34 36 28 19 2 32 13 8 17 6 5 11 2 11 20 29 22 31 31 25 Cmin= 1000194444 

GSM2-227.ctr |F|=49 48 30 34 4 13 21 21 8 26 9 18 11 32 40 13 12 48 30 28 22 44 20 17 20 11 7 3 17 30 23 9 30 4 0 39 23 21 16 36 3 25 10 20 13 1 33 26 1 19 10 28 14 31 1 39 47 13 42 21 44 22 35 30 31 35 20 5 12 36 42 16 17 8 36 35 10 25 12 16 44 28 0 14 15 2 10 13 20 8 39 20 30 26 1 13 17 26 23 35 18 21 2 40 30 43 27 45 19 44 17 19 23 17 33 43 24 43 13 45 3 3 16 38 34 23 7 8 0 36 43 24 8 1 15 43 44 42 39 19 43 12 38 22 30 22 17 10 22 30 6 30 38 28 19 24 7 27 32 12 14 31 36 27 32 3 27 27 1 17 46 44 35 35 23 16 13 40 26 35 21 38 16 10 22 41 39 29 24 27 41 43 9 34 21 41 37 48 24 43 22 26 44 8 12 18 29 31 9 11 17 35 5 39 1 32 31 46 12 6 24 10 0 34 0 26 31 37 Cmin= 1500155821 

GSM2-272.ctr |F|=52 21 27 49 51 15 47 38 47 16 12 0 7 18 46 5 13 25 35 9 2 29 51 19 27 24 13 48 33 22 39 36 19 43 9 18 34 32 33 30 48 21 6 4 39 0 37 28 25 48 14 4 2 13 51 29 13 40 25 46 10 41 6 6 32 44 0 14 24 33 20 21 2 3 25 18 31 38 22 5 35 12 37 37 25 12 14 15 0 40 37 38 5 44 44 13 36 45 27 36 2 24 5 33 27 6 27 34 45 49 39 28 10 0 13 11 12 3 26 40 19 40 27 24 32 47 37 44 40 41 28 43 13 10 0 16 16 27 50 37 24 14 13 10 42 2 50 3 34 0 19 1 40 46 26 48 42 39 16 6 28 45 25 17 31 25 9 23 0 36 9 1 50 50 39 16 29 37 47 11 14 15 12 2 37 14 51 27 2 15 10 6 36 35 24 43 37 33 15 37 17 24 14 43 50 2 8 27 15 3 14 29 46 3 8 32 17 35 35 47 50 45 2 11 5 2 2 42 35 17 3 29 17 46 20 16 24 4 19 39 8 34 45 2 37 29 10 30 12 46 2 38 39 32 49 20 34 28 10 17 21 42 22 39 36 43 31 8 47 50 23 31 8 Cmin= 2400454355 

GSM2-184.ctr |F|=39 38 11 21 18 30 0 3 10 13 34 38 2 8 23 32 38 16 13 14 34 16 17 26 6 14 35 20 8 21 31 36 21 32 7 0 12 7 32 12 20 27 11 12 24 24 5 24 29 18 38 13 23 5 0 18 19 24 0 16 7 31 2 17 13 10 6 26 6 38 38 27 15 38 0 1 12 33 14 2 1 2 4 25 35 5 32 16 18 32 21 14 14 24 20 16 23 27 3 29 26 30 6 3 30 34 32 3 28 7 34 30 9 38 5 5 32 37 10 1 20 21 15 23 34 36 0 18 13 32 36 0 23 4 31 3 38 13 35 17 20 30 8 18 18 13 13 12 0 12 13 9 33 17 21 28 3 11 35 16 4 22 6 16 15 26 20 14 1 5 20 10 24 28 18 3 30 20 4 20 32 6 29 16 24 Cmin= 1300270921 

GSM2-227.ctr |F|=39 38 10 24 16 29 27 5 33 24 16 11 9 14 3 23 37 17 5 30 34 7 9 21 23 21 11 6 36 6 29 6 6 29 19 22 8 7 16 3 20 33 3 29 8 6 2 34 24 8 14 8 15 23 19 27 34 19 22 31 25 2 27 20 31 7 32 0 4 9 31 24 3 23 4 0 30 6 34 4 14 10 12 18 22 20 35 17 28 18 38 15 9 15 24 1 22 17 30 15 27 11 1 30 35 33 20 26 0 15 30 4 14 31 11 26 2 7 32 30 15 31 34 24 7 20 15 19 37 34 23 14 6 24 34 30 7 15 6 36 19 25 1 34 18 1 10 9 9 3 0 13 24 35 26 20 16 30 28 3 25 13 18 21 26 13 12 34 28 19 31 36 5 21 31 12 22 30 21 20 34 11 33 8 7 10 28 12 1 18 15 27 20 22 37 7 35 10 30 13 18 11 11 13 32 31 14 5 23 25 25 7 36 9 15 4 19 32 5 9 0 9 25 20 32 23 17 17 Cmin= 1800090154 

GSM2-272.ctr |F|=39 38 26 13 3 19 5 30 29 26 36 18 4 25 3 35 5 38 10 10 1 29 23 14 20 3 5 8 16 11 35 6 11 23 19 14 3 13 6 21 0 31 29 33 6 32 29 11 21 29 10 22 19 33 25 1 37 30 37 3 3 34 9 14 18 17 17 10 31 12 20 20 4 10 14 11 32 33 11 14 23 22 36 3 16 22 32 3 14 31 6 6 26 4 20 33 11 26 4 31 0 13 12 4 13 16 4 6 10 16 20 22 38 6 25 4 17 19 8 31 11 14 26 26 19 35 20 30 23 13 11 23 26 23 27 0 28 21 34 27 37 4 10 25 10 36 29 28 5 37 9 5 2 36 31 10 32 1 29 16 14 1 0 29 24 17 19 3 38 14 30 25 19 2 11 18 27 29 7 21 28 17 26 30 3 7 1 35 8 30 2 11 31 30 29 5 8 9 36 35 13 28 21 32 19 21 11 7 12 8 28 1 25 4 20 17 11 10 13 8 29 4 8 10 35 37 15 4 8 13 29 10 30 11 3 10 22 3 6 34 0 23 24 14 27 5 31 27 4 34 35 33 38 4 4 34 30 8 28 27 10 18 37 1 29 29 0 1 22 6 35 22 29 Cmin= 3400312514 

GSM2-184.ctr |F|=39 1 37 34 13 4 31 34 27 19 21 36 2 28 11 8 4 12 15 38 17 19 21 11 30 35 6 0 7 25 32 35 15 19 19 28 12 11 12 28 30 33 26 21 11 37 29 15 10 5 3 16 13 24 17 4 10 12 5 17 37 26 2 14 35 21 31 36 32 33 26 12 16 13 33 28 0 23 32 38 17 25 4 19 10 10 23 9 22 17 15 10 33 17 13 29 38 5 26 31 27 13 4 5 15 26 33 4 38 15 31 16 1 36 35 1 35 9 10 19 15 26 18 9 32 31 38 32 25 15 13 14 17 7 19 33 33 2 26 33 17 19 38 19 16 24 20 12 33 19 20 9 34 38 8 28 19 7 10 6 11 12 20 29 19 28 23 3 30 10 36 36 29 24 5 34 9 14 36 31 34 6 30 18 6 Cmin= 1900148753 

GSM2-227.ctr |F|=39 0 37 23 14 31 3 38 2 25 23 32 21 17 35 8 32 20 11 14 36 21 18 37 24 19 17 35 21 22 26 37 22 24 21 26 16 24 14 7 11 37 28 21 4 24 18 25 33 19 29 30 1 8 18 14 16 24 11 37 7 37 35 19 11 6 6 16 19 9 24 19 35 13 29 0 27 9 14 21 28 4 2 18 1 9 32 17 33 32 4 29 30 28 9 30 34 4 8 15 13 32 23 37 34 14 26 11 23 2 22 1 34 24 8 36 33 29 3 16 23 36 6 3 25 5 34 21 9 3 25 12 24 37 10 19 12 37 31 24 28 14 14 23 27 22 9 10 13 2 26 25 38 21 17 24 26 1 34 36 4 9 37 17 8 8 37 9 34 18 34 23 21 37 36 37 21 6 8 23 8 23 37 7 5 15 21 32 17 16 18 10 15 16 17 12 13 4 21 37 22 5 21 32 4 7 30 14 14 27 37 11 11 24 8 16 28 29 37 6 34 16 6 10 21 23 11 24 Cmin= 2400023183 

GSM2-272.ctr |F|=39 35 14 33 29 15 6 4 17 1 34 12 4 29 7 27 14 29 0 7 17 20 25 33 22 10 12 16 31 11 26 7 7 30 1 26 34 7 30 12 36 15 13 1 5 21 17 8 11 6 15 17 26 29 11 37 1 23 4 21 35 30 28 31 10 18 18 5 14 38 7 11 3 20 1 36 2 7 5 3 13 10 20 0 0 21 26 29 33 30 11 18 22 28 11 21 7 18 27 21 17 34 21 9 15 22 6 7 18 1 10 31 11 30 20 11 12 8 2 7 38 2 25 10 31 25 32 27 5 20 38 11 4 20 21 8 32 16 15 11 17 14 4 28 6 13 1 7 21 31 3 21 22 29 31 3 4 24 31 9 33 19 10 26 28 20 35 21 36 0 22 15 15 15 4 10 28 33 17 11 14 21 21 37 0 13 1 32 27 21 31 10 1 2 26 30 22 22 12 19 11 23 23 15 38 28 25 28 22 32 28 26 3 10 24 3 23 25 24 0 8 16 11 37 7 37 28 29 9 30 38 9 14 22 25 14 0 0 31 12 32 20 38 35 30 23 27 3 37 13 32 6 29 32 33 26 19 22 16 17 2 4 26 17 16 1 20 16 2 1 28 23 10 Cmin= 4700172558 

GSM2-184.ctr |F|=49 0 32 19 9 11 2 9 40 45 46 21 27 7 40 36 33 39 40 26 15 46 30 21 20 44 39 3 29 32 18 12 32 1 31 46 17 38 6 8 34 8 35 12 20 26 48 5 21 44 31 36 46 12 8 17 13 3 26 42 36 44 10 19 1 42 17 23 36 28 36 22 37 22 39 8 48 44 13 20 39 0 12 37 18 21 10 31 29 36 29 16 36 39 36 42 37 9 16 25 37 4 3 30 26 42 44 31 42 13 2 33 14 15 26 32 41 41 19 26 29 48 43 21 38 35 15 32 44 36 8 37 40 11 19 23 9 14 5 3 32 12 36 46 32 18 34 29 10 9 7 44 8 1 22 3 36 42 35 36 29 43 29 26 10 4 0 19 18 10 22 7 22 14 4 6 37 44 40 48 4 47 48 13 4 Cmin= 400087995 

GSM2-227.ctr |F|=49 48 44 35 31 25 10 42 18 16 12 8 9 27 17 46 39 44 17 5 39 39 23 18 44 5 4 1 40 14 43 6 13 43 41 0 19 2 47 42 23 10 1 32 43 23 29 33 18 2 38 13 42 17 36 42 27 40 43 23 5 43 29 23 42 21 24 18 28 27 11 2 38 13 40 37 41 20 21 11 23 15 24 21 37 17 14 15 8 14 38 14 13 19 37 6 45 17 24 25 45 41 32 39 5 23 27 46 0 4 13 28 19 43 0 7 11 19 27 19 38 21 38 2 45 27 9 42 0 38 23 45 30 11 40 40 35 23 43 40 27 12 19 2 6 24 9 22 48 41 47 38 14 36 40 10 14 5 3 15 0 31 16 35 43 13 27 34 36 26 25 20 38 0 22 1 24 37 28 28 29 26 17 43 14 14 5 33 24 13 4 24 1 21 11 0 34 43 34 26 25 15 46 19 15 20 25 44 8 5 28 42 31 46 37 1 16 47 35 40 16 39 16 17 16 32 17 6 Cmin= 1800102998 

GSM2-272.ctr |F|=49 0 44 16 7 9 19 45 20 14 12 33 23 20 29 10 10 16 34 45 13 42 18 22 15 21 25 30 1 23 25 23 28 25 44 41 34 14 37 10 33 6 44 12 26 29 27 37 45 12 38 15 5 7 37 25 28 13 12 30 41 42 9 21 18 9 13 3 28 6 14 12 12 9 24 39 43 2 27 40 19 16 11 29 28 48 10 8 17 27 43 10 20 8 36 38 17 5 47 45 11 17 13 24 26 42 14 25 0 46 16 24 18 32 4 46 31 19 10 5 3 9 20 23 17 7 18 39 17 16 40 28 33 4 3 15 46 22 40 46 24 13 21 42 45 30 40 33 6 6 43 9 16 14 32 38 26 6 34 43 22 25 22 11 30 31 31 32 9 23 35 34 41 7 27 42 43 23 31 0 35 25 9 2 44 46 45 21 9 30 20 36 7 48 48 42 35 30 25 44 9 11 29 6 24 13 0 18 41 36 23 27 18 37 34 13 39 31 40 48 12 11 36 24 15 40 17 1 21 48 46 36 10 31 42 39 44 47 13 42 40 36 20 9 29 11 22 20 42 18 24 10 30 11 35 45 2 8 47 29 7 0 21 23 31 14 18 32 18 32 25 9 24 Cmin= 2400443441 

GSM2-184.ctr |F|=52 51 25 8 9 37 23 7 10 5 40 4 20 39 23 20 42 8 21 46 27 35 25 13 29 19 1 30 2 25 4 20 0 6 4 37 19 28 44 29 33 8 10 29 24 9 49 14 17 18 8 20 29 9 33 6 5 10 37 7 35 17 4 11 23 8 48 42 36 17 48 45 25 34 22 49 43 47 40 8 41 24 28 19 34 38 25 39 48 38 22 8 32 26 19 31 35 44 50 47 9 46 17 10 4 15 8 47 11 24 31 28 48 35 47 30 49 49 45 22 11 16 30 43 42 25 23 1 45 21 25 2 43 42 13 23 5 49 18 16 21 25 21 17 8 16 24 6 41 17 4 1 9 34 44 0 35 43 29 29 12 2 7 31 44 20 2 26 45 48 18 14 21 39 8 6 4 32 40 21 25 44 22 35 2 Cmin= 600000000 

GSM2-227.ctr |F|=52 35 45 11 14 3 16 44 2 47 15 23 27 11 40 24 49 43 17 16 47 44 29 41 43 35 26 7 5 13 46 12 25 39 24 15 18 16 7 49 40 22 20 15 9 37 16 35 28 33 51 51 25 4 16 17 15 42 0 20 31 22 33 4 37 33 19 3 25 26 28 13 24 49 5 34 10 21 17 14 2 44 13 3 48 29 48 11 47 48 31 26 46 40 7 31 49 26 11 51 29 39 12 1 12 17 11 22 38 28 36 16 20 25 20 44 30 44 3 1 17 11 4 11 51 11 43 25 13 2 24 18 41 12 48 2 30 7 0 44 12 13 9 8 14 5 1 45 25 32 22 42 43 26 30 19 13 21 44 27 51 44 21 16 4 17 46 10 1 47 3 41 8 40 49 50 21 26 43 46 7 14 37 50 16 15 45 30 12 13 33 39 5 2 3 38 48 50 48 25 21 27 14 5 15 39 3 12 14 23 7 49 13 44 23 29 35 17 7 23 30 16 10 12 47 13 26 19 Cmin= 1800148342 

GSM2-272.ctr |F|=52 12 7 25 42 23 16 28 12 3 18 4 23 16 29 18 50 30 37 35 50 8 15 51 50 31 30 45 20 41 25 4 1 32 6 19 32 22 23 44 1 41 24 24 33 29 18 32 8 32 15 6 40 6 5 14 38 11 7 6 0 33 39 29 41 45 48 21 43 19 41 45 36 13 45 46 43 40 26 51 20 17 5 36 24 38 51 38 50 34 20 50 43 35 28 33 4 0 30 24 48 48 45 32 37 38 26 28 2 28 3 50 22 36 35 22 23 10 36 21 44 4 47 36 40 23 45 20 0 51 44 48 47 37 4 33 0 31 37 2 35 41 1 5 1 12 3 24 50 39 21 42 20 17 2 36 16 23 4 16 23 49 40 46 34 45 3 10 0 41 13 35 6 42 17 7 2 20 8 28 36 29 18 4 22 49 40 15 20 44 7 19 41 48 14 0 41 17 10 41 34 51 0 16 41 45 0 19 42 8 47 26 13 42 30 12 15 18 27 35 38 10 3 4 6 45 4 23 38 42 40 49 18 17 13 7 10 41 3 0 25 26 26 15 16 4 27 31 50 30 43 37 16 22 41 23 43 21 22 29 39 11 2 5 28 44 41 38 33 20 39 7 46 Cmin= 2500290460 

GSM2-184.ctr |F|=39 0 30 28 37 26 10 35 38 23 26 4 35 22 30 20 34 32 1 33 11 10 22 34 26 27 16 4 34 37 27 0 37 18 28 35 5 0 21 33 12 8 26 8 19 17 28 3 10 29 36 10 28 8 5 5 36 22 37 20 20 25 20 7 4 38 31 38 27 13 32 28 10 19 36 18 36 14 21 35 32 8 6 11 16 0 5 2 22 3 23 31 28 32 38 32 20 31 31 8 33 13 25 5 32 22 12 18 25 34 3 8 31 9 8 8 10 13 11 21 16 23 14 5 5 2 26 26 33 8 23 28 21 10 22 15 21 34 22 36 18 26 5 10 35 13 8 34 15 19 6 31 31 9 25 25 11 12 12 6 20 25 23 31 24 34 7 6 29 29 31 37 5 25 36 2 27 5 25 3 13 20 34 5 29 Cmin= 1000054155 

GSM2-227.ctr |F|=39 0 37 22 2 38 4 33 7 18 9 35 13 24 12 6 27 26 17 29 32 26 16 38 0 9 8 23 7 20 19 24 20 17 35 12 5 28 6 13 8 4 9 21 28 10 16 5 26 22 35 8 9 12 7 10 21 15 22 28 24 2 2 33 20 37 6 25 26 1 38 23 6 36 33 34 36 38 1 23 21 36 31 31 37 27 30 8 31 13 25 16 16 27 38 25 14 6 11 29 7 0 14 2 25 36 37 22 36 27 6 7 24 26 38 11 14 29 19 34 32 5 11 9 21 11 23 24 6 34 14 2 23 17 5 10 15 3 32 1 30 28 8 4 4 36 4 8 15 23 3 8 17 15 6 27 15 29 12 10 14 26 12 37 33 17 8 37 9 30 38 28 19 35 21 23 32 25 20 9 9 24 6 15 28 2 3 32 20 15 3 34 31 15 33 25 22 30 23 20 21 11 38 29 35 20 3 29 7 23 27 5 36 22 21 25 24 13 18 6 18 10 29 10 26 12 24 37 Cmin= 2000098422 

GSM2-272.ctr |F|=39 38 32 12 19 31 30 24 17 20 8 25 24 31 13 6 32 20 8 20 0 38 37 8 34 9 25 4 16 11 12 33 38 33 6 18 14 25 4 31 7 1 17 31 32 20 38 15 29 7 24 30 34 11 27 29 20 2 22 25 2 34 19 1 17 14 8 31 1 1 12 36 30 19 28 24 0 16 28 18 12 13 37 36 24 25 15 33 16 38 19 18 22 28 8 1 31 17 21 21 18 23 18 10 3 36 23 31 2 1 10 4 14 9 1 27 23 5 21 29 4 29 8 16 7 17 6 28 23 16 10 30 0 18 29 31 4 2 12 34 3 23 38 6 21 28 33 33 34 4 23 27 23 21 4 19 38 38 8 11 16 8 2 16 15 32 9 8 34 10 3 27 33 31 33 4 9 28 27 4 21 0 21 33 21 14 14 9 14 11 20 30 19 12 35 23 33 33 31 28 5 24 5 27 16 0 21 14 17 9 19 38 37 29 33 20 32 36 18 7 8 28 26 17 1 23 1 23 17 22 1 22 7 7 11 12 7 21 26 24 30 34 12 17 13 34 37 7 31 6 3 1 34 30 7 24 14 8 8 20 19 9 32 26 16 32 27 12 14 4 36 33 27 Cmin= 3100477879 

GSM2-184.ctr |F|=49 48 44 25 4 3 44 36 19 43 14 28 18 4 27 20 11 12 48 34 32 43 12 30 43 24 40 1 45 41 0 23 41 1 4 45 9 0 37 28 48 8 12 17 12 44 43 28 8 42 13 40 37 31 26 36 11 18 38 8 10 43 31 2 44 35 3 9 40 41 42 45 5 6 13 22 1 12 1 9 11 14 5 4 45 32 40 8 1 29 21 16 24 3 19 24 43 27 34 40 24 27 36 29 33 5 2 40 18 3 0 34 23 6 38 19 38 34 32 44 15 9 11 44 12 35 19 12 14 9 3 38 42 44 19 26 0 26 22 23 30 23 13 4 34 7 28 28 42 17 23 8 26 39 3 44 26 27 7 45 37 15 39 30 15 14 12 20 41 35 0 27 14 13 31 4 21 15 32 14 32 11 27 10 6 Cmin= 200135175 

GSM2-227.ctr |F|=49 0 14 16 1 39 33 47 38 9 45 42 14 3 24 20 14 33 37 44 33 19 37 15 37 9 1 9 32 6 34 15 11 0 32 13 44 21 11 33 30 7 26 0 15 7 26 29 40 14 30 30 38 23 45 26 37 46 35 20 3 26 40 15 26 23 33 21 44 44 10 31 7 41 36 27 48 13 12 45 32 47 26 21 26 22 4 14 20 44 39 28 21 31 48 47 5 32 24 6 32 39 42 39 32 29 22 36 48 40 37 36 38 14 14 16 42 18 30 13 13 21 46 35 3 46 38 13 29 19 19 18 9 17 13 46 47 36 39 2 27 27 38 16 42 3 37 40 26 19 9 40 45 6 31 48 8 25 17 43 44 42 12 10 10 25 12 8 12 2 15 44 35 5 17 33 13 5 24 40 29 33 31 25 44 18 29 4 43 3 47 44 45 10 10 6 35 22 20 4 30 35 4 21 45 21 5 10 32 34 1 17 18 37 48 18 11 33 22 5 36 25 5 32 35 15 44 27 Cmin= 1100120830 

GSM2-272.ctr |F|=49 0 39 27 0 47 26 36 23 14 6 19 6 30 21 25 20 42 2 27 8 8 39 41 37 43 16 29 24 33 29 29 34 19 13 39 23 39 26 46 9 32 17 15 19 43 46 44 36 4 28 44 17 18 41 6 17 8 35 41 42 20 26 32 45 39 22 19 34 4 16 44 41 38 15 16 32 12 12 19 17 45 20 34 14 12 45 36 21 36 28 19 8 10 2 4 1 29 23 40 38 44 40 30 39 7 47 27 24 15 3 46 11 23 37 30 35 33 17 7 21 1 31 34 11 38 38 17 18 17 9 12 17 5 43 7 12 41 35 42 12 38 39 28 12 27 9 3 17 26 16 43 32 47 28 48 37 22 17 11 39 31 24 7 36 18 20 5 15 11 47 27 5 42 6 22 26 20 25 48 2 41 42 34 40 26 33 28 48 6 39 43 37 14 6 30 37 26 35 3 37 38 35 47 31 46 20 13 17 46 12 19 43 10 9 39 36 43 18 40 5 14 34 43 33 41 29 22 23 15 30 17 9 17 15 45 19 36 10 37 38 27 12 37 38 27 28 30 21 2 22 26 21 12 25 6 4 5 33 33 25 14 1 39 36 16 36 12 8 2 0 2 29 Cmin= 2600159714 

GSM2-184.ctr |F|=52 27 39 45 20 24 44 48 44 30 11 48 40 32 10 32 4 39 4 1 11 47 22 23 33 1 30 47 42 18 49 1 21 13 23 42 13 15 14 5 45 1 30 10 9 40 42 14 4 22 43 15 45 14 38 26 15 16 21 5 10 46 35 32 35 6 50 48 21 12 30 42 13 8 0 51 24 18 13 28 40 32 43 33 22 5 7 37 50 4 19 8 51 30 16 34 36 14 7 33 2 37 23 44 21 0 43 45 18 32 22 7 12 41 16 35 47 0 48 21 4 43 5 31 49 22 42 33 12 49 42 43 34 14 35 3 14 2 24 32 34 46 15 22 36 8 33 7 8 30 28 40 49 33 20 47 31 10 4 20 35 47 11 45 37 22 24 51 24 48 7 6 43 51 4 3 7 38 10 15 16 14 31 41 23 Cmin= 500000644 

GSM2-227.ctr |F|=52 51 21 27 7 17 1 46 39 45 43 22 17 16 17 24 40 5 24 2 25 44 6 49 26 46 22 8 21 44 4 19 43 25 46 27 18 23 21 33 45 12 31 10 5 49 34 21 30 34 24 31 3 30 5 29 24 3 13 45 47 17 40 15 18 34 42 37 34 11 18 27 0 50 37 5 23 47 26 29 30 26 36 9 32 41 14 4 45 28 26 40 21 42 3 40 25 45 1 35 33 19 10 33 45 47 38 44 42 40 21 48 43 34 5 23 23 20 4 16 24 6 33 45 48 12 9 49 34 10 32 15 30 42 48 51 13 10 20 32 26 17 4 45 51 38 17 23 34 49 15 6 31 24 27 27 37 37 1 19 47 33 10 1 0 34 29 41 44 49 21 46 14 2 40 14 40 33 13 22 6 28 4 37 1 31 40 14 44 41 9 40 23 19 17 51 1 46 40 21 43 38 43 6 40 31 48 28 40 9 26 46 13 6 7 42 13 48 4 6 37 13 22 36 8 39 35 9 Cmin= 1500300691 

GSM2-272.ctr |F|=52 0 18 15 19 27 15 26 26 16 2 23 48 20 33 31 15 40 38 22 16 27 45 4 4 13 32 26 24 36 36 11 36 2 26 3 29 41 5 32 33 7 31 29 3 41 9 46 29 47 16 22 51 38 26 3 51 35 5 23 19 42 10 3 20 36 34 26 1 39 6 34 22 13 12 25 2 49 48 32 20 12 2 19 50 4 51 26 39 32 25 6 50 36 9 19 20 19 45 50 6 27 8 4 16 20 6 19 45 2 27 14 14 29 9 41 9 36 15 49 17 40 3 43 24 41 10 21 8 31 47 43 34 3 47 51 0 29 18 45 31 45 35 22 50 21 11 7 5 2 32 50 42 12 42 43 29 28 40 37 8 11 4 18 14 28 17 14 5 11 36 13 32 47 35 30 16 46 14 50 24 46 48 42 34 38 9 11 43 25 25 51 36 29 45 51 33 11 41 15 50 1 28 31 49 11 37 13 33 27 11 5 50 36 47 32 50 33 44 41 6 17 16 43 22 10 18 4 49 35 19 47 37 47 26 34 6 40 23 15 15 11 20 13 47 43 46 45 24 38 11 31 3 27 50 25 37 16 5 34 51 24 6 36 47 32 46 29 48 18 44 12 29 Cmin= 2600032199 

GSM2-184.ctr |F|=39 0 23 27 19 18 26 32 29 35 25 10 14 29 18 5 8 31 17 10 19 11 37 31 13 22 12 26 10 1 26 11 29 10 38 9 17 15 31 35 0 17 6 14 36 25 20 5 6 26 4 14 26 30 7 0 14 19 27 24 20 14 35 11 13 24 9 19 28 1 15 28 8 11 3 33 25 12 38 31 27 31 6 15 23 2 15 26 21 31 0 31 6 25 31 8 10 1 16 27 31 32 16 28 4 8 22 18 10 10 10 37 2 5 2 14 36 18 29 18 38 30 10 6 16 30 3 15 21 20 3 13 2 8 30 34 5 13 13 15 12 12 3 3 6 5 7 3 12 36 11 12 27 10 7 32 2 38 36 23 8 28 25 10 36 16 33 31 18 35 7 30 36 10 22 4 5 29 35 17 27 7 18 4 18 Cmin= 1600219456 

GSM2-184.ctr |F|=49 48 25 14 32 22 30 35 1 19 13 37 32 20 8 28 10 11 10 16 13 9 44 34 10 28 21 20 39 41 27 4 41 3 18 29 25 5 15 31 29 29 24 12 5 38 45 20 0 6 36 13 20 36 3 36 15 25 12 10 17 40 15 9 43 38 44 25 43 10 12 28 44 37 40 5 26 37 25 26 48 17 40 25 4 43 12 20 19 24 35 42 15 6 7 15 45 2 40 44 18 8 24 18 45 20 24 22 13 5 5 13 28 1 43 32 44 6 8 20 30 44 18 2 1 25 22 2 28 18 47 2 26 22 20 23 42 0 1 7 6 11 25 34 12 19 22 13 30 36 38 16 31 7 18 37 32 45 40 16 14 43 23 41 16 44 20 14 0 21 26 11 33 7 1 1 26 24 14 12 11 3 29 47 15 Cmin= 1000097010 

GSM2-227.ctr |F|=39 18 12 6 29 32 1 37 4 15 21 4 24 36 32 28 24 38 38 26 24 3 37 24 30 21 13 6 4 8 12 9 16 13 16 6 34 6 32 27 22 14 32 7 0 14 36 25 13 24 1 26 27 27 12 7 9 14 14 13 22 15 12 27 17 28 33 1 34 27 28 6 30 10 14 20 24 0 34 27 24 35 14 1 12 15 9 22 29 12 24 2 16 36 29 33 14 24 23 38 1 12 5 31 23 8 12 36 8 7 24 21 31 28 12 5 4 10 16 23 22 1 25 27 27 15 10 2 28 33 1 29 6 35 22 29 4 23 27 2 20 1 23 1 18 24 34 23 34 11 7 17 2 21 33 29 36 4 20 26 37 11 5 5 7 27 23 11 1 0 2 10 2 26 11 9 0 7 32 35 7 28 2 9 10 36 27 36 1 37 12 0 9 17 33 5 6 6 5 35 7 8 6 37 23 6 7 23 2 29 19 10 7 22 8 18 19 25 4 9 12 16 37 10 33 20 15 28 Cmin= 2500284039 

GSM2-227.ctr |F|=49 48 29 31 23 13 14 26 31 23 6 16 18 37 25 17 39 17 17 11 33 44 12 13 29 17 36 14 45 17 29 10 21 9 46 45 27 11 27 9 39 33 30 8 26 7 30 17 29 47 28 18 43 45 31 28 19 23 42 15 41 28 30 18 42 27 14 21 43 46 35 39 30 17 3 8 24 34 30 9 37 14 27 36 10 14 16 34 37 14 6 34 42 41 4 36 25 23 8 19 21 43 14 7 11 18 20 40 8 1 5 45 15 32 33 31 2 5 16 45 19 27 35 13 20 44 5 45 19 13 20 45 12 35 8 29 4 29 25 17 35 31 18 2 19 7 38 27 12 10 23 32 38 9 1 9 5 6 5 29 24 30 30 41 16 38 21 25 23 3 42 10 34 12 17 9 19 6 36 37 16 15 25 5 25 26 19 35 37 29 20 12 11 6 9 27 0 31 9 24 34 2 34 24 19 2 38 44 13 31 37 29 46 13 40 27 39 10 18 32 40 43 0 7 0 9 34 1 Cmin= 900000000 

GSM2-272.ctr |F|=39 0 34 19 12 22 9 37 30 29 32 1 12 10 10 22 10 10 24 37 30 10 3 31 3 21 2 2 18 3 29 10 3 14 18 5 25 16 3 16 34 24 6 35 34 16 19 34 15 32 21 6 3 13 27 6 34 18 36 2 10 15 12 14 18 30 19 4 36 11 9 31 24 15 28 20 21 36 4 25 29 25 21 21 38 9 16 22 16 13 24 27 17 26 30 36 6 38 29 3 10 28 24 23 32 13 4 3 38 8 29 28 22 11 38 10 9 15 32 25 17 7 2 34 22 32 20 17 20 0 21 19 28 6 4 21 8 8 25 7 6 4 24 28 15 23 28 24 38 21 38 16 17 30 0 28 12 10 7 33 10 17 13 27 12 17 37 20 15 12 16 10 16 1 27 31 13 16 5 12 27 33 17 5 13 17 23 25 27 30 8 26 36 22 14 9 28 13 29 4 25 6 14 31 35 3 12 9 19 7 21 35 1 27 30 3 5 14 28 22 33 37 9 30 9 13 0 37 15 18 31 29 13 34 21 9 26 34 18 35 30 28 31 20 5 22 23 10 36 12 21 30 38 20 10 8 33 10 7 9 28 27 27 30 22 10 0 10 33 7 6 24 24 Cmin= 2700608521 

GSM2-184.ctr |F|=52 0 0 48 30 51 20 47 36 3 35 3 26 38 29 45 51 48 35 19 45 19 28 44 15 7 31 14 18 37 8 20 37 8 16 43 7 37 15 19 16 50 22 18 12 28 39 11 24 22 7 46 18 35 38 33 42 45 23 36 30 31 32 43 16 25 35 23 38 50 19 2 24 41 20 36 45 35 23 18 5 30 12 51 42 50 33 8 44 32 45 50 12 1 42 28 26 25 27 12 51 46 14 51 12 10 35 33 21 6 51 27 37 39 2 27 14 11 11 34 44 32 32 4 34 22 8 8 23 11 21 50 34 11 49 22 50 8 3 19 15 31 22 28 18 25 31 8 36 42 42 28 23 51 8 5 49 44 13 49 4 10 23 14 50 49 36 48 5 39 15 20 18 14 48 13 39 27 49 51 18 40 4 41 15 Cmin= 500000825 

GSM2-184.ctr |F|=39 0 21 10 10 24 30 21 25 15 9 21 6 8 1 7 3 13 3 5 30 4 7 26 25 16 22 23 13 12 12 27 12 33 26 22 18 18 32 32 33 3 14 0 0 16 35 31 18 27 37 9 31 33 24 6 0 7 29 2 19 30 29 20 24 17 32 32 24 25 25 18 17 1 7 6 6 31 38 24 19 25 22 0 19 36 34 8 4 25 11 13 5 29 22 30 35 4 12 20 30 37 27 36 27 23 4 33 15 3 7 34 28 30 23 36 27 19 34 20 33 6 22 38 24 6 18 21 38 30 30 29 18 19 16 6 3 9 29 8 12 36 31 29 16 16 15 4 24 10 14 7 5 25 34 30 31 14 12 31 33 31 10 12 11 15 19 4 24 9 12 25 34 32 15 12 9 31 5 22 30 19 29 36 6 Cmin= 1400286087 

GSM2-227.ctr |F|=52 1 12 26 35 37 12 13 32 27 9 14 36 21 26 48 27 28 16 45 18 5 9 39 29 21 9 50 11 11 29 34 12 41 36 24 2 48 13 34 24 23 49 36 44 51 33 48 4 49 41 22 30 26 10 7 47 19 34 34 30 11 16 19 28 0 43 30 25 4 40 25 27 37 9 48 37 18 44 41 43 33 11 21 7 49 5 31 17 39 13 23 26 6 42 30 34 33 8 7 14 48 32 41 10 18 37 47 36 5 12 28 38 51 49 22 49 2 29 14 17 42 37 19 48 4 49 7 37 33 14 51 30 23 17 16 41 30 39 1 36 51 29 50 26 3 20 23 5 49 13 51 16 27 18 40 31 16 47 16 25 38 44 3 9 9 19 26 15 6 27 51 33 33 50 8 36 46 7 17 20 21 44 36 48 11 24 27 3 20 19 28 6 11 8 43 48 3 17 12 38 20 39 47 29 37 3 13 32 39 7 28 8 51 12 32 38 36 7 17 32 26 22 14 14 30 5 38 Cmin= 1600049814 

GSM2-272.ctr |F|=49 48 40 16 2 5 11 25 26 44 25 13 20 44 37 7 32 20 40 20 45 38 32 29 26 4 30 3 2 17 45 15 21 41 31 24 46 47 5 29 42 35 42 13 31 35 26 14 12 17 39 13 11 22 42 38 31 23 46 38 45 42 4 23 34 36 3 36 39 13 16 38 0 15 7 31 1 33 1 18 7 40 31 18 19 25 12 1 4 9 40 6 7 0 29 41 41 32 34 32 45 1 21 1 21 28 32 28 18 33 46 25 30 29 48 0 10 12 6 19 21 2 25 34 3 5 31 44 42 16 32 39 23 4 40 44 38 29 23 7 18 21 37 48 6 36 4 21 48 16 40 26 18 17 11 26 22 42 22 16 15 5 11 38 15 7 33 9 41 13 16 16 39 9 15 45 45 25 17 1 41 13 27 10 30 43 42 9 41 15 30 7 25 46 1 45 4 40 5 2 4 21 18 43 30 38 44 32 14 17 33 11 30 16 27 12 15 20 26 7 40 7 20 16 4 21 13 13 12 18 15 21 45 38 20 31 28 15 19 47 37 3 10 19 24 42 36 39 13 13 3 4 20 23 25 29 0 43 42 13 18 14 39 14 3 11 1 36 31 21 35 20 29 Cmin= 2100350116 

GSM2-272.ctr |F|=52 0 17 23 43 4 32 7 35 32 50 45 27 32 47 14 32 30 39 42 27 4 40 12 33 31 19 20 7 38 33 1 15 26 24 34 30 33 41 41 13 16 35 16 24 6 30 4 36 17 22 40 49 10 0 7 41 47 27 24 10 36 2 25 10 2 7 16 35 25 6 24 41 17 40 41 51 19 45 12 12 15 0 10 25 28 45 42 24 20 42 34 33 20 35 43 23 42 36 34 43 42 7 32 35 23 21 10 42 42 22 31 33 22 41 6 27 10 24 51 6 43 9 39 11 20 31 34 38 43 45 30 9 28 10 44 51 8 2 18 50 25 49 32 23 14 14 50 24 15 25 30 6 10 18 17 30 25 28 17 16 49 23 25 25 33 45 24 17 23 18 44 24 15 0 48 5 14 22 29 5 24 36 11 34 30 5 41 31 9 34 47 6 5 48 7 14 17 7 32 40 26 24 13 17 24 37 23 14 35 28 48 7 12 7 18 18 40 7 49 25 41 20 7 22 16 14 36 33 22 16 50 24 16 39 41 16 24 40 7 35 17 3 19 5 38 37 24 3 20 49 28 37 18 36 7 10 50 43 20 48 36 18 20 0 5 38 45 5 26 0 40 43 Cmin= 1700527695 

GSM2-184.ctr |F|=49 48 9 15 12 47 45 4 19 43 4 18 0 27 41 31 35 47 37 39 31 1 19 34 35 10 48 15 27 39 43 34 43 4 5 7 7 7 16 26 1 25 0 6 3 41 38 38 44 31 34 26 33 9 11 24 19 15 39 3 11 39 37 5 43 47 17 6 5 33 33 6 10 38 13 18 31 7 13 26 38 47 9 27 7 25 8 32 41 47 35 8 42 28 18 36 26 36 48 32 25 32 43 40 26 7 10 8 19 23 40 14 26 5 41 38 30 5 21 27 4 12 40 2 40 10 39 23 2 38 11 27 26 5 19 3 18 29 17 37 8 13 7 34 18 5 23 4 10 1 37 19 13 28 22 10 38 17 38 40 11 0 19 37 10 43 45 28 28 18 22 36 36 29 21 5 34 0 15 1 6 3 20 25 31 Cmin= 600174542 

GSM2-227.ctr |F|=39 0 18 1 35 33 36 0 5 21 9 34 32 27 34 21 30 4 8 21 28 12 7 32 3 15 35 5 20 26 3 6 15 10 8 0 32 33 0 37 15 10 33 8 26 17 18 7 22 26 17 0 38 24 32 31 29 28 25 10 4 28 5 9 28 2 9 21 35 10 20 11 9 3 8 24 20 26 31 3 13 10 31 2 23 24 22 13 2 8 12 7 26 18 16 15 20 14 36 17 24 6 17 22 9 26 8 30 2 28 22 5 27 15 7 1 28 18 14 31 26 16 27 13 34 32 28 4 7 15 10 21 21 28 4 31 4 1 11 6 19 22 11 7 26 7 8 5 25 12 36 13 28 13 15 12 6 33 16 13 9 27 34 19 5 28 0 37 18 0 4 37 23 5 6 38 12 3 4 27 4 29 29 32 3 5 33 9 27 11 12 25 27 35 6 21 24 6 19 32 35 12 30 19 6 25 7 8 29 12 35 33 30 25 16 34 19 38 32 8 38 5 33 15 30 28 36 4 Cmin= 2900109840 

GSM2-227.ctr |F|=49 48 11 15 46 19 5 27 42 31 32 34 43 21 3 45 22 48 33 9 20 43 21 38 21 47 14 16 27 42 26 17 47 42 38 44 12 48 22 11 30 10 45 29 32 4 25 5 4 15 19 29 14 40 19 36 38 38 8 22 37 39 39 35 33 28 30 45 32 9 7 13 19 9 42 7 18 24 18 22 44 37 8 9 29 27 1 23 21 15 45 9 5 41 44 43 25 31 40 9 40 3 22 15 17 21 23 36 1 41 14 45 29 22 10 14 0 17 38 27 32 39 36 42 31 37 37 13 19 33 22 15 36 0 30 10 26 4 46 32 1 11 33 36 34 44 1 39 17 44 17 5 35 10 47 22 3 40 35 22 24 13 42 17 14 23 27 45 33 24 29 39 40 13 26 25 13 28 21 30 23 43 40 14 9 39 37 12 30 23 39 11 42 32 28 7 12 6 8 1 35 37 40 31 7 18 13 20 46 34 7 25 33 3 40 43 42 33 11 29 7 2 45 0 34 24 12 2 Cmin= 1600026955 

GSM2-272.ctr |F|=39 0 8 25 5 28 34 7 28 28 3 24 20 34 7 4 35 34 14 9 6 12 21 27 34 23 15 7 30 19 20 10 8 17 35 13 7 31 10 24 9 13 9 29 37 5 22 33 28 36 4 34 37 14 22 22 37 26 18 28 6 0 28 14 17 13 17 13 5 16 38 3 18 36 32 16 31 4 11 20 30 4 5 17 18 16 28 6 4 8 23 38 8 12 3 14 26 9 28 20 25 27 13 4 13 34 21 5 0 21 15 30 14 20 8 21 25 26 27 29 34 12 18 3 13 21 6 28 30 34 10 5 11 12 37 14 7 19 19 7 29 34 26 4 4 24 26 30 11 3 9 6 15 27 37 29 37 4 7 17 28 6 22 28 18 21 3 26 29 12 22 20 35 10 13 29 34 28 9 34 32 18 29 36 35 27 26 22 20 23 1 37 29 12 27 9 22 19 35 13 20 7 22 17 17 35 7 1 14 16 35 7 23 14 4 8 2 20 31 12 4 32 10 33 33 26 3 17 35 27 19 16 35 30 33 2 15 29 32 29 6 17 36 30 32 30 27 34 11 19 35 4 1 7 37 35 22 30 2 18 7 10 35 3 1 29 34 16 20 27 7 15 5 Cmin= 2300051544 

GSM2-272.ctr |F|=49 15 19 23 4 25 28 44 29 39 1 42 18 43 33 1 31 15 15 37 1 3 18 24 1 7 12 28 46 9 20 4 24 40 27 29 16 11 24 2 2 30 44 25 25 29 27 12 44 47 5 2 1 23 26 2 36 38 35 33 3 7 37 28 3 20 13 24 37 37 26 39 24 22 20 0 7 3 17 2 1 23 9 2 2 36 9 38 30 1 28 39 13 16 18 16 42 36 40 30 29 23 25 4 1 45 9 8 5 27 15 6 6 30 14 8 17 28 3 3 29 31 42 42 3 16 9 45 3 6 26 33 29 7 42 30 4 3 43 9 35 9 20 41 39 34 5 12 14 13 21 43 44 19 42 4 36 2 0 44 13 32 33 42 39 27 28 48 35 22 13 21 37 34 18 27 24 28 45 38 42 17 38 42 41 31 46 28 38 47 29 3 35 13 1 30 45 30 30 36 3 43 8 45 33 31 24 9 11 25 3 9 47 41 2 39 28 0 24 23 3 4 31 43 22 37 24 24 18 10 11 27 5 25 23 43 12 3 3 23 28 7 37 26 4 40 22 38 45 46 17 4 6 4 47 33 41 22 8 11 38 25 43 43 1 22 42 18 26 46 47 10 9 Cmin= 2700059668 

GSM2-184.ctr |F|=52 51 16 9 48 29 5 23 24 25 39 13 39 0 24 31 13 1 12 48 46 36 1 3 8 44 6 34 40 46 4 12 21 48 21 17 2 27 17 26 28 4 16 43 32 40 22 22 18 10 46 40 46 48 44 2 40 26 13 5 20 45 17 42 18 14 35 20 17 0 22 45 33 14 13 41 3 35 11 21 46 6 9 16 2 29 47 18 32 8 23 28 1 16 46 19 7 30 15 24 6 38 46 39 0 7 5 31 18 16 28 40 22 14 5 0 43 28 19 51 36 18 28 13 11 22 9 18 0 24 42 7 10 12 22 39 47 27 46 14 20 23 30 18 37 35 19 4 39 14 4 23 32 32 13 19 2 22 37 31 46 4 14 33 16 36 48 12 40 42 2 36 13 32 2 26 44 49 31 31 39 11 31 20 19 Cmin= 900079193 

GSM2-184.ctr |F|=39 38 6 23 25 32 27 27 30 32 6 13 5 27 5 9 6 7 13 36 21 6 25 9 12 31 16 24 26 32 22 12 32 18 35 7 0 12 23 31 33 19 33 0 35 27 37 2 34 1 27 5 7 14 15 9 6 31 22 33 13 5 34 34 12 19 31 13 20 15 33 15 34 27 15 31 16 2 22 0 3 11 6 0 25 21 9 20 2 31 3 4 25 37 28 38 6 20 1 27 35 34 31 20 11 35 1 16 37 23 17 2 34 23 30 9 33 0 30 24 20 33 17 6 21 6 33 27 15 23 4 12 7 35 21 19 31 22 24 30 6 2 21 2 14 1 0 8 1 30 21 10 25 0 5 7 34 28 23 11 12 28 12 20 13 33 28 6 16 2 25 11 5 35 2 8 36 3 6 26 33 27 36 8 16 Cmin= 900101565 

GSM2-227.ctr |F|=52 0 5 15 25 11 51 37 23 51 40 10 38 30 33 10 36 0 50 43 51 13 1 9 47 27 25 9 3 35 49 19 36 30 10 37 41 9 22 13 37 38 51 23 16 8 10 28 8 36 47 35 50 48 20 45 51 45 30 2 29 3 49 41 34 36 2 23 45 0 12 30 38 40 30 2 48 40 30 33 24 25 44 50 50 13 19 25 34 26 4 39 29 1 28 11 37 6 11 7 6 51 13 44 39 43 22 12 7 28 45 8 2 13 6 28 26 2 29 37 28 33 24 5 11 29 45 24 35 32 31 18 31 21 10 47 12 9 7 20 37 28 28 15 41 10 43 44 12 49 29 40 30 29 22 41 6 43 14 18 23 21 36 30 42 22 25 3 31 32 51 45 36 3 8 26 13 28 46 26 25 51 42 3 28 12 21 11 31 35 5 2 4 41 9 47 39 34 50 47 43 25 40 3 28 24 5 41 0 51 43 1 26 34 5 31 22 26 42 30 37 47 8 41 12 17 12 27 Cmin= 1200192709 

GSM2-227.ctr |F|=39 0 20 17 22 17 27 14 35 1 20 22 9 15 4 19 7 27 21 32 9 34 36 10 38 26 3 30 34 19 17 22 19 27 28 30 33 6 33 18 35 14 29 34 19 33 14 26 10 36 8 8 20 5 18 8 32 21 0 16 1 6 27 9 22 16 29 6 11 23 13 8 27 4 3 7 37 6 33 37 31 2 6 13 35 25 10 17 35 38 33 26 34 21 35 17 27 14 12 38 38 26 35 26 30 27 33 28 34 16 26 15 7 22 17 3 8 28 21 4 27 4 19 22 26 5 29 3 19 2 30 18 28 16 33 19 4 27 37 27 32 13 4 0 35 21 4 4 38 25 37 27 29 6 38 5 11 28 36 31 31 28 38 9 5 33 29 37 21 27 26 15 29 19 4 26 29 8 19 18 22 6 6 13 13 5 7 24 23 5 16 15 22 5 24 27 38 3 25 9 19 1 13 10 9 18 36 28 26 5 7 10 12 2 12 14 35 8 38 19 2 5 23 24 10 37 12 9 Cmin= 2900183725 

GSM2-272.ctr |F|=52 51 47 16 23 13 30 12 42 20 49 0 0 28 37 46 16 13 11 31 7 47 6 25 20 43 10 19 15 37 27 42 12 22 6 35 11 13 47 1 9 20 30 9 24 15 3 16 5 42 47 12 38 29 13 34 49 23 1 12 8 4 30 48 2 13 7 14 26 3 43 35 51 21 44 24 13 23 40 18 41 12 30 27 41 43 37 38 15 14 26 51 18 5 48 49 18 3 39 20 34 30 3 10 0 23 34 13 22 22 7 11 34 37 15 0 28 0 14 19 15 17 19 9 22 43 34 16 22 21 36 33 0 15 43 28 38 1 17 8 51 24 47 10 9 10 10 13 39 0 33 30 17 28 15 15 47 50 31 17 19 43 26 19 6 45 23 20 46 40 4 46 12 0 4 49 10 42 39 25 42 20 3 8 24 19 23 19 17 31 12 36 22 15 32 5 8 31 1 3 20 6 49 8 34 29 34 20 19 21 46 9 17 49 45 17 44 17 36 9 24 24 22 22 39 30 3 24 9 5 27 5 39 0 42 21 5 24 17 24 21 11 9 38 37 3 3 29 20 15 15 20 15 13 42 31 43 46 3 28 51 6 10 14 34 0 35 39 0 28 11 21 40 Cmin= 2600461166 

GSM2-184.ctr |F|=49 7 27 4 14 19 42 24 32 16 10 22 41 23 42 25 41 27 10 17 37 25 4 25 0 16 16 35 32 17 46 14 24 29 18 38 48 17 18 36 33 28 14 30 2 8 7 48 40 22 21 28 47 26 9 4 42 30 39 25 47 41 44 27 26 14 16 26 31 35 18 20 19 33 6 27 46 18 31 42 40 4 21 39 30 36 48 28 22 38 9 21 35 5 48 12 24 21 43 11 12 13 36 31 2 42 9 48 12 41 46 8 1 18 3 36 10 2 15 33 45 29 10 31 39 9 44 19 35 38 30 47 7 22 35 14 16 44 18 33 41 15 46 47 39 1 34 0 3 5 38 0 35 48 36 30 14 31 1 0 26 36 4 38 10 39 4 31 34 22 15 32 38 12 30 28 18 21 28 22 26 18 27 17 22 Cmin= 1200170631 

GSM2-184.ctr |F|=52 19 32 23 12 26 26 50 14 16 14 36 38 50 23 43 30 12 46 1 46 20 33 50 27 40 28 32 9 15 37 8 35 45 7 23 19 10 49 9 26 40 22 40 38 45 7 45 34 29 22 4 49 32 30 1 48 34 33 5 49 46 41 8 40 49 31 7 35 5 45 37 45 15 25 7 36 8 28 46 38 51 50 11 31 4 12 27 38 21 8 36 16 49 44 4 22 0 39 5 33 8 42 2 23 43 37 8 28 14 30 42 41 5 1 48 9 14 51 48 35 35 8 27 8 28 7 31 28 47 12 37 3 31 39 3 50 25 39 26 15 17 16 32 22 46 28 32 36 3 4 47 38 12 23 46 40 30 25 45 1 14 30 33 21 46 36 19 19 23 22 10 16 14 42 39 8 46 47 44 49 51 16 35 11 Cmin= 700110480 

GSM2-227.ctr |F|=49 0 6 28 9 12 36 12 47 5 36 20 15 40 17 42 21 34 45 16 13 37 22 48 46 7 15 40 36 33 47 46 38 10 25 47 27 17 15 26 22 7 2 43 48 19 41 25 9 37 41 27 30 15 27 33 27 42 29 15 31 27 17 20 37 47 24 21 16 39 47 38 3 5 37 7 29 29 32 38 23 29 17 4 44 44 42 28 42 22 48 29 1 16 5 43 14 29 15 30 25 18 25 28 28 13 35 8 48 23 47 27 3 20 36 4 20 30 32 18 3 31 47 9 47 8 9 17 38 24 48 19 48 29 47 27 47 38 41 46 12 44 29 15 15 17 19 40 3 7 9 6 43 12 21 46 20 30 15 14 10 19 33 14 48 31 47 46 25 39 0 42 34 29 9 5 2 33 45 5 46 10 17 40 22 38 38 47 24 4 13 34 23 46 5 22 34 3 19 15 42 24 9 32 5 23 37 7 7 33 18 4 48 35 1 21 29 39 24 4 43 37 43 17 40 48 44 30 Cmin= 1000059934 

GSM2-272.ctr |F|=39 27 9 21 8 11 37 36 26 6 19 27 10 33 6 26 25 25 4 35 32 1 23 21 4 26 18 8 10 17 35 20 5 33 31 13 6 29 38 21 25 8 37 24 2 5 11 28 30 4 13 23 5 25 6 9 13 13 6 12 30 3 32 35 36 13 37 3 4 26 14 18 23 12 3 25 17 14 3 37 19 6 10 13 31 5 12 5 8 18 6 38 21 28 24 8 2 11 0 6 26 14 13 10 16 16 25 33 20 28 20 28 34 31 2 16 25 14 21 33 22 17 22 32 6 7 1 8 7 30 4 23 33 17 33 10 34 19 33 4 37 14 32 32 34 23 9 21 27 20 4 10 37 26 3 4 22 33 1 30 24 5 3 7 23 36 18 7 6 12 11 4 15 4 25 0 16 24 10 4 5 14 14 31 2 18 24 24 1 25 4 14 20 7 21 4 33 0 11 0 1 11 4 6 4 18 6 20 3 16 25 8 30 0 28 32 7 2 7 36 17 0 11 37 36 33 2 30 22 2 19 13 2 12 19 6 30 25 15 34 2 1 31 21 30 10 4 26 12 0 24 29 0 35 16 36 18 7 16 2 37 35 15 0 36 23 34 28 9 11 12 0 12 Cmin= 4100113657 

GSM2-272.ctr |F|=49 0 35 43 12 3 1 0 34 23 13 10 1 36 15 31 11 18 4 35 20 28 5 11 30 21 28 20 43 44 46 23 44 37 17 7 41 19 12 26 47 30 41 4 22 7 35 33 26 39 24 46 18 30 14 5 7 42 30 6 37 27 29 37 16 3 0 8 27 12 39 30 42 32 34 15 39 20 4 21 16 34 24 39 15 43 0 27 41 30 33 29 9 19 22 30 22 22 43 5 34 33 35 32 21 20 3 17 45 7 38 17 41 18 8 12 12 13 44 4 44 29 38 9 48 16 44 26 38 38 31 28 27 17 16 5 42 19 22 43 32 16 12 29 35 25 42 3 38 37 13 38 22 7 47 26 24 42 8 13 36 39 47 20 12 14 25 10 39 47 5 22 14 17 2 5 47 44 14 36 38 27 26 16 34 29 43 9 28 2 28 15 47 31 35 15 45 11 31 35 14 36 13 34 9 16 39 7 16 4 43 10 36 25 27 27 11 21 41 39 28 25 10 31 7 2 3 9 18 34 44 33 21 14 18 30 30 13 42 46 23 41 13 10 23 40 42 34 17 35 24 1 11 34 33 19 36 36 28 6 21 28 44 47 42 13 33 28 31 26 31 5 23 Cmin= 2000160418 

GSM2-184.ctr |F|=39 0 36 36 38 12 16 36 24 5 6 21 38 21 33 5 0 34 33 37 8 34 27 7 30 27 28 8 14 5 13 34 5 38 20 32 1 36 29 25 2 25 8 1 7 30 34 7 26 29 33 23 24 10 20 16 27 9 24 2 14 27 36 9 15 17 2 16 14 21 31 5 7 28 6 3 19 2 38 34 31 22 8 5 32 28 21 9 26 35 12 29 12 37 27 16 5 19 33 8 1 14 14 36 3 9 28 11 11 27 7 31 38 15 26 21 32 36 30 8 32 31 37 33 30 26 11 35 6 33 32 35 8 7 21 0 17 10 0 17 26 7 10 26 11 25 8 32 22 38 1 16 20 0 38 11 15 10 35 21 32 28 6 29 36 27 29 3 37 30 20 24 26 19 0 27 5 8 20 28 36 22 33 17 11 Cmin= 1600232270 

GSM2-227.ctr |F|=39 38 8 24 24 31 3 37 30 27 12 30 31 25 30 31 1 12 18 1 28 13 19 36 5 16 25 36 24 8 35 30 35 32 5 21 14 8 19 5 35 20 35 17 34 15 9 24 27 28 26 6 30 34 3 24 0 17 21 25 26 6 5 22 27 10 4 2 19 13 35 4 33 20 21 29 25 20 14 2 37 29 8 17 24 0 2 25 18 23 0 5 18 33 16 34 5 21 37 13 23 22 6 6 32 17 35 7 26 0 9 24 29 7 2 4 7 4 29 25 16 18 19 23 12 36 18 6 7 5 19 19 17 15 25 10 32 22 17 8 11 15 32 29 22 23 33 19 16 12 33 21 30 14 5 32 0 12 38 35 18 8 15 24 23 1 23 5 12 1 13 23 5 34 14 28 18 8 8 23 10 2 5 1 5 10 33 33 11 22 29 18 30 5 3 14 35 26 8 8 16 10 32 22 5 35 0 12 32 36 35 3 27 1 33 33 0 27 16 11 10 7 19 29 1 22 4 25 Cmin= 1900053190 

GSM2-227.ctr |F|=52 0 24 33 5 26 20 51 21 22 11 11 44 33 14 20 13 18 0 28 49 8 20 24 33 27 50 9 29 38 42 38 39 43 47 20 45 16 19 15 38 6 26 6 39 16 26 1 11 3 5 36 39 2 8 48 29 34 5 35 21 23 21 8 14 16 4 8 32 51 51 47 5 1 1 45 17 28 22 28 7 3 12 22 5 49 18 11 31 51 46 0 22 43 36 13 7 16 49 16 15 48 11 49 49 12 42 42 16 40 19 51 19 7 21 25 32 39 36 12 14 6 40 37 49 25 26 32 41 23 24 33 19 35 30 44 24 48 34 16 12 29 44 31 13 13 4 45 29 16 5 19 50 22 32 23 47 6 4 12 29 28 21 24 40 51 16 40 23 51 32 35 4 24 15 17 14 47 11 19 12 44 38 38 14 19 10 37 25 14 26 31 18 47 3 34 23 48 50 46 23 31 30 27 3 21 45 45 16 32 12 4 0 51 43 15 18 29 28 43 19 30 50 37 2 2 48 25 Cmin= 1600203714 

GSM2-272.ctr |F|=39 38 13 31 0 12 18 0 34 9 20 5 4 10 3 30 11 36 30 8 36 21 38 24 4 32 10 12 5 37 0 31 36 14 12 26 15 30 26 10 0 35 5 32 7 8 23 7 5 3 15 30 25 3 15 18 24 26 31 30 24 31 11 11 6 23 37 22 3 13 21 3 10 15 24 6 23 36 13 17 29 17 9 15 21 13 33 6 0 25 25 14 7 36 14 2 20 12 24 23 14 35 15 24 11 28 19 24 26 32 2 16 11 0 20 21 14 3 27 3 18 14 17 25 11 31 27 21 32 2 33 8 37 10 21 37 38 2 22 14 23 14 19 34 14 0 16 17 4 33 21 11 8 27 36 8 9 24 18 2 15 13 38 13 23 10 1 11 12 23 15 35 26 34 20 30 35 25 8 28 8 29 0 16 18 36 14 27 10 32 18 26 6 7 28 18 17 18 19 18 3 34 3 18 29 12 9 14 38 18 3 7 36 3 13 4 28 16 20 28 9 0 4 5 7 32 12 13 12 31 31 4 26 34 22 6 8 21 20 35 0 13 31 25 16 5 30 34 21 11 23 20 11 16 14 7 9 26 9 10 19 1 3 34 25 15 1 22 36 11 18 25 24 Cmin= 3400214397 

GSM2-272.ctr |F|=52 0 23 27 12 51 44 25 19 3 49 31 13 27 14 19 39 20 51 18 40 28 42 14 6 46 32 7 49 37 19 2 37 18 5 26 17 49 27 12 0 24 44 41 51 6 8 38 3 35 32 19 39 23 34 45 17 14 28 15 27 24 45 40 42 50 42 36 23 17 48 51 41 16 40 17 51 24 3 2 7 12 21 47 35 31 16 28 21 21 43 24 45 12 13 11 38 31 47 9 49 44 36 14 36 24 7 35 24 11 13 32 51 35 3 34 42 47 38 40 16 6 12 37 18 1 49 33 33 44 42 6 12 3 48 49 3 4 32 28 15 46 36 14 5 15 24 23 10 10 11 3 16 24 40 11 25 37 44 34 30 10 40 18 13 37 15 17 41 24 21 32 46 5 22 51 20 22 50 30 32 10 33 25 10 22 12 11 35 4 46 41 14 34 8 4 47 51 49 36 23 18 44 17 23 14 44 19 36 43 49 45 29 7 46 39 5 6 26 16 10 20 6 0 31 42 32 2 41 29 39 13 23 7 6 46 22 51 13 34 18 39 3 47 22 49 10 3 3 36 19 41 33 25 18 40 15 50 42 5 4 5 46 27 13 0 22 11 27 11 21 45 26 Cmin= 1400463972 

