MonoObjective Genetic Algorithm
Number of Evaluations = 0
Mutation Probability = 0.0100000000000000002
Crossover Probability = 0.5
Population Size = 100
Survival Selection Type = 16

Time =  300.048096999999984

Current Evaluation = 95000
Front Size = 100
9 3 1 7 8 4 5 2 6 7 4 6 2 5 3 8 1 9 5 2 8 1 6 9 3 4 7 1 9 5 3 2 6 4 7 8 3 7 4 5 9 8 2 6 1 6 8 2 4 1 7 9 5 3 8 5 9 6 4 1 7 3 2 2 1 7 8 3 5 6 9 4 4 6 3 9 7 2 1 8 5 1 9 
9 6 1 7 8 4 5 3 2 4 2 7 5 9 3 8 1 6 5 3 8 2 6 1 9 4 7 3 9 1 6 2 7 4 5 8 5 7 4 1 3 8 2 6 9 6 8 2 4 5 9 1 7 3 8 5 9 3 4 6 7 2 1 2 1 6 8 7 5 3 9 4 7 4 3 9 1 2 6 8 5 3 37 
9 4 6 7 8 4 5 2 6 5 2 7 9 2 3 8 1 7 1 3 8 5 6 1 3 4 9 5 3 9 2 1 6 9 7 8 1 7 4 3 8 9 2 6 1 6 8 2 5 7 4 4 5 3 2 5 9 3 4 1 7 3 2 7 1 6 8 5 7 6 9 4 8 4 3 6 9 2 1 8 5 27 37 
9 4 1 7 8 1 5 3 6 7 6 5 4 9 3 8 1 2 3 2 8 2 6 5 9 4 7 5 3 9 6 2 4 1 7 8 1 7 4 5 3 8 2 6 9 6 8 2 9 1 7 4 5 3 8 5 6 3 4 9 7 2 1 2 1 7 8 5 6 3 9 4 4 9 3 1 7 2 6 8 5 3 33 
9 2 1 7 8 4 5 3 6 5 4 6 2 9 3 8 1 7 7 3 8 1 6 5 9 4 2 3 9 5 6 2 1 4 7 8 1 7 4 5 3 8 2 6 9 6 8 2 4 7 9 1 5 3 8 5 9 3 4 6 7 2 1 2 1 7 8 5 7 3 9 4 4 6 3 9 1 2 6 8 5 3 23 
9 6 1 7 8 4 5 3 2 7 4 5 2 9 3 8 1 6 3 2 8 5 6 1 9 4 7 1 3 9 6 2 7 4 5 8 5 7 4 3 1 8 2 6 9 6 8 2 4 5 9 1 7 3 8 5 6 9 4 6 7 2 1 2 1 7 8 3 5 3 9 4 4 9 3 1 7 2 6 8 5 3 20 
9 4 1 7 2 8 5 3 6 2 6 5 4 9 3 8 1 7 7 3 8 1 6 5 9 4 2 1 3 9 2 5 6 4 7 8 5 7 4 3 8 9 2 6 1 6 8 2 4 1 7 9 5 3 8 5 6 9 4 1 7 3 2 2 1 7 8 3 5 6 9 4 4 9 3 6 7 2 1 8 5 8 27 
9 3 1 7 2 4 5 8 6 4 6 7 5 8 3 9 1 2 5 2 8 9 6 1 3 4 7 3 9 5 2 1 6 4 7 8 1 7 4 3 8 5 2 6 9 6 8 2 4 7 9 1 5 3 8 5 9 3 4 6 7 2 1 2 1 6 8 5 7 3 9 4 7 4 3 1 9 2 6 8 5 6 26 
9 4 1 7 2 8 5 3 6 5 6 7 4 9 3 8 1 2 3 2 8 1 6 5 9 4 7 1 3 5 2 9 6 4 7 8 8 7 4 5 3 1 2 6 9 6 9 2 4 8 7 1 5 3 8 5 9 3 4 6 7 2 1 2 1 6 8 5 7 3 9 4 7 4 3 9 1 2 6 8 5 7 23 
9 2 1 7 2 8 5 3 6 7 4 6 4 5 3 8 1 2 5 3 8 1 6 9 9 4 7 3 9 1 2 7 6 4 5 8 5 7 4 3 8 1 2 6 9 6 8 2 5 9 4 1 7 3 8 5 9 6 4 1 7 2 1 2 1 7 8 3 5 3 9 4 4 6 3 9 7 2 6 8 5 11 27 
9 2 1 7 8 4 5 3 6 4 6 7 9 5 3 8 1 2 5 3 8 2 6 1 9 4 7 1 9 5 3 2 6 4 7 8 3 7 4 5 1 8 2 6 9 6 8 2 4 9 7 1 5 3 8 5 9 6 4 9 7 2 1 2 1 6 8 3 5 3 9 4 7 4 3 1 7 2 6 8 5 4 22 
9 6 1 7 8 4 5 8 2 5 4 7 2 9 3 6 1 7 2 3 8 5 6 1 3 4 9 3 9 1 6 2 7 4 5 8 5 7 4 9 3 8 2 6 1 6 8 2 5 1 4 9 7 3 2 5 9 1 4 9 7 3 6 7 1 6 8 3 5 4 9 2 8 4 3 6 7 2 1 8 5 17 29 
9 6 1 7 8 4 5 3 2 5 4 7 2 9 3 8 1 6 3 2 8 1 6 5 9 4 7 1 3 5 6 2 9 4 7 8 8 7 4 3 5 1 2 6 9 6 9 2 4 7 8 1 5 3 2 5 9 1 4 6 7 3 2 7 1 6 8 3 5 6 9 4 4 8 3 9 7 2 1 8 5 10 25 
9 6 1 7 8 4 5 3 2 5 4 7 9 2 3 8 1 6 3 2 8 1 6 5 9 4 7 3 9 5 2 1 6 4 7 8 1 7 4 5 3 8 2 6 9 6 8 2 4 7 9 1 5 3 8 5 9 3 4 1 7 2 6 2 1 6 8 5 7 3 9 4 7 4 3 6 9 2 1 8 5 5 20 
9 6 1 7 8 4 5 2 6 4 2 5 5 9 3 8 1 7 7 3 8 2 6 1 3 4 9 5 3 9 1 2 6 4 7 8 1 7 4 3 5 8 2 6 9 6 8 2 4 9 7 1 5 3 2 5 6 3 4 9 7 2 1 4 1 7 8 7 5 3 9 4 8 9 3 6 1 2 6 8 5 16 27 
9 3 1 7 1 8 5 2 6 4 6 5 4 9 3 8 1 7 7 2 8 2 6 5 3 4 9 5 3 1 6 2 7 4 5 8 8 7 4 3 8 9 2 6 1 6 9 2 1 5 4 9 7 3 8 5 9 3 4 6 7 2 1 2 1 6 8 7 5 3 9 4 7 4 3 1 9 2 6 8 5 18 27 
9 4 1 7 2 4 5 3 6 5 2 6 9 8 3 8 1 7 7 3 8 1 6 5 9 4 2 1 3 5 4 2 6 1 5 8 8 7 4 3 1 8 2 6 9 6 9 2 5 9 7 4 7 3 2 5 9 3 4 6 7 3 1 4 1 6 8 7 5 6 9 2 7 8 3 9 1 2 4 8 5 23 29 
9 4 1 7 8 1 5 2 6 2 6 5 4 9 3 8 1 7 7 3 8 2 6 5 3 4 9 3 9 5 6 2 4 1 7 8 1 7 4 5 3 8 2 6 9 6 8 2 9 1 7 4 5 3 2 5 9 1 4 6 7 3 2 7 1 6 8 3 5 6 9 4 8 4 3 9 7 2 1 8 5 15 25 
9 4 1 7 2 8 5 2 6 5 6 7 4 9 3 8 1 7 2 3 8 5 6 1 3 4 9 1 9 5 6 2 7 4 5 8 3 7 4 5 3 8 2 6 1 6 8 2 4 1 9 9 7 3 8 5 9 3 4 6 7 3 2 2 1 6 8 5 7 6 9 4 7 4 3 1 9 2 1 8 5 18 25 
9 4 6 7 8 4 5 3 2 7 2 5 9 2 3 8 1 6 1 3 8 5 6 1 9 4 7 3 9 1 2 1 6 4 7 8 5 7 4 9 3 8 2 6 1 6 8 2 4 7 5 9 5 3 8 5 9 3 4 6 7 3 2 2 1 7 8 5 7 6 9 4 4 6 3 1 9 2 1 8 5 14 23 
9 4 1 7 8 1 5 2 6 7 6 5 4 2 3 8 1 9 3 2 8 9 6 5 3 4 7 1 3 9 6 2 7 4 5 8 5 7 4 3 9 8 2 6 1 6 8 2 5 1 4 9 7 3 8 5 6 1 4 9 7 3 2 2 1 7 8 3 5 6 9 4 4 9 3 6 7 2 1 8 5 6 22 
9 2 1 7 8 4 5 3 6 4 6 5 9 2 3 8 1 7 7 3 8 5 6 1 9 4 2 1 3 9 2 7 6 4 5 8 5 7 4 1 3 8 2 6 9 6 8 2 4 9 5 1 7 3 8 5 9 3 4 9 7 2 1 2 1 6 8 5 7 3 9 4 7 4 3 6 1 2 6 8 5 6 21 
9 2 1 7 8 4 5 3 6 4 6 7 5 9 3 8 1 2 5 3 8 2 6 1 9 4 7 3 9 5 4 2 6 1 7 8 1 7 4 5 3 8 2 6 9 6 8 2 1 7 9 4 5 3 8 5 9 3 4 6 7 2 1 2 1 6 8 5 7 3 9 4 7 4 3 9 1 2 6 8 5 3 17 
9 3 1 7 8 4 5 3 6 7 4 6 9 5 3 8 1 2 5 2 8 2 6 1 9 4 7 3 9 5 6 2 7 1 7 8 1 7 4 3 8 5 2 6 9 6 8 2 4 9 1 4 5 3 8 5 6 1 4 9 7 3 2 2 1 7 8 3 5 6 9 4 4 9 3 6 7 2 1 8 5 14 23 
9 3 1 7 8 4 5 2 6 7 4 6 2 9 3 8 1 7 5 2 8 5 6 1 3 4 9 1 3 5 6 2 9 4 7 8 8 7 4 1 3 5 2 6 9 6 9 2 4 7 8 1 5 3 8 5 9 3 4 6 7 3 2 2 1 7 8 5 7 6 9 4 4 6 3 9 1 2 1 8 5 10 21 
9 4 6 7 1 8 5 3 2 7 2 5 4 9 3 8 1 6 1 3 8 2 6 5 9 4 7 1 3 9 6 2 7 4 5 8 5 7 4 3 8 9 2 6 1 6 8 2 1 5 4 9 7 3 8 5 9 1 4 6 7 3 2 2 1 7 8 3 5 6 9 4 4 6 3 9 7 2 1 8 5 9 20 
9 4 1 7 8 4 5 2 6 5 2 6 2 9 3 8 1 7 7 3 8 1 6 5 3 4 9 1 3 9 4 2 6 9 5 8 5 7 4 9 3 8 2 6 1 6 8 2 1 7 5 4 7 3 8 5 9 3 4 1 7 2 6 2 1 7 8 5 7 3 9 4 4 6 3 6 9 2 1 8 5 17 24 
9 2 6 7 8 4 5 3 6 5 4 7 2 9 3 8 1 7 1 3 8 5 6 1 9 4 2 1 3 9 6 2 5 1 7 8 5 7 4 1 3 8 2 6 9 6 8 2 4 7 9 4 5 3 2 5 9 9 4 6 7 2 1 7 1 6 8 3 5 3 9 4 8 4 3 1 7 2 6 8 5 20 23 
9 6 1 7 8 4 5 2 6 4 2 5 5 2 3 8 1 9 7 3 8 1 6 9 3 4 7 1 3 5 2 7 6 9 5 8 8 7 4 5 3 1 2 6 1 6 9 2 9 8 4 4 7 3 2 5 9 3 4 6 7 2 1 7 1 6 8 7 5 3 9 4 4 8 3 9 1 2 6 8 5 26 27 
9 2 1 7 8 4 5 3 6 7 4 6 9 5 3 8 1 2 5 3 8 2 6 1 9 4 7 1 3 5 4 2 6 9 7 8 8 7 4 5 3 9 2 6 1 6 9 2 1 8 7 4 5 3 8 5 9 3 4 1 7 3 2 2 1 7 8 7 5 6 9 4 4 6 3 6 9 2 1 8 5 11 22 
9 2 1 7 8 4 5 3 6 4 6 7 5 2 3 8 1 7 5 3 8 1 6 9 9 4 2 1 3 5 2 9 6 4 7 8 8 7 4 3 5 1 2 6 9 6 9 2 4 8 7 1 5 3 2 5 9 6 4 1 7 2 1 7 1 6 8 3 5 3 9 4 4 8 3 9 7 2 6 8 5 11 21 
9 4 1 7 2 4 5 8 6 5 2 6 5 8 3 9 1 7 7 3 8 1 6 9 3 4 2 3 9 1 2 9 6 4 5 8 5 7 4 1 3 5 2 6 1 6 8 2 4 7 8 9 7 3 2 5 9 1 4 6 7 3 2 7 1 6 8 3 5 6 9 4 4 8 3 9 7 2 1 8 5 27 27 
9 6 1 7 8 4 5 3 2 7 4 5 9 2 3 8 1 6 3 2 8 5 6 1 9 4 7 5 3 9 2 1 6 4 7 8 1 7 4 5 3 8 2 6 9 6 8 2 4 9 7 1 5 3 8 5 6 3 4 9 7 2 1 2 1 7 8 5 6 3 9 4 4 9 3 1 7 2 6 8 5 3 16 
9 3 1 7 8 4 5 2 6 5 4 6 2 9 3 8 1 7 7 2 8 5 6 1 3 4 9 3 9 5 6 2 7 4 5 8 1 7 4 3 5 9 2 6 1 6 8 2 4 1 8 9 7 3 8 5 9 1 4 6 7 3 2 2 1 7 8 3 5 6 9 4 4 6 3 9 7 2 1 8 5 4 19 
9 2 1 7 1 8 5 3 6 5 4 6 4 2 3 8 1 7 7 3 8 5 6 9 9 4 2 1 3 5 2 7 6 9 5 8 8 7 4 3 8 9 2 6 1 6 9 2 1 5 4 4 7 3 8 5 9 6 4 1 7 3 2 2 1 7 8 3 5 6 9 4 4 6 3 9 7 2 1 8 5 14 22 
9 6 1 7 8 4 5 3 2 7 4 5 2 9 3 8 1 6 3 2 8 1 6 5 9 4 7 5 3 9 4 2 6 1 7 8 1 7 4 5 3 8 2 6 9 6 8 2 9 7 1 4 5 3 8 5 6 3 4 9 7 2 1 2 1 7 8 5 7 3 9 4 4 9 3 6 1 2 6 8 5 3 14 
9 3 1 7 8 4 5 2 6 4 6 5 9 2 3 8 1 7 7 2 8 5 6 1 3 4 9 3 9 1 2 5 6 4 7 8 5 7 4 3 9 8 2 6 1 6 8 2 4 1 7 9 5 3 8 5 6 1 4 9 7 3 2 2 1 7 8 3 5 6 9 4 4 9 3 6 7 2 1 8 5 4 19 
9 4 6 7 2 8 5 3 2 7 2 5 4 9 3 8 1 6 1 3 8 5 6 1 9 4 7 1 3 9 6 2 4 4 7 8 5 7 4 9 3 5 2 6 9 6 8 2 1 8 7 1 5 3 2 5 9 3 4 9 7 3 2 7 1 6 8 5 6 6 9 4 8 4 3 1 7 2 1 8 5 27 23 
9 3 1 7 8 4 5 8 6 7 4 6 2 5 3 9 1 2 5 2 8 9 6 1 3 4 7 1 3 9 2 1 6 4 5 8 5 7 4 3 5 8 2 6 1 6 8 2 9 7 4 9 7 3 8 5 9 1 4 6 7 2 1 2 1 7 8 3 5 3 9 4 4 6 3 9 7 2 6 8 5 25 22 
9 6 1 7 8 4 5 3 2 4 2 7 9 5 3 8 1 6 5 3 8 2 6 1 9 4 7 3 9 5 6 2 4 1 7 8 1 7 4 5 3 8 2 6 9 6 8 2 1 9 7 4 5 3 8 5 9 3 4 6 7 2 1 2 1 6 8 7 5 3 9 4 7 4 3 9 1 2 6 8 5 3 12 
9 2 1 7 8 4 5 3 6 5 4 6 9 2 3 8 1 7 7 3 8 1 6 5 9 4 2 1 3 5 2 3 6 9 7 8 8 7 4 5 9 8 2 6 1 6 9 2 4 1 7 4 5 3 8 5 9 3 4 1 7 2 6 2 1 7 8 5 6 3 9 4 4 6 3 9 7 2 1 8 5 10 20 
9 2 1 7 8 4 5 3 6 4 6 7 5 9 3 8 1 2 5 3 8 2 6 1 9 4 7 1 3 5 6 2 9 4 7 8 8 7 4 1 3 5 2 6 9 6 9 2 4 7 8 1 5 3 8 5 9 3 4 6 7 2 1 2 1 6 8 5 7 3 9 4 7 4 3 9 1 2 6 8 5 3 12 
9 2 1 7 8 4 5 3 6 4 6 7 9 5 3 8 1 2 5 3 8 2 6 1 9 4 7 3 9 5 6 2 7 1 5 8 1 7 4 5 3 8 2 6 9 6 8 2 4 1 9 4 7 3 8 5 9 3 4 6 7 2 1 2 1 6 8 7 5 3 9 4 7 4 3 1 9 2 6 8 5 3 12 
9 4 1 7 2 8 5 3 6 5 2 6 4 9 3 8 1 7 7 3 8 5 6 1 9 4 2 1 9 5 2 3 6 4 7 8 3 7 4 1 8 5 2 6 9 6 8 2 9 7 4 1 5 3 8 5 9 3 4 9 7 2 1 2 1 6 8 5 7 3 9 4 7 4 3 6 1 2 6 8 5 6 19 
9 2 1 7 8 4 5 3 6 7 4 6 5 9 3 8 1 2 5 3 8 2 6 1 9 4 7 3 9 5 4 2 6 1 7 8 1 7 4 3 5 8 2 6 9 6 8 2 9 1 7 4 5 3 8 5 9 6 4 9 7 2 1 2 1 7 8 3 5 3 9 4 4 6 3 1 7 2 6 8 5 4 17 
9 6 1 7 8 4 5 2 6 7 4 5 2 9 3 8 1 9 3 2 8 5 6 1 3 4 7 1 3 5 1 2 6 9 5 8 8 7 4 9 3 8 2 6 1 6 9 2 4 5 7 4 7 3 8 5 6 3 4 9 7 3 2 2 1 7 8 7 5 6 9 4 4 9 3 6 1 2 1 8 5 15 21 
9 3 1 7 8 4 5 2 6 5 4 6 9 2 3 8 1 7 7 2 8 1 6 5 3 4 9 3 9 5 2 1 6 4 7 8 1 7 4 5 3 9 2 6 1 6 8 2 4 7 8 9 5 3 8 5 9 3 4 1 7 3 2 2 1 7 8 5 7 6 9 4 4 6 3 6 9 2 1 8 5 6 18 
9 2 1 7 1 4 5 2 6 4 6 7 5 8 3 8 1 9 5 3 8 2 6 9 3 4 7 3 9 5 6 2 7 9 7 8 1 7 4 3 9 5 2 6 1 6 8 2 4 1 8 4 5 3 8 5 9 6 4 1 7 3 2 2 1 6 8 3 5 6 9 4 7 4 3 9 7 2 1 8 5 15 21 
9 6 1 7 8 4 5 8 2 4 2 5 2 5 3 6 1 7 7 3 8 1 6 9 3 4 9 1 3 9 2 7 6 4 7 8 5 7 4 3 5 1 2 6 1 6 8 2 9 8 4 9 5 3 2 5 9 6 4 9 7 3 1 7 1 6 8 3 5 6 9 4 8 4 3 1 7 2 8 2 5 127 27 
9 2 1 7 8 4 5 3 6 4 6 7 5 2 3 8 1 2 5 3 8 1 6 9 9 4 7 3 9 1 6 2 5 4 7 8 5 7 4 1 3 9 2 6 1 6 8 2 4 7 8 9 5 3 8 5 9 3 4 1 7 3 2 2 1 7 8 5 6 6 9 4 4 6 3 9 7 2 1 8 5 19 21 
9 2 6 7 1 8 5 3 6 7 4 5 4 9 3 8 1 2 1 3 8 2 6 5 9 4 7 5 9 1 6 2 4 9 7 8 3 7 4 5 3 8 2 6 1 6 8 2 9 1 7 4 5 3 8 5 9 3 4 1 7 3 2 2 1 7 8 5 6 6 9 4 4 6 3 9 7 2 1 8 5 13 20 
9 3 1 7 8 4 5 2 6 7 4 6 2 5 3 8 1 9 5 2 8 9 6 1 3 4 7 3 9 5 1 2 6 4 7 8 1 7 4 5 3 8 2 6 9 6 8 2 4 9 7 1 5 3 8 5 9 3 4 6 7 2 1 2 1 7 8 7 5 3 9 4 4 6 3 9 1 2 6 8 5 8 17 
9 2 1 7 8 4 5 3 6 5 4 6 9 5 3 8 1 2 7 3 8 2 6 1 9 4 7 1 3 9 6 2 7 4 7 8 5 7 4 3 1 8 2 6 9 6 8 2 4 5 9 1 5 3 8 5 9 3 4 6 7 3 2 2 1 6 8 5 7 6 9 4 7 4 3 1 9 2 1 8 5 22 21 
9 3 1 7 8 4 5 2 6 4 6 5 2 9 3 8 1 7 7 2 8 5 6 1 3 4 9 1 3 9 6 2 7 4 5 8 5 7 4 3 1 9 2 6 1 6 8 2 4 5 8 9 7 3 2 5 6 9 4 6 7 3 1 4 1 7 8 3 5 6 9 2 8 9 3 1 7 2 4 8 5 9 19 
9 2 1 7 8 4 5 3 6 4 6 5 2 9 3 8 1 7 7 3 8 5 6 1 9 4 2 1 3 9 6 2 7 4 5 8 5 7 4 9 3 8 2 6 1 6 8 2 4 1 5 9 7 3 8 5 6 3 4 9 7 2 1 2 1 7 8 5 6 3 9 4 4 9 3 1 7 2 6 8 5 5 16 
9 4 1 7 2 8 5 3 6 5 2 6 4 9 3 8 1 7 7 3 8 1 6 5 9 4 2 3 9 5 6 2 4 1 7 8 1 7 4 5 3 8 2 6 9 6 8 2 9 1 7 4 5 3 8 5 9 3 4 1 7 2 6 2 1 7 8 5 6 3 9 4 4 6 3 9 7 2 1 8 5 6 16 
9 6 1 7 8 4 5 3 2 7 4 5 2 9 3 8 1 6 3 2 8 5 6 1 9 4 7 1 3 9 6 2 5 4 7 8 5 7 4 1 3 8 2 6 9 6 8 2 4 7 9 1 5 3 8 5 9 3 4 6 7 2 1 2 1 6 8 5 7 3 9 4 7 4 3 9 1 2 6 8 5 4 15 
9 4 1 7 1 8 5 2 6 5 6 7 4 2 3 8 1 9 2 3 8 5 6 9 3 4 7 1 9 5 2 3 6 4 7 8 3 7 4 1 5 9 2 6 1 6 8 2 4 8 7 9 5 3 8 5 9 6 4 1 7 3 2 2 1 6 8 3 5 6 9 4 7 4 3 9 7 2 1 8 5 12 19 
9 6 1 7 8 4 5 3 2 7 4 5 9 2 3 8 1 6 2 3 8 5 6 1 9 4 7 1 3 9 2 5 6 4 7 8 5 7 4 3 1 8 2 6 9 6 8 2 4 9 7 1 5 3 8 5 6 1 4 9 7 3 2 2 1 7 8 3 5 6 9 4 4 9 3 6 7 2 1 8 5 6 15 
9 2 1 7 8 4 5 3 6 5 4 6 2 9 3 8 1 7 7 3 8 5 6 1 9 4 2 1 3 9 6 2 7 4 5 8 5 7 4 3 1 8 2 6 9 6 8 2 4 5 9 1 7 3 8 5 9 1 4 6 7 3 2 2 1 7 8 3 5 6 9 4 4 6 3 9 7 2 1 8 5 7 15 
9 2 1 7 8 4 5 3 6 4 6 5 2 9 3 8 1 7 7 3 8 5 6 1 9 4 2 5 3 1 6 2 5 9 7 8 8 7 4 1 3 8 2 6 1 6 9 2 4 7 9 4 5 3 8 5 9 3 4 1 7 2 6 2 1 6 8 5 7 3 9 4 7 4 3 6 9 2 1 8 5 15 19 
9 6 1 7 8 4 5 3 2 5 4 7 9 2 3 8 1 6 2 3 8 5 6 1 9 4 7 3 9 5 2 1 6 4 7 8 1 7 4 3 5 8 2 6 9 6 8 2 4 9 7 1 5 3 8 5 9 6 4 9 7 2 1 2 1 6 8 3 5 3 9 4 7 4 3 1 7 2 6 8 5 6 14 
9 3 1 7 8 4 5 2 6 5 4 6 2 9 3 8 1 7 7 2 8 5 6 1 3 4 9 1 9 5 3 2 6 4 7 8 3 7 4 9 5 8 2 6 1 6 8 2 4 1 7 9 5 3 8 5 6 1 4 9 7 3 2 2 1 7 8 3 5 6 9 4 4 9 3 6 7 2 1 8 5 3 12 
9 2 1 7 8 4 5 3 6 5 4 6 2 9 3 8 1 7 7 3 8 5 6 1 9 4 2 5 3 9 4 2 6 1 7 8 1 7 4 5 3 8 2 6 9 6 8 2 9 1 7 4 5 3 8 5 6 3 4 9 7 2 1 2 1 7 8 5 6 3 9 4 4 9 3 1 7 2 6 8 5 6 14 
9 2 1 7 8 4 5 3 6 4 6 5 9 2 3 8 1 7 7 3 8 5 6 1 9 4 2 3 9 1 2 5 6 4 7 8 5 7 4 3 1 8 2 6 9 6 8 2 4 9 7 1 5 3 2 5 6 6 4 9 7 2 1 4 1 7 8 3 5 3 9 4 8 9 3 1 7 2 6 8 5 9 18 
9 2 6 7 8 4 5 3 2 7 4 5 2 9 3 8 1 6 1 3 8 1 6 5 9 4 7 5 9 1 3 2 6 4 7 8 3 7 4 5 8 9 2 6 1 6 8 2 4 1 7 9 5 3 8 5 9 6 4 1 7 3 2 2 1 7 8 3 5 6 9 4 4 6 3 9 7 2 1 8 5 8 15 
9 3 1 7 8 4 5 2 6 4 6 7 5 2 3 8 1 9 5 2 8 9 6 1 3 4 7 1 9 5 2 3 6 4 7 8 3 7 4 1 5 8 2 6 9 6 8 2 4 9 7 1 5 3 2 5 9 3 4 9 7 2 1 7 1 6 8 7 5 3 9 4 8 4 3 6 1 2 6 8 5 9 18 
9 3 1 7 8 4 5 2 6 7 4 6 2 5 3 8 1 9 5 2 8 9 6 1 3 4 7 1 3 9 6 2 7 4 5 8 5 7 4 3 9 8 2 6 1 6 8 2 4 1 5 9 7 3 8 5 9 1 4 6 7 3 2 2 1 7 8 3 5 6 9 4 4 6 3 9 7 2 1 8 5 6 13 
9 3 1 7 8 4 5 2 6 7 4 6 5 2 3 8 1 9 5 2 8 1 6 9 3 4 7 3 9 5 6 2 5 4 7 8 1 7 4 9 3 8 2 6 1 6 8 2 4 7 1 9 5 3 8 5 9 3 4 1 7 3 2 2 1 7 8 5 6 6 9 4 4 6 3 9 7 2 1 8 5 9 13 
9 2 1 7 8 4 5 3 6 4 6 7 5 2 3 8 1 2 5 3 8 1 6 9 9 4 7 3 9 1 2 5 6 4 7 8 5 7 4 3 9 8 2 6 1 6 8 2 4 1 7 9 5 3 8 5 9 6 4 1 7 2 1 2 1 6 8 3 5 3 9 4 7 4 3 9 7 2 6 8 5 10 16 
9 3 1 7 8 4 5 2 6 4 6 5 2 9 3 8 1 7 7 2 8 1 6 5 3 4 9 5 3 9 6 2 1 4 7 8 1 7 4 3 5 9 2 6 1 6 8 2 4 7 8 9 5 3 8 5 9 3 4 6 7 2 1 2 1 6 8 5 7 3 9 4 7 4 3 9 1 2 6 8 5 11 18 
9 6 1 7 8 4 5 3 2 4 2 7 5 9 3 8 1 6 5 3 8 2 6 1 9 4 7 1 9 5 2 3 6 4 7 8 3 7 4 1 8 5 2 6 9 6 8 2 4 7 9 1 5 3 8 5 9 3 4 6 7 2 1 2 1 6 8 5 7 3 9 4 7 4 3 9 1 2 6 8 5 4 12 
9 6 1 7 8 4 5 3 2 7 4 5 2 9 3 8 1 6 3 2 8 5 6 1 9 4 7 1 3 9 6 2 5 4 7 8 5 7 4 9 3 8 2 6 1 6 8 2 4 1 7 9 5 3 8 5 6 3 4 9 7 2 1 2 1 7 8 5 6 3 9 4 4 9 3 1 7 2 6 8 5 3 11 
9 2 1 7 8 4 5 3 6 7 4 6 9 5 3 8 1 7 5 3 8 2 6 1 9 4 2 5 3 9 6 2 1 4 7 8 1 7 4 3 8 5 2 6 9 6 8 2 4 9 7 1 5 3 8 5 6 9 4 6 7 2 1 2 1 7 8 3 5 3 9 4 4 9 3 1 7 2 6 8 5 12 18 
9 6 1 7 8 4 5 3 2 4 2 7 9 5 3 8 1 6 5 3 8 2 6 1 9 4 7 1 3 9 6 2 7 4 5 8 5 7 4 3 9 8 2 6 1 6 8 2 5 1 4 9 7 3 8 5 9 1 4 6 7 3 2 2 1 6 8 3 5 6 9 4 7 4 3 9 7 2 1 8 5 11 16 
9 3 1 7 8 4 5 2 6 7 4 6 5 2 3 8 1 9 5 2 8 9 6 1 3 4 7 5 3 9 2 1 6 4 7 8 1 7 4 5 3 9 2 6 9 6 8 2 4 7 8 1 5 3 2 5 9 3 4 6 7 2 1 4 1 7 8 5 7 3 9 4 8 6 3 1 9 2 6 8 5 16 17 
9 6 1 7 8 4 5 3 2 7 4 5 2 9 3 8 1 6 3 2 8 5 6 1 9 4 7 5 3 9 4 2 6 1 7 8 1 7 4 3 5 8 2 6 9 6 8 2 9 1 7 4 5 3 8 5 6 6 4 9 7 2 1 2 1 7 8 3 5 3 9 4 4 9 3 1 7 2 6 8 5 3 11 
9 3 1 7 8 4 5 3 2 7 4 6 2 5 3 8 1 6 5 2 8 9 6 1 9 4 7 1 9 5 3 2 6 4 7 8 3 7 4 5 1 8 2 6 9 6 8 2 4 9 7 1 5 3 8 5 9 6 4 9 7 3 2 2 1 7 8 3 5 6 9 4 4 6 3 1 7 2 1 8 5 9 12 
9 3 1 7 8 4 5 2 6 7 4 6 5 9 3 8 1 9 5 2 8 2 6 1 3 4 7 3 9 1 6 2 7 4 5 8 5 7 4 1 3 8 2 6 9 6 8 2 4 5 9 1 7 3 8 5 9 3 4 6 7 3 2 2 1 7 8 7 5 6 9 4 4 6 3 9 1 2 1 8 5 10 15 
9 2 1 7 8 4 5 3 6 4 6 5 2 9 3 8 1 7 7 3 8 1 6 5 9 4 2 3 9 5 6 2 1 4 7 8 1 7 4 5 3 8 2 6 9 6 8 2 4 9 7 1 5 3 8 5 6 3 4 9 7 2 1 2 1 7 8 5 6 3 9 4 4 9 3 1 7 2 6 8 5 6 11 
9 6 1 7 8 4 5 3 2 7 4 5 9 2 3 8 1 6 3 2 8 5 6 1 9 4 7 3 9 5 4 2 6 1 7 8 1 7 4 3 5 8 2 6 9 6 8 2 1 7 9 4 5 3 8 5 9 3 4 6 7 3 2 2 1 6 8 5 7 6 9 4 7 4 3 9 1 2 1 8 5 16 17 
9 6 1 7 8 4 5 3 2 5 4 7 2 9 3 8 1 6 3 2 8 1 6 5 9 4 7 3 9 5 6 2 1 4 7 8 1 7 4 5 3 8 2 6 9 6 8 2 4 7 9 1 5 3 8 5 9 3 4 6 7 2 1 2 1 6 8 5 7 3 9 4 7 4 3 9 1 2 6 8 5 3 10 
9 4 1 7 2 8 5 3 6 5 2 6 4 9 3 8 1 7 7 3 8 5 6 1 9 4 2 5 3 9 4 2 6 1 7 8 1 7 4 3 5 8 2 6 9 6 8 2 9 1 7 4 5 3 8 5 6 1 4 9 7 3 2 2 1 7 8 3 5 6 9 4 4 9 3 6 7 2 1 8 5 10 15 
9 3 1 7 8 4 5 2 6 4 6 7 2 5 3 8 1 9 5 2 8 1 6 9 3 4 7 3 9 5 6 2 1 4 7 8 1 7 4 5 3 8 2 6 9 6 8 2 4 9 7 1 5 3 8 5 9 3 4 6 7 2 1 2 1 6 8 7 5 3 9 4 7 4 3 9 1 2 6 8 5 4 10 
9 2 1 7 8 4 5 3 6 7 4 6 5 9 3 8 1 2 5 3 8 2 6 1 9 4 7 1 3 5 6 2 9 4 7 8 8 7 4 1 3 8 2 6 9 6 9 2 4 5 7 1 5 3 8 5 9 3 4 6 7 2 1 2 1 7 8 7 5 3 9 4 4 6 3 9 1 2 6 8 5 7 11 
9 3 1 7 2 4 5 3 6 7 4 6 5 8 3 8 1 2 5 2 8 1 6 9 9 4 7 3 9 5 2 1 6 4 7 8 1 7 4 3 5 8 2 6 9 6 8 2 4 9 7 1 5 3 8 5 9 3 4 6 7 2 1 2 1 6 8 7 5 3 9 4 7 4 3 9 1 2 6 8 5 10 14 
9 2 1 7 8 4 5 3 6 4 6 7 9 5 3 8 1 2 5 3 8 2 6 1 9 4 7 3 9 5 1 2 6 4 7 8 1 7 4 5 3 8 2 6 9 6 8 2 4 9 7 1 5 3 8 5 9 3 4 6 7 2 1 2 1 6 8 7 5 3 9 4 7 4 3 9 1 2 6 8 5 3 9 
9 3 1 7 2 4 5 8 6 4 6 7 5 8 3 9 1 2 5 2 8 9 6 1 3 4 7 3 9 5 6 2 7 4 7 8 1 7 4 3 5 9 2 6 9 6 8 2 4 1 8 1 5 3 8 5 9 1 4 6 7 2 1 2 1 7 8 3 5 3 9 4 4 6 3 9 7 2 6 8 5 15 15 
9 3 1 7 8 4 5 2 6 7 4 6 5 2 3 8 1 9 5 2 8 1 6 9 3 4 7 3 9 5 2 1 6 4 7 8 1 7 4 3 5 8 2 6 1 6 8 2 4 9 7 9 5 3 8 5 9 6 4 1 7 3 2 2 1 7 8 3 5 6 9 4 4 6 3 9 7 2 1 8 5 3 9 
9 6 1 7 8 4 5 3 6 7 4 5 9 5 3 8 1 2 3 2 8 2 6 1 9 4 7 5 3 9 6 2 1 1 7 8 1 7 4 5 3 8 2 6 9 6 8 2 4 9 7 4 5 3 8 5 9 3 4 6 7 2 1 2 1 6 8 7 5 3 9 4 7 4 3 1 9 2 6 8 5 11 14 
9 2 1 7 8 4 5 3 6 4 6 5 9 2 3 8 1 7 7 3 8 5 6 1 9 4 2 1 9 5 2 1 6 4 7 8 3 7 4 3 5 8 2 6 9 6 8 2 4 9 7 1 5 3 8 5 9 1 4 6 7 2 1 2 1 7 8 3 5 3 9 4 4 6 3 9 7 2 6 8 5 11 13 
9 3 1 7 8 4 5 2 6 5 4 6 2 9 3 8 1 7 7 2 8 5 6 1 3 4 9 3 9 5 2 1 6 4 5 8 1 7 4 3 8 5 2 6 1 6 8 2 4 7 9 9 7 3 8 5 9 3 4 6 7 3 2 2 1 6 8 5 7 6 9 4 7 4 3 1 9 2 1 8 5 16 15 
9 2 1 7 8 4 5 3 6 4 6 7 9 5 3 8 1 2 5 3 8 2 6 1 9 4 7 3 9 5 6 2 1 4 7 8 1 7 4 5 3 8 2 6 9 6 8 2 4 7 9 1 5 3 8 5 9 3 4 6 7 2 1 2 1 6 8 5 7 3 9 4 7 4 3 1 9 2 6 8 5 3 8 
9 3 1 7 1 8 5 2 6 7 4 6 4 2 3 8 1 9 5 2 8 5 6 9 3 4 7 1 3 5 6 2 9 4 7 8 8 7 4 1 3 5 2 6 9 6 9 2 4 7 8 1 5 3 8 5 6 9 4 1 7 3 2 2 1 7 8 3 5 6 9 4 4 9 3 6 7 2 1 8 5 18 15 
9 2 1 7 8 4 5 3 6 4 6 5 2 9 3 8 1 7 7 3 8 1 6 5 9 4 2 1 3 5 6 2 1 4 7 8 8 7 4 5 3 8 2 6 9 6 9 2 4 7 9 1 5 3 8 5 9 3 4 6 7 2 1 2 1 6 8 5 7 3 9 4 7 4 3 1 9 2 6 8 5 10 12 
9 2 6 7 8 4 5 3 2 7 4 5 2 9 3 8 1 6 1 3 8 1 6 5 9 4 7 5 3 9 1 2 6 4 7 8 1 7 4 5 3 8 2 6 9 6 8 2 4 7 9 1 5 3 8 5 9 6 4 1 7 2 1 2 1 7 8 3 5 3 9 4 4 6 3 9 7 2 6 8 5 13 14 
9 2 1 7 8 4 5 3 6 5 4 6 2 9 3 8 1 7 7 3 8 5 6 1 9 4 2 1 3 5 6 2 9 4 7 8 8 7 4 1 3 5 2 6 9 6 9 2 4 7 8 1 5 3 8 5 9 3 4 6 7 2 1 2 1 7 8 5 7 3 9 4 4 6 3 9 1 2 6 8 5 5 10 
9 6 1 7 8 4 5 3 2 4 2 7 2 5 3 8 1 6 5 3 8 1 6 9 9 4 7 3 9 5 6 2 1 4 7 8 1 7 4 3 5 8 2 6 9 6 8 2 4 9 7 1 5 3 8 5 9 3 4 6 7 2 1 2 1 7 8 7 5 3 9 4 4 6 3 9 1 2 6 8 5 10 12 
9 2 1 7 8 4 5 3 6 5 4 6 9 2 3 8 1 7 7 3 8 1 6 5 9 4 2 1 9 5 2 3 6 4 7 8 3 7 4 5 1 8 2 6 9 6 8 2 4 7 9 1 5 3 8 5 9 3 4 6 7 2 1 2 1 7 8 5 7 3 9 4 4 6 3 1 9 2 6 8 5 5 10 
9 2 1 7 8 4 5 3 2 4 6 7 2 9 3 8 1 6 5 3 8 1 6 5 9 4 7 3 9 5 4 2 6 4 7 8 1 7 4 5 3 8 2 6 9 6 8 2 9 7 1 1 5 3 8 5 6 3 4 9 7 2 1 2 1 7 8 5 7 3 9 4 4 9 3 6 1 2 6 8 5 11 11 

