MonoObjective Genetic Algorithm
Number of Evaluations = 0
Mutation Probability = 0.0100000000000000002
Crossover Probability = 0.5
Population Size = 100
Survival Selection Type = 16

Time =  300.058884999999975

Current Evaluation = 96000
Front Size = 100
7 2 1 5 4 3 9 8 6 6 3 9 8 2 7 4 5 1 5 8 4 6 1 9 7 3 2 4 1 3 9 8 6 2 7 5 9 7 2 1 5 4 3 6 8 8 6 5 3 7 2 1 4 9 2 5 8 4 3 1 6 9 7 1 4 6 7 9 8 5 2 3 3 9 7 2 6 5 8 1 4 1 4 
7 2 1 5 4 3 9 8 6 9 3 6 8 2 7 5 1 4 5 4 8 6 1 9 7 3 2 4 9 3 1 8 6 2 7 5 1 7 2 9 5 4 3 6 8 8 6 5 3 7 2 1 4 9 2 5 9 4 3 1 6 8 7 6 1 4 7 9 8 5 2 3 3 8 7 2 6 5 4 9 1 3 20 
7 1 2 5 4 3 9 8 6 6 3 9 8 2 7 5 1 4 5 8 4 6 1 9 7 3 2 4 9 3 1 8 6 2 7 5 2 7 1 9 5 4 3 6 8 8 6 5 3 7 2 1 4 9 9 5 8 2 3 1 6 4 7 1 4 6 7 9 8 5 2 3 3 2 7 4 6 5 8 9 1 3 17 
7 1 2 5 4 3 9 8 6 9 3 6 8 2 7 4 5 1 5 8 4 6 1 9 7 3 2 4 6 3 1 8 9 2 7 5 1 7 9 2 5 4 3 6 8 8 2 5 3 7 6 1 4 9 2 5 8 4 3 1 6 9 7 6 4 1 7 9 8 5 2 3 3 9 7 2 6 5 8 1 4 3 14 
1 4 8 5 4 3 9 1 6 6 3 9 8 2 7 5 4 2 7 2 5 6 1 9 8 3 7 4 1 3 1 7 8 2 7 5 9 7 2 4 5 9 3 6 8 8 6 5 2 3 6 1 4 9 9 5 2 4 3 1 7 8 3 1 6 4 7 9 8 5 2 1 3 8 7 2 6 5 6 9 4 424 31 
7 2 1 5 4 3 9 8 6 6 3 9 8 2 7 5 1 4 5 8 4 6 1 9 7 3 2 4 1 3 9 7 6 2 8 5 9 7 5 1 8 2 4 6 3 8 6 2 3 5 4 1 7 9 2 5 8 4 3 1 6 9 7 1 4 6 7 9 8 5 2 3 3 9 7 2 6 5 8 4 1 4 16 
2 1 8 5 4 3 9 7 6 6 3 9 8 2 7 4 5 1 7 4 5 6 1 9 8 3 2 4 9 3 1 7 6 2 8 5 5 7 1 9 8 2 3 6 4 8 2 6 3 5 4 1 7 9 9 5 2 4 3 1 6 9 7 1 6 4 7 9 8 5 2 3 3 8 7 2 6 5 4 1 8 5 28 
1 2 8 5 4 3 9 7 6 9 3 6 8 2 7 4 5 1 7 4 5 6 1 9 2 3 8 4 1 3 9 7 2 7 8 5 5 7 9 1 8 4 3 6 2 8 6 2 3 5 6 1 4 9 2 5 8 4 3 1 6 9 7 6 1 4 7 9 8 5 2 3 3 9 7 2 6 5 8 1 4 5 24 
7 2 1 5 4 3 9 8 6 9 3 6 8 2 7 4 5 1 5 8 4 6 1 9 7 3 2 4 9 3 1 8 6 2 7 5 1 7 2 9 5 4 3 6 8 8 6 5 3 7 2 1 4 9 2 5 8 4 3 1 6 9 7 6 1 4 7 9 8 5 2 3 3 9 7 2 6 5 8 1 4 3 9 
6 2 8 5 4 3 9 7 6 1 3 5 8 2 7 5 1 4 7 9 4 6 1 9 2 3 8 4 6 3 1 8 9 8 7 5 9 7 1 3 5 4 3 6 2 8 5 2 2 7 6 1 4 9 2 5 8 2 3 1 7 9 6 1 4 6 7 9 8 5 2 3 3 9 7 4 6 5 4 1 8 321 28 
7 1 2 5 4 3 9 8 6 6 3 4 8 2 7 4 5 1 5 9 8 6 1 9 2 3 7 4 2 3 1 7 6 8 7 5 9 7 1 9 8 4 3 6 2 8 6 5 3 5 2 1 4 9 2 5 9 4 3 1 6 7 8 1 4 6 7 9 8 5 2 3 3 8 7 2 6 5 4 9 1 9 23 
2 8 1 5 4 3 9 7 6 6 3 5 8 2 7 4 5 1 7 9 4 6 1 9 2 3 8 4 1 3 9 7 6 2 8 5 5 7 9 1 8 2 3 6 4 8 6 2 3 5 4 1 7 9 9 5 8 2 3 1 6 4 7 1 4 6 7 9 8 5 2 3 3 2 7 4 6 5 8 9 1 6 21 
7 1 2 5 4 3 9 8 6 6 3 9 8 2 7 4 5 1 5 8 4 6 1 9 7 3 2 4 6 3 1 8 2 2 7 5 9 7 1 9 5 4 3 6 8 8 2 5 3 7 6 1 4 9 2 5 8 4 3 1 6 9 7 1 4 6 7 9 8 5 2 3 3 9 7 2 6 5 8 1 4 3 8 
1 8 2 5 4 3 9 7 6 9 3 6 8 2 7 5 4 1 7 4 5 6 1 9 8 3 2 4 1 3 9 7 6 2 8 5 5 7 9 1 8 2 3 6 4 8 6 2 3 5 4 1 7 9 2 5 8 4 3 1 6 9 7 6 4 1 7 9 8 5 2 3 3 9 7 2 6 5 4 1 8 5 16 
1 8 2 5 4 3 9 7 6 5 3 6 8 2 7 4 5 1 7 9 4 6 1 9 8 3 2 4 1 3 9 8 6 7 8 5 2 7 9 1 5 4 2 6 3 8 6 5 3 7 2 1 4 9 9 5 8 2 3 1 6 9 7 6 4 1 7 9 8 5 2 3 3 2 7 4 6 5 8 1 4 9 21 
1 2 8 5 4 3 9 7 6 5 3 6 8 2 7 5 1 4 7 4 9 6 1 9 8 3 2 4 6 3 1 7 2 7 8 5 9 7 1 9 8 4 2 6 3 8 2 5 3 5 6 1 4 9 9 5 2 4 3 1 6 7 8 6 1 4 7 9 8 5 2 3 3 8 7 2 6 5 4 9 1 11 24 
2 1 8 5 4 3 9 8 6 6 3 9 8 2 7 7 5 1 7 4 5 6 1 9 4 3 2 4 1 3 1 7 2 2 8 5 9 7 2 3 8 9 3 6 4 8 6 5 4 5 6 1 7 9 2 5 9 2 3 1 6 9 7 1 4 6 7 9 8 3 2 4 3 8 7 4 6 5 5 8 1 228 24 
7 1 2 5 4 3 9 8 6 6 3 9 8 2 7 4 5 1 5 8 4 6 1 9 7 3 2 4 9 3 1 7 6 2 8 5 1 7 5 9 8 2 3 6 4 8 6 2 3 5 4 1 7 9 9 5 8 2 3 1 6 4 7 6 4 1 7 9 8 5 2 3 3 2 7 4 6 5 8 9 1 5 16 
1 8 2 5 4 3 9 7 6 6 3 9 8 2 7 5 1 4 7 4 5 6 1 9 2 3 8 4 9 3 1 7 6 2 8 5 5 7 1 9 8 2 4 6 3 8 2 6 3 5 4 1 7 9 9 5 8 2 3 1 6 4 7 6 1 4 7 9 8 5 2 3 3 2 7 4 6 5 8 9 1 7 19 
7 8 1 5 4 3 9 7 6 9 3 6 8 2 7 5 1 4 5 4 2 6 1 9 8 3 2 4 6 3 9 8 2 7 8 5 1 7 9 1 5 4 2 6 3 8 2 5 3 7 6 1 4 9 2 5 8 4 3 1 6 9 7 6 1 4 7 9 8 5 2 3 3 9 7 2 6 5 4 8 1 8 19 
7 2 1 5 4 3 9 8 6 9 3 6 8 2 7 4 5 1 5 4 8 6 1 9 7 3 2 4 1 3 9 7 2 8 7 5 2 7 9 1 8 4 2 6 3 8 6 5 3 5 6 1 4 9 9 5 2 2 3 1 6 7 4 1 4 6 7 9 8 5 2 3 3 8 7 4 6 5 8 9 1 14 22 
2 8 1 5 4 3 9 7 6 9 3 6 8 2 7 5 1 4 7 4 5 6 1 9 8 3 2 4 9 3 1 7 6 2 7 5 1 7 5 9 8 4 3 6 8 8 6 2 3 5 2 1 4 9 9 5 8 2 3 1 6 9 7 1 4 6 7 9 8 5 2 3 3 2 7 4 6 5 4 8 1 13 19 
7 2 1 5 4 3 9 8 6 6 3 9 8 2 7 4 5 1 5 8 4 6 1 9 7 3 2 4 1 3 9 7 6 2 8 5 9 7 5 1 8 2 3 6 4 8 6 2 3 5 4 1 7 9 2 5 8 4 3 1 6 9 7 1 4 6 7 9 8 5 2 3 3 9 7 2 6 5 4 1 8 3 8 
7 1 2 5 4 3 9 8 6 6 3 9 8 2 7 5 1 4 5 4 8 6 1 9 7 3 2 4 9 3 1 7 6 2 7 5 1 7 5 9 8 2 8 6 3 8 2 6 3 5 4 1 4 9 2 5 9 4 3 1 6 9 7 6 4 1 7 9 8 5 2 3 3 8 7 2 6 5 8 1 4 14 19 
7 2 1 5 4 3 9 8 6 9 3 6 8 2 7 4 5 1 5 4 8 6 1 9 7 3 2 4 1 3 9 8 6 2 7 5 2 7 9 1 5 4 3 6 8 8 6 5 3 7 2 1 4 9 2 5 8 4 3 1 6 9 7 1 6 4 7 9 8 5 2 3 3 9 7 2 6 5 8 1 4 4 8 
1 2 8 5 4 3 9 7 6 9 3 6 8 2 7 5 1 4 7 4 5 6 1 9 2 3 8 4 9 3 1 7 6 8 7 5 5 7 1 9 8 4 3 6 2 8 6 2 3 5 2 1 4 9 2 5 9 4 3 1 6 8 7 6 1 4 7 9 8 5 2 3 3 8 7 2 6 5 4 9 1 5 15 
2 1 8 5 4 3 9 7 6 6 3 9 8 2 7 5 1 4 7 4 5 6 1 9 8 3 2 4 1 3 9 8 6 2 7 5 5 7 9 1 5 4 3 6 8 8 2 6 3 7 2 1 4 9 9 5 2 4 3 1 6 8 7 1 6 4 7 9 8 5 2 3 3 8 7 2 6 5 4 9 1 7 18 
7 2 1 5 4 3 9 8 6 9 3 6 8 2 7 5 4 1 5 4 8 6 1 9 7 3 2 4 9 3 1 7 6 2 8 5 1 7 5 9 8 2 3 6 4 8 6 2 3 5 4 1 7 9 2 5 9 4 3 1 6 9 7 6 1 4 7 9 8 5 2 3 3 8 7 2 6 5 4 1 8 5 15 
7 2 1 5 4 3 9 8 6 6 3 9 8 2 7 4 5 1 5 8 4 6 1 9 2 3 7 4 1 3 9 7 6 7 8 5 9 7 5 1 8 4 3 6 2 8 6 2 3 5 2 1 4 9 9 5 8 2 3 1 6 7 4 1 4 6 7 9 8 5 2 3 3 2 7 4 6 5 8 9 1 7 16 
7 1 2 5 4 3 9 8 6 6 3 5 8 2 7 5 1 4 9 4 8 6 1 9 2 3 7 4 9 3 1 7 6 2 8 5 5 7 1 9 8 2 3 6 4 8 2 6 3 5 4 1 7 9 2 5 9 4 3 1 6 7 8 1 6 4 7 9 8 5 2 3 3 8 7 2 6 5 4 9 1 8 17 
2 8 1 5 4 3 9 7 6 9 3 6 8 2 7 4 5 1 7 4 5 6 1 9 2 3 8 4 9 3 1 7 6 2 8 5 5 7 1 9 8 2 3 6 4 8 6 2 3 5 4 1 7 9 2 5 8 4 3 1 6 9 7 6 1 4 7 9 8 5 2 3 3 9 7 2 6 5 8 4 1 7 15 
1 8 2 5 4 3 9 7 6 6 3 9 8 2 7 4 5 1 7 4 5 6 1 9 2 3 8 4 9 3 1 7 6 7 8 5 5 7 1 9 8 4 3 6 2 8 2 6 3 5 2 1 4 9 2 5 8 4 3 1 6 9 7 1 6 4 7 9 8 5 2 3 3 9 7 2 6 5 8 1 4 5 14 
7 1 2 5 4 3 9 8 6 6 3 9 8 2 7 4 5 1 5 8 4 6 1 9 7 3 2 4 9 3 1 8 6 2 7 5 2 7 1 9 5 4 3 6 8 8 6 5 3 7 2 1 4 9 9 5 8 4 3 1 6 9 7 1 4 6 7 9 8 5 2 3 3 2 7 2 6 5 8 1 4 3 7 
7 8 1 5 4 3 9 8 6 6 3 9 8 2 7 5 4 1 5 4 2 6 1 9 2 3 7 4 6 3 1 8 2 7 8 5 9 7 1 9 5 4 3 6 2 8 2 5 3 7 6 1 4 9 9 5 8 2 3 1 6 7 3 1 6 4 7 9 8 5 2 4 3 2 7 4 6 5 8 9 1 15 20 
1 2 8 5 4 3 9 7 6 5 3 6 8 2 7 4 5 1 7 9 4 6 1 9 8 3 2 4 1 3 9 7 6 2 7 5 2 7 9 1 8 2 3 6 8 8 6 5 3 5 4 1 4 9 9 5 2 4 3 1 6 8 7 6 4 1 7 9 8 5 2 3 3 8 7 2 6 5 4 9 1 11 18 
7 8 2 5 4 3 9 8 6 1 3 6 8 2 7 4 5 1 5 4 9 6 1 9 2 3 7 4 1 3 9 7 6 7 8 5 9 7 5 1 8 2 3 6 2 8 2 6 3 5 4 1 4 9 2 5 8 4 3 1 6 9 7 6 4 1 7 9 8 5 2 3 3 9 7 2 6 5 8 1 4 11 17 
2 8 1 5 4 3 9 7 6 9 3 6 8 2 7 4 5 1 7 4 5 6 1 9 2 3 8 4 2 3 1 8 6 7 8 5 1 7 9 9 5 4 3 6 2 8 6 5 3 7 2 1 4 9 2 5 8 4 3 1 6 9 7 6 1 4 7 9 8 5 2 3 3 9 7 2 6 5 8 1 4 5 13 
7 8 1 5 4 3 9 7 6 6 3 9 8 2 7 4 5 1 5 2 4 6 1 9 2 3 8 4 1 3 9 7 2 7 8 5 9 7 5 1 8 4 3 6 2 8 6 2 3 5 6 1 4 9 2 5 8 4 3 1 6 9 7 1 4 6 7 9 8 5 2 3 3 9 7 2 6 5 8 1 4 5 13 
7 2 8 5 4 3 9 8 6 1 3 6 8 2 7 4 5 1 5 4 9 6 1 9 2 3 7 4 9 3 1 8 6 8 7 5 2 7 1 9 5 4 3 6 2 8 6 5 3 7 2 1 4 9 9 5 2 4 3 1 6 7 8 6 1 4 7 9 8 5 2 3 3 8 7 2 6 5 4 9 1 9 16 
1 8 2 5 4 3 9 7 6 5 3 6 8 2 7 4 5 1 7 4 9 6 1 9 2 3 8 4 6 3 9 8 2 7 8 5 9 7 1 1 5 4 3 6 2 8 2 5 3 7 6 1 4 9 2 5 8 4 3 1 6 9 7 6 1 4 7 9 8 5 2 3 3 9 7 2 6 5 8 1 4 5 12 
2 8 1 5 4 3 9 8 6 9 3 6 8 2 7 4 5 1 7 4 5 6 1 9 7 3 2 4 9 3 1 7 2 8 7 5 5 7 1 9 8 4 2 6 3 8 6 2 3 5 6 1 4 9 9 5 8 2 3 1 6 9 7 6 1 4 7 9 8 5 2 3 3 2 7 4 6 5 8 1 4 11 17 
7 1 2 5 4 3 9 8 6 9 3 6 8 2 7 4 5 1 5 8 4 6 1 9 2 3 7 4 2 3 1 7 6 8 7 5 1 7 9 9 8 4 3 6 2 8 6 5 3 5 2 1 4 9 2 5 8 4 3 1 6 9 7 6 4 1 7 9 8 5 2 3 3 9 7 2 6 5 4 1 8 6 14 
7 1 2 5 4 3 9 8 6 9 3 6 8 2 7 4 5 1 5 8 4 6 1 9 7 3 2 4 1 3 9 8 6 2 7 5 2 7 9 1 5 4 3 6 8 8 6 5 3 7 2 1 4 9 2 5 8 4 3 1 6 9 7 6 4 1 7 9 8 5 2 3 3 9 7 2 6 5 8 1 4 3 7 
7 1 2 5 4 3 9 8 6 9 3 6 8 2 7 5 1 4 5 4 8 6 1 9 2 3 7 4 6 3 1 8 2 8 7 5 9 7 1 9 5 4 3 6 2 8 2 5 3 7 6 1 4 9 2 5 9 4 3 1 6 7 8 6 1 4 7 9 8 5 2 3 3 8 7 2 6 5 4 9 1 7 14 
7 1 2 5 4 3 9 8 6 6 3 9 8 2 7 4 5 1 5 4 8 6 1 9 7 3 2 4 9 3 1 7 2 8 7 5 1 7 5 9 8 4 3 6 2 8 2 6 3 5 6 1 4 9 2 5 8 4 3 1 6 9 7 1 6 4 7 9 8 5 2 3 3 9 7 2 6 5 4 1 8 8 15 
7 8 2 5 4 3 9 7 6 6 3 9 8 2 7 4 5 1 5 1 4 6 1 9 8 3 2 4 6 3 9 8 2 7 8 5 9 7 1 1 5 4 2 6 3 8 2 5 3 7 6 1 4 9 9 5 2 4 3 1 6 7 8 1 6 4 7 9 8 5 2 3 3 8 7 2 6 5 4 9 1 14 18 
7 8 2 5 4 3 9 8 6 6 3 9 8 2 7 4 5 1 5 4 1 6 1 9 7 3 2 4 1 3 9 7 6 2 8 5 9 7 5 1 8 2 3 6 4 8 2 6 3 5 4 1 7 9 2 5 8 4 3 1 6 9 7 1 6 4 7 9 8 5 2 3 3 9 7 2 6 5 8 4 1 5 11 
7 1 2 5 4 3 9 8 6 6 3 9 8 2 7 5 1 4 5 4 8 6 1 9 7 3 2 4 9 3 1 8 6 2 7 5 2 7 1 9 5 4 8 6 3 8 6 5 3 7 2 1 4 9 9 5 2 4 3 1 6 7 8 1 6 4 7 9 8 5 2 3 3 8 7 2 6 5 4 9 1 6 13 
7 2 1 5 4 3 9 8 6 6 3 9 8 2 7 5 1 4 5 8 4 6 1 9 7 3 2 4 1 3 9 8 6 2 7 5 9 7 2 1 5 4 3 6 8 8 6 5 3 7 2 1 4 9 2 5 8 4 3 1 6 9 7 1 4 6 7 9 8 5 2 3 3 9 7 2 6 5 4 8 1 3 6 
1 8 2 5 4 3 9 7 6 6 3 9 8 2 7 5 1 4 7 4 5 6 1 9 8 3 2 4 1 3 9 8 6 7 8 5 5 7 9 1 5 2 2 6 3 8 2 6 3 7 4 1 4 9 2 5 8 4 3 1 6 9 7 1 4 6 7 9 8 5 2 3 3 9 7 2 6 5 4 8 1 12 15 
7 1 2 5 4 3 9 8 6 9 3 6 8 2 7 4 5 1 5 8 4 6 1 9 7 3 2 4 9 3 1 8 2 2 7 5 1 7 5 4 5 9 3 6 8 8 2 6 3 7 6 1 4 9 9 5 2 4 3 1 6 8 7 1 6 4 7 9 8 5 2 3 3 8 7 2 6 5 4 9 1 15 16 
7 2 1 5 4 3 9 8 6 9 3 6 8 2 7 4 5 1 5 4 8 6 1 9 2 3 7 4 9 3 1 7 6 7 8 5 1 7 5 9 8 4 3 6 2 8 6 2 3 5 2 1 4 9 2 5 9 4 3 1 6 7 8 6 1 4 7 9 8 5 2 3 3 8 7 2 6 5 4 9 1 6 13 
2 8 1 5 4 3 9 8 6 6 3 5 8 2 7 5 1 4 7 9 4 6 1 9 7 3 2 4 1 3 9 8 2 2 7 5 5 7 9 1 5 4 3 6 8 8 6 2 3 7 6 1 4 9 9 5 8 2 3 1 6 4 7 1 4 6 7 9 8 5 2 3 3 2 7 4 6 5 8 9 1 10 14 
7 1 2 5 4 3 9 7 6 6 3 9 8 2 7 5 1 4 5 8 4 6 1 9 8 3 2 4 9 3 1 8 9 2 8 5 5 7 1 4 5 2 4 6 3 8 6 2 3 7 6 1 7 9 2 5 9 4 3 1 6 9 7 6 1 4 7 9 8 5 2 3 3 8 7 2 6 5 8 4 1 24 19 
7 2 8 5 4 3 9 8 6 9 3 6 8 2 7 5 1 4 5 1 4 6 1 9 7 3 2 4 9 3 1 7 2 8 7 5 5 7 1 4 8 9 3 6 2 8 6 2 3 5 6 1 4 9 2 5 9 4 3 1 6 8 7 1 4 6 7 9 8 5 2 3 3 8 7 2 6 5 4 9 1 12 14 
7 2 1 5 4 3 9 8 6 6 3 9 8 2 7 5 1 4 5 4 8 6 1 9 7 3 2 4 1 3 9 7 6 2 8 5 9 7 5 1 8 2 3 6 4 8 2 6 3 5 4 1 7 9 9 5 2 4 3 1 6 7 8 1 6 4 7 9 8 5 2 3 3 8 7 2 6 5 4 9 1 7 13 
1 2 8 5 4 3 9 7 6 9 3 6 8 2 7 4 5 1 7 4 5 6 1 9 8 3 2 4 1 3 9 8 6 2 7 5 9 7 2 1 5 4 3 6 8 8 6 5 3 7 2 1 4 9 2 5 9 4 3 1 6 8 7 6 1 4 7 9 8 5 2 3 3 8 7 2 6 5 4 9 1 7 13 
7 2 8 5 4 3 9 7 6 6 3 9 8 2 7 5 1 4 5 1 4 6 1 9 8 3 2 4 9 3 1 8 6 2 7 5 2 7 1 9 5 4 3 6 8 8 6 5 3 7 2 1 4 9 9 5 2 4 3 1 6 8 7 1 4 6 7 9 8 5 2 3 3 8 7 2 6 5 4 9 1 5 11 
2 1 8 5 4 3 9 7 6 6 3 9 8 2 7 5 1 4 7 4 5 6 1 9 8 3 2 4 6 3 1 7 2 2 7 5 9 7 1 9 8 4 3 6 8 8 2 5 3 5 6 1 4 9 2 5 8 4 3 1 6 9 7 6 1 4 7 9 8 5 2 3 3 9 7 2 6 5 4 8 1 13 15 
7 2 8 5 4 3 9 7 6 6 3 9 8 2 7 5 1 4 5 1 4 6 1 9 8 3 2 4 9 3 1 7 2 7 8 5 2 7 1 9 8 4 2 6 3 8 6 5 3 5 6 1 4 9 9 5 2 4 3 1 6 9 7 1 6 4 7 9 8 5 2 3 3 8 7 2 6 5 4 1 8 14 14 
1 2 8 5 4 3 9 7 6 9 3 6 8 2 7 4 5 1 7 4 5 6 1 9 8 3 2 4 9 3 1 7 6 2 8 5 5 7 1 9 8 2 3 6 4 8 6 2 3 5 4 1 7 9 2 5 9 4 3 1 6 8 7 6 1 4 7 9 8 5 2 3 3 8 7 2 6 5 4 9 1 5 10 
7 1 2 5 4 3 9 8 6 6 3 9 8 2 7 4 5 1 5 8 4 6 1 9 7 3 2 4 9 3 1 8 6 2 7 5 2 7 1 9 5 4 3 6 8 8 6 5 3 7 2 1 4 9 9 5 8 2 3 1 6 7 4 1 4 6 7 9 8 5 2 3 3 2 7 4 6 5 8 9 1 3 5 
7 1 2 5 4 3 9 8 6 6 3 9 8 2 7 5 4 1 5 8 4 6 1 9 7 3 2 4 9 3 1 7 6 2 8 5 5 7 1 9 8 2 3 6 4 8 2 6 3 5 4 1 7 9 2 5 8 4 3 1 6 9 7 1 6 4 7 9 8 5 2 3 3 9 7 2 6 5 4 1 8 6 12 
7 2 1 5 4 3 9 8 6 6 3 9 8 2 7 5 1 4 5 4 8 6 1 9 7 3 2 4 1 3 9 8 6 2 7 5 2 7 9 1 5 4 3 6 8 8 6 5 3 7 2 1 4 9 9 5 2 4 3 1 6 8 7 1 6 4 7 9 8 5 2 3 3 8 7 2 6 5 4 9 1 5 10 
7 1 2 5 4 3 9 8 6 9 3 6 8 2 7 4 5 1 5 8 4 6 1 9 7 3 2 4 2 3 1 8 6 2 7 5 1 7 9 9 5 4 3 6 8 8 6 5 3 7 2 1 4 9 2 5 8 4 3 1 6 9 7 6 4 1 7 9 8 5 2 3 3 9 7 2 6 5 8 1 4 3 4 
7 2 1 5 4 3 9 8 6 6 3 9 8 2 7 4 5 1 5 8 4 6 1 9 7 3 2 4 1 3 9 7 6 2 7 5 9 7 5 1 8 2 3 6 8 8 6 2 3 5 4 1 4 9 2 5 8 4 3 1 6 9 7 1 4 6 7 9 8 5 2 3 3 9 7 2 6 5 8 1 4 4 5 
1 2 8 5 4 3 9 7 6 6 3 4 8 2 7 5 1 4 7 9 5 6 1 9 8 3 2 4 1 3 9 8 2 7 8 5 5 7 9 1 5 4 2 6 3 8 2 6 3 7 6 1 4 9 9 5 2 4 3 1 6 9 7 6 4 1 7 9 8 5 2 3 3 8 7 2 6 5 8 1 4 15 15 
2 8 1 5 4 3 9 7 6 6 3 9 8 2 7 4 5 1 7 4 5 6 1 9 8 3 2 4 1 3 9 7 6 2 8 5 9 7 5 1 8 2 3 6 4 8 2 6 3 5 4 1 7 9 2 5 8 4 3 1 6 9 7 1 6 4 7 9 8 5 2 3 3 9 7 2 6 5 4 1 8 5 9 
7 1 2 5 4 3 9 8 6 9 3 6 8 2 7 4 5 1 5 8 4 6 1 9 7 3 2 4 6 3 9 7 6 2 8 5 1 7 9 1 8 2 3 6 4 8 2 5 3 5 4 1 7 9 2 5 8 4 3 1 6 9 7 6 4 1 7 9 8 5 2 3 3 9 7 2 6 5 8 1 4 6 11 
1 8 2 5 4 3 9 7 6 9 3 6 8 2 7 4 5 1 7 4 5 6 1 9 2 3 8 4 1 3 9 8 6 7 8 5 5 7 9 1 5 4 3 6 2 8 2 6 3 7 2 1 4 9 2 5 8 4 3 1 6 9 7 6 4 1 7 9 8 5 2 3 3 9 7 2 6 5 8 1 4 6 10 
7 2 1 5 4 3 9 8 6 6 3 9 8 2 7 4 5 1 5 4 8 6 1 9 2 3 7 4 6 3 1 8 2 2 8 5 1 7 9 9 5 4 3 6 4 8 2 5 3 7 6 1 7 9 9 5 2 4 3 1 6 7 8 1 6 4 7 9 8 5 2 3 3 8 7 2 6 5 4 9 1 15 15 
7 8 1 5 4 3 9 8 6 9 3 6 8 2 7 4 5 1 5 4 2 6 1 9 2 3 7 4 6 3 1 8 2 8 7 5 1 7 9 9 5 4 3 6 2 8 2 5 3 7 6 1 4 9 2 5 8 4 3 1 6 9 7 6 1 4 7 9 8 5 2 3 3 9 7 2 6 5 4 1 8 7 13 
7 1 2 5 4 3 9 8 6 6 3 9 8 2 7 4 5 1 5 8 4 6 1 9 7 3 2 4 9 3 1 7 6 8 7 5 1 7 5 9 8 4 2 6 3 8 2 6 3 5 2 1 4 9 2 5 8 4 3 1 6 9 7 6 4 1 7 9 8 5 2 3 3 9 7 2 6 5 8 1 4 7 11 
7 1 2 5 4 3 9 8 6 6 3 9 8 2 7 4 5 1 5 8 4 6 1 9 7 3 2 4 2 3 1 8 6 2 7 5 9 7 1 9 5 4 3 6 8 8 6 5 3 7 2 1 4 9 2 5 8 4 3 1 6 9 7 1 4 6 7 9 8 5 2 3 3 9 7 2 6 5 8 1 4 3 4 
7 2 1 5 4 3 9 8 6 6 3 9 8 2 7 4 5 1 5 4 8 6 1 9 7 3 2 4 1 3 9 8 6 2 7 5 9 7 2 1 5 4 3 6 8 8 6 5 3 7 2 1 4 9 2 5 8 4 3 1 6 9 7 1 6 4 7 9 8 5 2 3 3 9 7 2 6 5 8 1 4 3 4 
7 8 2 5 4 3 9 7 6 9 3 6 8 2 7 5 4 1 5 4 1 6 1 9 8 3 2 4 1 3 9 8 6 2 8 5 5 7 9 1 5 4 3 6 4 8 2 6 3 7 2 1 7 9 9 5 8 2 3 1 6 4 7 1 6 4 7 9 8 5 2 3 3 2 7 4 6 5 8 9 1 17 18 
1 2 8 5 4 3 9 7 6 9 3 6 8 2 7 4 5 1 7 4 5 6 1 9 8 3 2 4 9 3 1 8 6 2 7 5 5 7 1 9 5 4 3 6 8 8 6 2 3 7 2 1 4 9 2 5 9 4 3 1 6 9 7 6 1 4 7 9 8 5 2 3 3 8 7 2 6 5 8 1 4 7 10 
7 1 8 5 4 3 9 7 6 9 3 6 8 2 7 4 5 1 5 2 4 6 1 9 2 3 8 4 9 3 1 7 6 8 7 5 1 7 5 9 8 4 3 6 2 8 6 2 3 5 2 1 4 9 2 5 9 4 3 1 6 8 7 6 4 1 7 9 8 5 2 3 3 8 7 2 6 5 4 9 1 8 12 
1 8 2 5 4 3 9 7 6 5 3 6 8 2 7 4 5 1 7 4 9 6 1 9 8 3 2 4 9 3 1 8 2 2 8 5 1 7 5 3 5 9 3 6 4 8 6 2 4 7 6 1 7 9 9 5 8 4 3 1 6 9 7 6 4 1 7 9 8 5 2 3 3 2 7 2 6 5 4 1 8 18 18 
7 8 2 5 4 3 9 7 6 6 3 1 8 2 7 5 1 4 5 9 4 6 1 9 2 3 8 4 9 3 9 8 6 2 7 5 1 7 2 1 5 4 3 6 8 8 6 5 3 7 2 1 4 9 2 5 9 2 3 1 6 9 7 6 1 4 7 9 8 5 2 3 3 8 7 4 6 5 8 1 4 21 17 
7 2 1 5 4 3 9 8 6 9 3 6 8 2 7 5 1 4 5 8 4 6 1 9 7 3 2 4 9 3 1 7 6 2 7 5 1 7 2 9 8 4 8 6 3 8 6 5 3 5 2 1 4 9 2 5 8 4 3 1 6 9 7 6 4 1 7 9 8 5 2 3 3 9 7 2 6 5 4 1 8 9 12 
7 2 1 5 4 3 9 8 6 9 3 6 8 2 7 4 5 1 5 8 4 6 1 9 7 3 2 4 1 3 9 8 6 2 7 5 2 7 9 1 5 4 3 6 8 8 6 5 3 7 2 1 4 9 2 5 8 4 3 1 6 9 7 1 4 6 7 9 8 5 2 3 3 9 7 2 6 5 8 1 4 3 4 
7 8 2 5 4 3 9 7 6 9 3 6 8 2 7 4 5 1 5 4 1 6 1 9 2 3 8 4 6 3 9 7 2 7 8 5 1 7 9 1 8 4 3 6 2 8 2 5 3 5 6 1 4 9 2 5 8 4 3 1 6 9 7 6 1 4 7 9 8 5 2 3 3 9 7 2 6 5 4 1 8 8 11 
7 1 2 5 4 3 9 8 6 6 3 9 8 2 7 4 5 1 5 8 4 6 1 9 7 3 2 4 6 3 1 8 9 2 7 5 9 7 1 4 5 2 3 6 8 8 2 5 3 7 6 1 4 9 2 5 8 4 3 1 6 9 7 1 4 6 7 9 8 5 2 3 3 9 7 2 6 5 8 1 4 3 3 
7 1 2 5 4 3 9 8 6 6 3 9 8 2 7 4 5 1 5 8 4 6 1 9 2 3 7 4 6 3 1 7 2 8 7 5 9 7 1 9 8 4 3 6 2 8 2 5 3 5 6 1 4 9 2 5 8 4 3 1 6 9 7 1 4 6 7 9 8 5 2 3 3 9 7 2 6 5 4 1 8 6 9 
7 2 1 5 4 3 9 8 6 9 3 6 8 2 7 5 4 1 5 8 4 6 1 9 7 3 2 4 1 3 9 7 6 2 8 5 5 7 9 1 8 2 3 6 4 8 6 2 3 5 4 1 7 9 2 5 8 4 3 1 6 9 7 6 4 1 7 9 8 5 2 3 3 9 7 2 6 5 4 1 8 5 8 
7 2 1 5 4 3 9 8 6 6 3 9 8 2 7 4 5 1 5 8 4 6 1 9 7 3 2 4 1 3 9 7 6 2 8 5 9 7 5 1 8 2 3 6 4 8 6 2 3 5 4 1 7 9 2 5 8 4 3 1 6 9 7 1 4 6 7 9 8 5 2 3 3 9 7 2 6 5 8 4 1 3 3 
7 2 1 5 4 3 9 8 6 6 3 9 8 2 7 5 1 4 5 8 4 6 1 9 7 3 2 4 1 3 9 7 2 8 7 5 9 7 2 1 8 4 2 6 3 8 6 5 3 5 6 1 4 9 2 5 8 2 3 1 6 7 4 1 4 6 7 9 8 5 2 3 3 9 7 4 6 5 8 9 1 12 12 
7 2 1 5 4 3 9 8 6 9 3 6 8 2 7 4 5 1 5 8 4 6 1 9 7 3 2 4 1 3 9 7 6 8 7 5 9 7 5 1 8 4 2 6 3 8 6 2 3 5 2 1 4 9 2 5 8 4 3 1 6 9 7 1 4 6 7 9 8 5 2 3 3 9 7 2 6 5 4 1 8 7 9 
7 2 1 5 4 3 9 8 6 6 3 9 8 2 7 5 1 4 5 4 8 6 1 9 7 3 2 4 1 3 9 7 6 2 7 5 9 7 5 1 8 2 3 6 8 8 6 2 3 5 4 1 4 9 2 5 9 4 3 1 6 8 7 1 4 6 7 9 8 5 2 3 3 8 7 2 6 5 4 9 1 8 11 
2 8 1 5 4 3 9 7 6 9 3 6 8 2 7 4 5 1 7 4 5 6 1 9 2 3 8 4 1 3 9 7 2 7 8 5 5 7 9 1 8 4 3 6 2 8 2 6 3 5 6 1 4 9 2 5 8 4 3 1 6 9 7 1 6 4 7 9 8 5 2 3 3 9 7 2 6 5 8 1 4 5 7 
7 8 2 5 4 3 9 7 6 9 3 6 8 2 7 5 4 1 5 4 1 6 1 9 8 3 2 4 9 3 9 8 6 2 8 5 1 7 2 1 5 4 3 6 4 8 6 5 3 7 2 1 7 9 2 5 9 4 3 1 6 8 7 6 1 4 7 9 8 5 2 3 3 8 7 2 6 5 4 9 1 14 12 
1 2 8 5 4 3 9 7 6 9 3 6 8 2 7 4 5 1 7 4 5 6 1 9 8 3 2 4 9 3 1 8 6 7 8 5 2 7 1 9 5 4 2 6 3 8 6 5 3 7 2 1 4 9 2 5 9 4 3 1 6 7 8 6 1 4 7 9 8 5 2 3 3 8 7 2 6 5 4 9 1 9 11 
7 1 2 5 4 3 9 8 6 6 3 9 8 2 7 5 1 4 5 8 4 6 1 9 7 3 2 4 9 3 1 7 6 2 7 5 1 7 5 9 8 4 3 6 8 8 2 6 3 5 2 1 4 9 2 5 8 4 3 1 6 9 7 6 4 1 7 9 8 5 2 3 3 9 7 2 6 5 4 8 1 8 9 
7 2 1 5 4 3 9 8 6 9 3 6 8 2 7 4 5 1 5 4 8 6 1 9 7 3 2 4 9 3 1 8 6 2 7 5 1 7 2 9 5 4 3 6 8 8 6 5 3 7 2 1 4 9 2 5 9 4 3 1 6 8 7 6 1 4 7 9 8 5 2 3 3 8 7 2 6 5 4 9 1 4 3 
7 1 2 5 4 3 9 8 6 6 3 9 8 2 7 4 5 1 5 8 4 6 1 9 7 3 2 4 9 3 1 8 6 2 7 5 2 7 1 9 5 4 3 6 8 8 6 5 3 7 2 1 4 9 2 5 8 4 3 1 6 9 7 1 4 6 7 9 8 5 2 3 3 9 7 2 6 5 8 1 4 3 2 
7 2 1 5 4 3 9 8 6 6 3 9 8 2 7 5 1 4 5 8 4 6 1 9 7 3 2 4 1 3 9 8 6 2 7 5 9 7 2 1 5 4 3 6 8 8 6 5 3 7 2 1 4 9 2 5 8 4 3 1 6 9 7 1 4 6 7 9 8 5 2 3 3 9 7 2 6 5 8 4 1 3 2 
7 8 2 5 4 3 9 7 6 6 3 9 8 2 7 4 5 1 5 4 1 6 1 9 2 3 8 4 1 3 9 7 2 7 8 5 9 7 5 1 8 4 3 6 2 8 2 6 3 5 6 1 4 9 2 5 8 4 3 1 6 9 7 1 6 4 7 9 8 5 2 3 3 9 7 2 6 5 8 1 4 5 7 
1 8 2 5 4 3 9 7 6 6 3 9 8 2 7 4 5 1 7 4 5 6 1 9 2 3 8 4 9 3 1 7 6 2 8 5 5 7 1 9 8 2 3 6 4 8 6 2 3 5 4 1 7 9 9 5 8 2 3 1 6 4 7 6 1 4 7 9 8 5 2 3 3 2 7 4 6 5 8 9 1 6 7 
7 1 2 5 4 3 9 7 6 6 3 9 8 2 7 5 1 4 5 8 4 6 1 9 2 3 8 4 9 3 1 8 6 2 7 5 5 7 1 9 5 4 3 6 8 8 2 6 3 7 2 1 4 9 9 5 8 2 3 1 6 7 4 6 1 4 7 9 8 5 2 3 3 2 7 4 6 5 8 9 1 17 11 

