MonoObjective Genetic Algorithm
Number of Evaluations = 0
Mutation Probability = 0.0100000000000000002
Crossover Probability = 0.5
Population Size = 100
Survival Selection Type = 16

Time =  300.056146000000012

Current Evaluation = 179000
Front Size = 100
7 2 1 5 4 3 9 8 6 6 3 9 8 2 7 4 5 1 5 8 4 6 1 9 7 3 2 4 1 3 9 8 6 2 7 5 9 7 2 1 5 4 3 6 8 8 6 5 3 7 2 1 4 9 2 5 8 4 3 1 6 9 7 1 4 6 7 9 8 5 2 3 3 9 7 2 6 5 8 1 4 1 8 
2 8 1 5 4 3 9 7 6 5 3 6 8 2 7 5 1 4 7 4 9 6 1 9 2 3 8 4 9 3 1 7 6 2 8 5 1 7 5 9 8 2 3 6 4 8 6 2 3 5 4 1 7 9 9 5 8 2 3 1 6 4 7 6 1 4 7 9 8 5 2 3 3 2 7 4 6 5 8 9 1 7 37 
7 2 1 5 4 3 9 8 6 9 3 6 8 2 7 5 1 4 5 4 8 6 1 9 7 3 2 4 9 3 1 8 6 2 7 5 1 7 2 9 5 4 3 6 8 8 6 5 3 7 2 1 4 9 2 5 9 4 3 1 6 8 7 6 1 4 7 9 8 5 2 3 3 8 7 2 6 5 4 9 1 3 20 
1 4 8 5 4 3 9 1 6 6 3 9 8 2 7 5 4 2 7 2 5 6 1 9 8 3 7 4 1 3 1 7 8 2 7 5 9 7 2 4 5 9 3 6 8 8 6 5 2 3 6 1 4 9 9 5 2 4 3 1 7 8 3 1 6 4 7 9 8 5 2 1 3 8 7 2 6 5 6 9 4 424 31 
7 1 2 5 4 3 9 8 6 6 3 9 8 2 7 5 1 4 5 8 4 6 1 9 7 3 2 4 9 3 1 8 6 2 7 5 2 7 1 9 5 4 3 6 8 8 6 5 3 7 2 1 4 9 9 5 8 2 3 1 6 4 7 1 4 6 7 9 8 5 2 3 3 2 7 4 6 5 8 9 1 3 17 
7 1 2 5 4 3 9 8 6 6 3 5 8 2 7 4 5 1 9 4 8 6 1 9 2 3 7 4 9 3 1 7 2 7 8 5 5 7 1 9 8 4 3 6 2 8 2 6 3 5 6 1 4 9 2 5 9 4 3 1 6 7 8 1 6 4 7 9 8 5 2 3 3 8 7 2 6 5 4 9 1 8 26 
1 2 8 5 4 3 9 8 6 9 3 6 8 2 7 5 1 4 7 4 5 6 1 9 7 3 2 4 1 3 9 7 6 7 8 5 9 7 5 1 8 2 3 6 2 8 2 6 3 5 4 1 4 9 9 5 2 4 3 1 6 9 7 1 6 4 7 9 8 5 2 3 3 8 7 2 6 5 8 1 4 21 26 
7 1 2 5 4 3 9 8 6 9 3 6 8 2 7 4 5 1 5 8 4 6 1 9 7 3 2 4 6 3 1 8 9 2 7 5 1 7 9 4 5 2 3 6 8 8 2 5 3 7 6 1 4 9 2 5 8 4 3 1 6 9 7 6 4 1 7 9 8 5 2 3 3 9 7 2 6 5 8 1 4 3 15 
2 8 1 5 4 3 9 7 6 6 3 4 8 2 7 4 5 1 7 9 5 6 1 9 2 3 8 4 1 3 9 8 2 7 8 5 5 7 9 1 5 4 3 6 2 8 6 2 3 7 6 1 4 9 9 5 8 2 3 1 6 7 4 1 4 6 7 9 8 5 2 3 3 2 7 4 6 5 8 9 1 8 25 
7 8 2 5 4 3 9 7 6 1 3 6 8 2 7 4 5 1 5 9 4 6 1 9 8 3 2 4 1 3 9 7 6 2 8 5 9 7 5 1 8 2 3 6 4 8 2 6 3 5 4 1 7 9 2 5 9 4 3 1 6 8 7 6 4 1 7 9 8 5 2 3 3 8 7 2 6 5 4 9 1 10 24 
7 8 1 5 4 3 9 8 6 5 3 6 8 2 7 4 5 1 9 2 4 6 1 9 7 3 2 4 9 3 1 7 2 2 7 5 2 7 1 3 8 9 8 6 3 8 6 5 4 5 6 1 4 9 2 5 8 2 3 1 6 8 7 6 4 1 7 9 8 5 2 3 3 9 7 4 6 5 4 9 1 27 24 
1 8 2 5 4 3 9 7 6 9 3 6 8 2 7 4 5 1 7 4 5 6 1 9 2 3 8 4 9 3 1 7 6 7 8 5 5 7 1 9 8 4 3 6 2 8 6 2 3 5 2 1 4 9 2 5 8 4 3 1 6 9 7 6 1 4 7 9 8 5 2 3 3 9 7 2 6 5 8 1 4 5 21 
7 2 1 5 4 3 9 8 6 9 3 6 8 2 7 5 1 4 5 8 4 6 1 9 7 3 2 4 1 3 9 7 2 8 7 5 5 7 9 1 8 4 2 6 3 8 6 2 3 5 6 1 4 9 2 5 8 2 3 1 6 4 7 1 6 4 7 9 8 5 2 3 3 9 7 4 6 5 8 9 1 12 22 
7 2 1 5 4 3 9 8 6 6 3 9 8 2 7 5 1 4 5 8 4 6 1 9 7 3 2 4 1 3 9 7 6 2 8 5 9 7 5 1 8 2 4 6 3 8 6 2 3 5 4 1 7 9 2 5 8 4 3 1 6 9 7 1 4 6 7 9 8 5 2 3 3 9 7 2 6 5 8 4 1 4 16 
2 1 8 5 4 3 9 8 6 5 3 6 8 2 7 4 5 1 7 9 4 6 1 9 7 3 2 4 6 3 1 7 2 2 7 5 1 7 9 9 8 4 3 6 8 8 2 5 3 5 6 1 4 9 9 5 2 2 3 1 6 7 4 1 6 4 7 9 8 5 2 3 3 8 7 4 6 5 8 9 1 17 22 
1 2 8 5 4 3 9 7 6 6 3 5 8 2 7 5 1 4 7 9 4 6 1 9 8 3 2 4 9 3 9 7 2 2 7 5 2 7 1 1 8 4 3 6 8 8 6 5 3 5 6 1 4 9 9 5 8 4 3 1 6 9 7 6 1 4 7 9 8 5 2 3 3 2 7 2 6 5 4 8 1 20 23 
2 1 8 5 4 3 9 7 6 6 3 9 8 2 7 5 4 1 7 4 5 6 1 9 8 3 2 4 9 3 1 7 6 2 8 5 5 7 1 9 8 2 3 6 4 8 2 6 3 5 4 1 7 9 9 5 2 4 3 1 6 8 7 1 6 4 7 9 8 5 2 3 3 8 7 2 6 5 4 9 1 5 20 
7 2 1 5 4 3 9 8 6 9 3 6 8 2 7 4 5 1 5 4 8 6 1 9 7 3 2 4 9 3 1 7 6 2 8 5 1 7 5 9 8 2 3 6 4 8 6 2 3 5 4 1 7 9 2 5 9 4 3 1 6 9 7 6 1 4 7 9 8 5 2 3 3 8 7 2 6 5 8 1 4 5 17 
7 8 2 5 4 3 9 8 6 6 3 1 8 2 7 4 5 1 9 4 5 6 1 9 7 3 2 4 1 3 9 7 6 8 7 5 5 7 9 1 8 4 2 6 3 8 2 6 3 5 2 1 4 9 2 5 8 4 3 1 6 9 7 1 6 4 7 9 8 5 2 3 3 9 7 2 6 5 4 1 8 8 20 
1 2 8 5 4 3 9 7 6 5 3 6 8 2 7 4 5 1 7 9 4 6 1 9 8 3 2 4 1 3 9 8 6 2 7 5 2 7 9 1 5 4 3 6 8 8 6 5 3 7 2 1 4 9 9 5 2 4 3 1 6 8 7 6 4 1 7 9 8 5 2 3 3 8 7 2 6 5 4 9 1 6 18 
2 8 1 5 4 3 9 7 6 6 3 9 8 2 7 5 1 4 7 4 5 6 1 9 8 3 2 4 1 3 9 8 6 7 8 5 9 7 2 1 5 4 2 6 3 8 6 5 3 7 2 1 4 9 2 5 8 4 3 1 6 9 7 1 6 4 7 9 8 5 2 3 3 9 7 2 6 5 4 8 1 9 19 
7 1 8 5 4 3 9 8 6 6 3 4 8 2 7 5 4 1 9 2 5 6 1 9 7 3 2 4 9 3 9 8 2 2 8 5 5 7 1 1 5 4 3 6 4 8 6 2 3 7 6 1 7 9 2 5 9 4 3 1 6 7 8 1 4 6 7 9 8 5 2 3 3 8 7 2 6 5 4 9 1 17 20 
7 1 2 5 4 3 9 8 6 6 3 9 8 2 7 4 5 1 5 8 4 6 1 9 7 3 2 4 6 3 1 8 2 2 7 5 9 7 1 9 5 4 3 6 8 8 2 5 3 7 6 1 4 9 2 5 8 4 3 1 6 9 7 1 4 6 7 9 8 5 2 3 3 9 7 2 6 5 8 1 4 3 9 
2 8 1 5 4 3 9 7 6 9 3 6 8 2 7 4 5 1 7 4 5 6 1 9 8 3 2 4 1 3 9 7 6 2 8 5 5 7 9 1 8 2 3 6 4 8 6 2 3 5 4 1 7 9 2 5 8 2 3 1 6 9 7 6 1 4 7 9 8 5 2 3 3 9 7 4 6 5 4 1 8 7 17 
7 1 2 5 4 3 9 8 6 6 3 9 8 2 7 4 5 1 5 8 4 6 1 9 7 3 2 4 9 3 1 7 6 2 8 5 1 7 5 9 8 2 3 6 4 8 6 2 3 5 4 1 7 9 9 5 8 2 3 1 6 4 7 6 4 1 7 9 8 5 2 3 3 2 7 4 6 5 8 9 1 5 16 
7 2 8 5 4 3 9 7 6 9 3 6 8 2 7 5 1 4 5 1 4 6 1 9 2 3 8 4 6 3 1 7 2 7 8 5 9 7 1 9 8 4 3 6 2 8 2 5 3 5 6 1 4 9 2 5 9 4 3 1 6 8 7 1 4 6 7 9 8 5 2 3 3 8 7 2 6 5 4 9 1 11 19 
7 2 1 5 4 3 9 8 6 9 3 6 8 2 7 5 1 4 5 4 8 6 1 9 2 3 7 4 9 3 1 7 2 7 8 5 1 7 5 9 8 4 3 6 2 8 6 2 3 5 6 1 4 9 2 5 9 4 3 1 6 7 8 6 1 4 7 9 8 5 2 3 3 8 7 2 6 5 4 9 1 5 14 
7 2 1 5 4 3 9 8 6 9 3 6 8 2 7 4 5 1 5 4 8 6 1 9 7 3 2 4 9 3 1 8 6 2 7 5 1 7 2 9 5 4 3 6 8 8 6 5 3 7 2 1 4 9 2 5 8 4 3 1 6 9 7 6 1 4 7 9 8 5 2 3 3 9 7 2 6 5 8 1 4 3 9 
1 2 8 5 4 3 9 7 6 9 3 6 8 2 7 5 4 1 7 4 5 6 1 9 8 3 2 4 9 3 1 7 6 2 8 5 5 7 1 9 8 2 3 6 4 8 6 2 3 5 4 1 7 9 2 5 9 4 3 1 6 9 7 6 1 4 7 9 8 5 2 3 3 8 7 2 6 5 4 1 8 5 12 
1 8 2 5 4 3 9 8 6 9 3 6 8 2 7 5 1 4 7 4 5 6 1 9 7 3 2 4 1 3 1 8 6 2 8 5 5 7 9 9 5 4 3 6 4 8 2 6 3 7 2 1 7 9 2 5 8 2 3 1 6 9 7 1 6 4 7 9 8 5 2 3 3 9 7 4 6 5 8 4 1 17 20 
7 2 1 5 4 3 9 8 6 6 3 9 8 2 7 4 5 1 5 8 4 6 1 9 2 3 7 4 1 3 9 7 6 7 8 5 2 7 9 1 8 4 3 6 2 8 6 5 3 5 2 1 4 9 9 5 2 4 3 1 6 7 8 1 4 6 7 9 8 5 2 3 3 8 7 2 6 5 4 9 1 9 18 
1 2 8 5 4 3 9 7 6 6 3 9 8 2 7 5 1 4 7 4 5 6 1 9 8 3 2 4 9 3 1 8 6 2 7 5 2 7 1 9 5 4 3 6 8 8 6 5 3 7 2 1 4 9 9 5 2 4 3 1 6 8 7 6 1 4 7 9 8 5 2 3 3 8 7 2 6 5 4 9 1 5 12 
1 8 2 5 4 3 9 7 6 9 3 6 8 2 7 5 4 1 7 4 5 6 1 9 8 3 2 4 1 3 9 8 2 2 7 5 5 7 9 1 5 4 3 6 8 8 6 2 3 7 6 1 4 9 2 5 8 4 3 1 6 9 7 6 4 1 7 9 8 5 2 3 3 9 7 2 6 5 4 1 8 10 17 
7 8 1 5 4 3 9 7 6 6 3 9 8 2 7 4 5 1 5 4 2 6 1 9 2 3 8 4 1 3 9 8 2 7 8 5 9 7 5 1 5 4 3 6 2 8 2 6 3 7 6 1 4 9 2 5 8 4 3 1 6 9 7 1 6 4 7 9 8 5 2 3 3 9 7 2 6 5 8 1 4 6 16 
2 8 1 5 4 3 9 7 6 9 3 6 8 2 7 5 1 4 7 4 5 6 1 9 8 3 2 4 6 3 1 8 9 2 8 5 1 7 9 2 5 4 4 6 3 8 2 5 3 7 6 1 7 9 9 5 8 2 3 1 6 4 7 6 4 1 7 9 8 5 2 3 3 2 7 4 6 5 8 9 1 15 19 
7 1 2 5 4 3 9 8 6 6 3 9 8 2 7 5 1 4 5 8 4 6 1 9 2 3 7 4 2 3 1 7 6 8 7 5 9 7 1 9 8 4 3 6 2 8 6 5 3 5 2 1 4 9 2 5 8 4 3 1 6 9 7 1 4 6 7 9 8 5 2 3 3 9 7 2 6 5 4 8 1 7 16 
7 1 2 5 4 3 9 8 6 6 3 9 8 2 7 5 4 1 5 8 4 6 1 9 7 3 2 4 6 3 1 7 6 7 8 5 1 7 9 9 8 2 3 6 2 8 2 5 3 5 4 1 4 9 2 5 8 4 3 1 6 9 7 6 1 4 7 9 8 5 2 3 3 9 7 2 6 5 4 1 8 16 17 
7 2 1 5 4 3 9 8 6 6 3 9 8 2 7 5 1 4 5 4 8 6 1 9 2 3 7 4 9 3 1 8 6 8 7 5 2 7 1 9 5 4 3 6 2 8 6 5 3 7 2 1 4 9 9 5 2 4 3 1 6 7 8 1 4 6 7 9 8 5 2 3 3 8 7 2 6 5 4 9 1 7 14 
7 1 2 5 4 3 9 8 6 6 3 9 8 2 7 5 1 4 5 4 8 6 1 9 7 3 2 4 1 3 9 7 6 2 7 5 9 7 5 1 8 2 3 6 8 8 2 6 3 5 4 1 4 9 2 5 9 4 3 1 6 8 7 1 6 4 7 9 8 5 2 3 3 8 7 2 6 5 4 9 1 8 16 
7 1 2 5 4 3 9 8 6 9 3 6 8 2 7 4 5 1 5 8 4 6 1 9 7 3 2 4 9 3 1 7 6 2 8 5 1 7 5 9 8 2 3 6 4 8 2 6 3 5 4 1 7 9 2 5 8 4 3 1 6 9 7 6 4 1 7 9 8 5 2 3 3 9 7 2 6 5 4 1 8 5 12 
7 8 2 5 4 3 9 8 6 6 3 9 8 2 7 4 5 1 5 4 1 6 1 9 7 3 2 4 1 3 9 7 6 2 8 5 9 7 5 1 8 2 4 6 3 8 2 6 3 5 4 1 7 9 2 5 8 4 3 1 6 9 7 1 6 4 7 9 8 5 2 3 3 9 7 2 6 5 8 1 4 6 13 
1 8 2 5 4 3 9 7 6 6 3 9 8 2 7 4 5 1 7 4 5 6 1 9 2 3 8 4 2 3 9 8 6 7 8 5 9 7 1 1 5 4 3 6 2 8 6 5 3 7 2 1 4 9 2 5 8 4 3 1 6 9 7 1 4 6 7 9 8 5 2 3 3 9 7 2 6 5 8 1 4 6 12 
7 8 1 5 4 3 9 8 6 6 3 9 8 2 7 4 5 1 5 4 2 6 1 9 2 3 7 4 9 3 1 7 2 7 8 5 1 7 5 9 8 4 3 6 2 8 2 6 3 5 6 1 4 9 9 5 8 2 3 1 6 7 4 6 1 4 7 9 8 5 2 3 3 2 7 4 6 5 8 9 1 9 16 
7 2 1 5 4 3 9 8 6 6 3 9 8 2 7 5 1 4 5 4 8 6 1 9 7 3 2 4 1 3 9 8 6 2 7 5 2 7 9 1 5 4 3 6 8 8 6 5 3 7 2 1 4 9 9 5 2 4 3 1 6 8 7 1 6 4 7 9 8 5 2 3 3 8 7 2 6 5 4 9 1 5 11 
1 8 2 5 4 3 9 8 6 6 3 9 8 2 7 5 1 4 7 4 5 6 1 9 7 3 2 4 9 3 9 8 2 8 7 5 5 7 1 1 5 4 2 6 3 8 2 6 3 7 6 1 4 9 9 5 8 4 3 1 6 9 7 6 1 4 7 9 8 5 2 3 3 2 7 2 6 5 8 1 4 17 19 
7 1 2 5 4 3 9 8 6 6 3 4 8 2 7 5 4 1 5 9 8 6 1 9 7 3 2 4 6 3 1 7 6 2 8 5 9 7 1 9 8 2 3 6 4 8 2 5 3 5 4 1 7 9 2 5 9 4 3 1 6 7 8 1 4 6 7 9 8 5 2 3 3 8 7 2 6 5 4 9 1 10 16 
7 1 2 5 4 3 9 8 6 6 3 9 8 2 7 5 1 4 5 8 4 6 1 9 7 3 2 4 9 3 1 8 6 2 7 5 1 7 5 9 5 4 8 6 3 8 2 6 3 7 2 1 4 9 9 5 2 4 3 1 6 7 8 6 4 1 7 9 8 5 2 3 3 8 7 2 6 5 4 9 1 9 15 
2 8 1 5 4 3 9 8 6 5 3 6 8 2 7 5 1 4 7 4 9 6 1 9 7 3 2 4 9 3 1 7 6 2 8 5 2 7 1 9 8 4 4 6 3 8 6 5 3 5 2 1 7 9 2 5 8 2 3 1 7 9 3 1 6 4 7 9 8 6 2 5 3 9 7 4 6 5 4 8 1 124 20 
7 1 2 5 4 3 9 8 6 9 3 6 8 2 7 4 5 1 5 8 4 6 1 9 7 3 2 4 9 3 1 8 6 2 7 5 2 7 1 9 5 4 3 6 8 8 6 5 3 7 2 1 4 9 9 5 8 2 3 1 6 9 7 6 4 1 7 9 8 5 2 3 3 2 7 4 6 5 8 1 4 5 10 
7 2 1 5 4 3 9 8 6 6 3 9 8 2 7 4 5 1 5 4 8 6 1 9 7 3 2 4 6 3 1 8 9 8 7 5 1 7 9 4 5 2 2 6 3 8 2 5 3 7 6 1 4 9 9 5 2 4 3 1 6 9 7 6 1 4 7 9 8 5 2 3 3 8 7 2 6 5 4 1 8 12 16 
2 8 1 5 4 3 9 8 6 5 3 6 8 2 7 4 5 1 7 4 9 6 1 9 7 3 2 4 9 3 1 8 6 2 7 5 1 7 2 9 5 4 3 6 8 8 6 5 3 7 2 1 4 9 9 5 8 2 3 1 6 7 4 6 1 4 7 9 8 5 2 3 3 2 7 4 6 5 8 9 1 7 13 
7 2 1 5 4 3 9 8 6 6 3 9 8 2 7 4 5 1 5 8 4 6 1 9 7 3 2 4 1 3 9 7 6 2 8 5 9 7 5 1 8 2 3 6 4 8 6 2 3 5 4 1 7 9 2 5 8 4 3 1 6 9 7 1 4 6 7 9 8 5 2 3 3 9 7 2 6 5 4 1 8 3 8 
7 1 2 5 4 3 9 8 6 9 3 6 8 2 7 4 5 1 5 8 4 6 1 9 7 3 2 4 1 3 9 8 6 2 7 5 2 7 9 1 5 4 3 6 8 8 6 5 3 7 2 1 4 9 2 5 8 4 3 1 6 9 7 6 4 1 7 9 8 5 2 3 3 9 7 2 6 5 8 1 4 3 8 
7 2 8 5 4 3 9 7 6 9 3 6 8 2 7 5 1 4 5 4 1 6 1 9 2 3 8 4 1 3 9 7 2 7 8 5 5 7 9 1 8 4 3 6 2 8 6 2 3 5 6 1 4 9 2 5 8 4 3 1 6 9 7 1 6 4 7 9 8 5 2 3 3 9 7 2 6 5 4 8 1 10 15 
1 8 2 5 4 3 9 8 6 6 3 9 8 2 7 4 5 1 7 4 5 6 1 9 7 3 2 4 9 3 1 8 6 2 7 5 5 7 1 9 5 2 3 6 8 8 2 6 3 7 4 1 4 9 2 5 8 4 3 1 6 9 7 1 6 4 7 9 8 5 2 3 3 9 7 2 6 5 8 1 4 7 13 
1 2 8 5 4 3 9 7 6 9 3 6 8 2 7 4 5 1 7 4 5 6 1 9 8 3 2 4 9 3 1 8 6 2 7 5 5 7 1 9 5 2 3 6 8 8 6 2 3 7 4 1 4 9 2 5 9 4 3 1 6 8 7 6 1 4 7 9 8 5 2 3 3 8 7 2 6 5 4 9 1 6 11 
7 1 2 5 4 3 9 8 6 9 3 6 8 2 7 5 1 4 5 8 4 6 1 9 7 3 2 4 2 3 1 7 6 2 7 5 1 7 9 9 8 2 3 6 8 8 6 5 3 5 4 1 4 9 2 5 8 4 3 1 6 9 7 6 4 1 7 9 8 5 2 3 3 9 7 2 6 5 8 4 1 9 13 
2 1 8 5 4 3 9 7 6 6 3 9 8 2 7 4 5 1 7 4 5 6 1 9 2 3 8 4 9 3 1 7 6 2 8 5 1 7 5 9 8 4 3 6 4 8 6 2 3 5 2 1 7 9 9 5 8 4 3 1 6 9 7 1 4 6 7 9 8 5 2 3 3 2 7 2 6 5 8 4 1 12 16 
7 2 1 5 4 3 9 8 6 6 3 9 8 2 7 4 5 1 5 4 8 6 1 9 7 3 2 4 1 3 1 8 2 2 7 5 9 7 5 9 5 4 8 6 3 8 2 6 3 7 6 1 4 9 2 5 9 2 3 1 6 4 7 6 4 1 7 9 8 5 2 3 3 8 7 4 6 5 8 9 1 17 18 
7 1 2 5 4 3 9 8 6 9 3 6 8 2 7 4 5 1 5 4 8 6 1 9 7 3 2 4 9 3 1 8 2 8 7 5 1 7 5 9 5 4 2 6 3 8 2 6 3 7 6 1 4 9 2 5 9 4 3 1 6 7 8 1 6 4 7 9 8 5 2 3 3 8 7 2 6 5 4 9 1 10 14 
7 1 8 5 4 3 9 7 6 9 3 6 8 2 7 4 5 1 5 2 4 6 1 9 2 3 8 4 9 3 1 8 2 7 8 5 1 7 5 9 5 4 3 6 2 8 6 2 3 7 6 1 4 9 2 5 9 4 3 1 6 7 8 6 4 1 7 9 8 5 2 3 3 8 7 2 6 5 4 9 1 10 14 
7 2 1 5 4 3 9 8 6 9 3 6 8 2 7 4 5 1 5 4 8 6 1 9 7 3 2 4 1 3 9 8 6 2 7 5 2 7 9 1 5 4 3 6 8 8 6 5 3 7 2 1 4 9 2 5 8 4 3 1 6 9 7 1 6 4 7 9 8 5 2 3 3 9 7 2 6 5 8 1 4 4 7 
7 1 2 5 4 3 9 8 6 6 3 9 8 2 7 4 5 1 5 8 4 6 1 9 7 3 2 4 9 3 1 7 6 7 8 5 5 7 1 9 8 4 3 6 2 8 2 6 3 5 2 1 4 9 9 5 2 4 3 1 6 9 7 1 6 4 7 9 8 5 2 3 3 8 7 2 6 5 8 1 4 12 15 
2 8 1 5 4 3 9 7 6 9 3 6 8 2 7 5 1 4 7 4 5 6 1 9 8 3 2 4 6 3 9 7 6 2 8 5 1 7 9 1 8 4 4 6 3 8 2 5 3 5 2 1 7 9 2 5 8 4 3 1 6 9 7 1 4 6 7 9 8 5 2 3 3 9 7 2 6 5 8 1 4 17 16 
7 2 1 5 4 3 9 8 6 6 3 9 8 2 7 5 1 4 5 8 4 6 1 9 7 3 2 4 1 3 9 8 6 2 7 5 9 7 2 1 5 4 3 6 8 8 6 5 3 7 2 1 4 9 2 5 8 4 3 1 6 9 7 1 4 6 7 9 8 5 2 3 3 9 7 2 6 5 4 8 1 3 6 
7 8 1 5 4 3 9 7 6 6 3 9 8 2 7 5 1 4 5 4 2 6 1 9 8 3 2 4 9 3 1 8 2 7 8 5 1 7 5 9 5 4 2 6 3 8 6 2 3 7 6 1 4 9 2 5 8 2 3 1 6 9 7 1 6 4 7 9 8 5 2 3 3 9 7 4 6 5 4 1 8 15 15 
1 8 2 5 4 3 9 7 6 9 3 6 8 2 7 4 5 1 7 4 5 6 1 9 2 3 8 4 6 3 1 8 2 7 8 5 1 7 9 9 5 4 3 6 2 8 2 5 3 7 6 1 4 9 2 5 8 4 3 1 6 9 7 6 1 4 7 9 8 5 2 3 3 9 7 2 6 5 8 1 4 5 10 
2 8 1 5 4 3 9 7 6 9 3 6 8 2 7 4 5 1 7 4 5 6 1 9 8 3 2 4 9 3 1 8 6 2 8 5 1 7 2 9 5 4 3 6 4 8 6 5 3 7 2 1 7 9 9 5 8 4 3 1 6 9 7 6 1 4 7 9 8 5 2 3 3 2 7 2 6 5 4 1 8 10 13 
7 8 1 5 4 3 9 7 6 6 3 9 8 2 7 5 1 4 5 2 4 6 1 9 2 3 8 4 1 3 9 7 6 7 8 5 9 7 5 1 8 4 3 6 2 8 6 2 3 5 2 1 4 9 2 5 8 4 3 1 6 9 7 1 4 6 7 9 8 5 2 3 3 9 7 2 6 5 4 8 1 7 12 
7 1 2 5 4 3 9 7 6 6 3 5 8 2 7 5 1 4 9 4 8 6 1 9 2 3 8 4 9 3 1 7 6 2 8 5 5 7 1 9 8 2 3 6 4 8 6 2 3 5 4 1 7 9 2 5 9 2 3 1 6 7 8 1 6 4 7 9 8 5 2 3 3 8 7 4 6 5 4 9 1 16 15 
7 2 8 5 4 3 9 7 6 9 3 6 8 2 7 5 1 4 5 4 1 6 1 9 2 3 8 4 1 3 9 8 2 2 8 5 9 7 2 1 5 4 4 6 3 8 6 5 3 7 6 1 7 9 2 5 8 2 3 1 6 9 7 1 4 6 7 9 8 5 2 3 3 9 7 4 6 5 8 4 1 18 16 
1 2 8 5 4 3 9 7 6 5 3 6 8 2 7 4 5 1 7 4 9 6 1 9 8 3 2 4 9 3 9 7 6 2 7 5 1 7 2 1 8 2 3 6 8 8 6 5 3 5 4 1 4 9 9 5 8 4 3 1 6 7 3 6 4 1 7 9 8 5 2 1 3 2 7 2 6 5 4 9 8 23 16 
1 2 8 5 4 3 9 7 6 9 3 6 8 2 7 4 5 1 7 4 5 6 1 9 8 3 2 4 9 3 1 7 2 2 7 5 5 7 1 9 8 4 3 6 8 8 6 2 3 5 6 1 4 9 9 5 8 2 3 1 6 7 4 6 1 4 7 9 8 5 2 3 3 2 7 4 6 5 8 9 1 13 14 
7 1 2 5 4 3 9 8 6 9 3 6 8 2 7 5 1 4 5 8 4 6 1 9 2 3 7 4 6 3 1 8 2 8 7 5 9 7 1 9 5 4 3 6 2 8 2 5 3 7 6 1 4 9 2 5 9 4 3 1 6 7 8 1 4 6 7 9 8 5 2 3 3 8 7 2 6 5 4 9 1 8 12 
7 2 1 5 4 3 9 8 6 6 3 9 8 2 7 5 1 4 5 4 8 6 1 9 7 3 2 4 1 3 9 7 6 2 8 5 9 7 2 1 8 4 3 6 4 8 6 5 3 5 2 1 7 9 2 5 9 4 3 1 6 7 8 1 6 4 7 9 8 5 2 3 3 8 7 2 6 5 4 9 1 9 12 
1 8 2 5 4 3 9 7 6 9 3 6 8 2 7 4 5 1 7 4 5 6 1 9 2 3 8 4 1 3 9 7 2 7 8 5 5 7 9 1 8 4 3 6 2 8 2 6 3 5 6 1 4 9 2 5 8 4 3 1 6 9 7 1 6 4 7 9 8 5 2 3 3 9 7 2 6 5 8 1 4 5 10 
7 2 1 5 4 3 9 8 6 9 3 6 8 2 7 4 5 1 5 4 8 6 1 9 2 3 7 4 9 3 1 8 6 8 7 5 1 7 5 9 5 2 3 6 2 8 6 2 3 7 4 1 4 9 2 5 9 4 3 1 6 7 8 6 1 4 7 9 8 5 2 3 3 8 7 2 6 5 4 9 1 8 11 
1 8 2 5 4 3 9 7 6 9 3 6 8 2 7 4 5 1 7 4 5 6 1 9 2 3 8 4 9 3 1 8 6 2 7 5 2 7 1 9 5 4 3 6 8 8 6 5 3 7 2 1 4 9 9 5 8 4 3 1 6 4 7 1 4 6 7 9 8 5 2 3 3 2 7 2 6 5 8 9 1 13 14 
7 2 1 5 4 3 9 8 6 9 3 6 8 2 7 5 1 4 5 8 4 6 1 9 2 3 7 4 9 3 1 8 2 2 8 5 1 7 2 9 5 4 4 6 3 8 6 5 3 7 6 1 7 9 2 5 8 4 3 1 6 4 7 6 1 4 7 9 8 5 2 3 3 9 7 2 6 5 8 9 1 15 14 
7 1 2 5 4 3 9 8 6 6 3 9 8 2 7 4 5 1 5 8 4 6 1 9 7 3 2 4 9 3 1 8 6 2 7 5 2 7 1 9 5 4 3 6 8 8 6 5 3 7 2 1 4 9 9 5 8 4 3 1 6 9 7 1 4 6 7 9 8 5 2 3 3 2 7 2 6 5 8 1 4 3 6 
2 8 1 5 4 3 9 7 6 5 3 6 8 2 7 5 1 4 7 4 9 6 1 9 2 3 8 4 9 3 1 8 6 2 8 5 2 7 1 9 5 4 3 6 4 8 6 5 3 7 2 1 7 9 9 5 2 2 3 1 6 8 7 1 4 6 7 9 8 5 2 3 3 8 7 4 6 5 4 9 1 18 15 
7 1 2 5 4 3 9 8 6 6 3 9 8 2 7 4 5 1 5 4 8 6 1 9 7 3 2 4 9 3 1 8 6 2 8 5 1 7 5 9 5 4 4 6 3 8 2 6 3 7 2 1 7 9 2 5 8 2 3 1 6 9 7 1 6 4 7 9 8 5 2 3 3 9 7 4 6 5 8 1 4 14 13 
7 1 2 5 4 3 9 8 6 6 3 9 8 2 7 4 5 1 5 8 4 6 1 9 7 3 2 4 9 3 1 8 6 2 7 5 2 7 1 9 5 4 3 6 8 8 6 5 3 7 2 1 4 9 9 5 8 2 3 1 6 7 4 1 4 6 7 9 8 5 2 3 3 2 7 4 6 5 8 9 1 3 5 
7 2 1 5 4 3 9 8 6 6 3 9 8 2 7 5 4 1 5 8 4 6 1 9 7 3 2 4 1 3 9 8 6 2 7 5 9 7 2 1 5 4 8 6 3 8 6 5 3 7 2 1 4 9 2 5 8 4 3 1 6 9 7 1 4 6 7 9 8 5 2 3 3 9 7 2 6 5 4 1 8 4 6 
7 1 2 5 4 3 9 8 6 9 3 6 8 2 7 4 5 1 5 8 4 6 1 9 7 3 2 4 9 3 1 8 6 2 7 5 1 7 2 9 5 4 3 6 8 8 6 5 3 7 2 1 4 9 2 5 8 4 3 1 6 9 7 6 4 1 7 9 8 5 2 3 3 9 7 2 6 5 8 1 4 3 5 
2 8 1 5 4 3 9 7 6 9 3 6 8 2 7 5 1 4 7 4 5 6 1 9 2 3 8 4 1 3 9 8 6 2 8 5 2 7 9 1 5 4 4 6 3 8 6 5 3 7 2 1 7 9 9 5 8 4 3 1 6 4 7 6 1 4 7 9 8 5 2 3 3 2 7 2 6 5 8 9 1 14 13 
7 1 2 5 4 3 9 8 6 6 3 9 8 2 7 5 4 1 5 8 4 6 1 9 7 3 2 4 2 3 9 8 6 2 8 5 9 7 1 1 5 4 4 6 3 8 6 5 3 7 2 1 7 9 2 5 8 2 3 1 6 4 7 1 4 6 7 9 8 5 2 3 3 9 7 4 6 5 8 9 1 13 12 
7 1 2 5 4 3 9 8 6 6 3 9 8 2 7 5 1 4 5 8 4 6 1 9 7 3 2 4 6 3 1 8 9 2 7 5 9 7 1 4 5 2 3 6 8 8 2 5 3 7 6 1 4 9 2 5 8 4 3 1 6 9 7 1 4 6 7 9 8 5 2 3 3 9 7 2 6 5 4 8 1 5 9 
7 2 1 5 4 3 9 8 6 6 3 9 8 2 7 4 5 1 5 8 4 6 1 9 7 3 2 4 1 3 9 7 6 2 7 5 9 7 5 1 8 2 3 6 8 8 6 2 3 5 4 1 4 9 2 5 8 4 3 1 6 9 7 1 4 6 7 9 8 5 2 3 3 9 7 2 6 5 8 1 4 4 5 
7 2 1 5 4 3 9 8 6 6 3 9 8 2 7 4 5 1 5 8 4 6 1 9 7 3 2 4 1 3 9 8 6 2 7 5 2 7 9 1 5 4 3 6 8 8 6 5 3 7 2 1 4 9 9 5 8 2 3 1 6 4 7 1 4 6 7 9 8 5 2 3 3 2 7 4 6 5 8 9 1 5 8 
7 8 2 5 4 3 9 7 6 6 3 9 8 2 7 4 5 1 5 1 4 6 1 9 2 3 8 4 6 3 1 8 2 7 8 5 9 7 1 9 5 4 3 6 2 8 2 5 3 7 6 1 4 9 2 5 8 4 3 1 6 9 7 1 4 6 7 9 8 5 2 3 3 9 7 2 6 5 8 1 4 5 8 
1 2 8 5 4 3 9 7 6 9 3 6 8 2 7 5 4 1 7 4 5 6 1 9 8 3 2 4 9 3 9 7 6 2 8 5 2 7 1 1 8 2 3 6 4 8 6 5 3 5 4 1 7 9 2 5 8 2 3 1 6 7 4 6 4 1 7 9 8 5 2 3 3 9 7 4 6 5 8 9 1 20 15 
2 1 8 5 4 3 9 7 6 6 3 9 8 2 7 5 1 4 7 4 5 6 1 9 8 3 2 4 9 3 1 7 6 2 7 5 1 7 5 9 8 2 3 6 8 8 6 2 3 5 4 1 4 9 9 5 8 4 3 1 6 9 7 6 1 4 7 9 8 5 2 3 3 2 7 2 6 5 8 4 1 14 13 
7 1 8 5 4 3 9 8 6 5 3 6 8 2 7 4 5 1 2 4 9 6 1 9 7 3 2 4 6 3 1 7 2 8 7 5 1 7 9 9 8 4 2 6 3 8 2 5 3 5 6 1 4 9 9 5 2 4 3 1 6 9 7 6 1 4 7 9 8 5 2 3 3 8 7 2 6 5 4 1 8 14 12 
7 1 2 5 4 3 9 8 6 9 3 6 8 2 7 4 5 1 5 8 4 6 1 9 7 3 2 4 6 3 9 8 2 2 7 5 1 7 9 1 5 4 3 6 8 8 2 5 3 7 6 1 4 9 2 5 8 4 3 1 6 9 7 6 4 1 7 9 8 5 2 3 3 9 7 2 6 5 8 1 4 3 4 
7 1 2 5 4 3 9 7 6 9 3 6 8 2 7 4 5 1 5 4 8 6 1 9 2 3 8 4 9 3 1 8 2 8 7 5 5 7 1 9 5 4 2 6 3 8 6 2 3 7 6 1 4 9 2 5 8 4 3 1 6 9 7 6 1 4 7 9 8 5 2 3 3 9 7 2 6 5 8 1 4 15 13 
7 2 8 5 4 3 9 7 6 1 3 6 8 2 7 5 1 4 5 9 4 6 1 9 2 3 8 4 1 3 9 7 6 7 8 5 9 7 5 1 8 4 3 6 2 8 6 2 3 5 2 1 4 9 2 5 9 4 3 1 6 8 7 6 4 1 7 9 8 5 2 3 3 8 7 2 6 5 4 9 1 8 11 
7 2 1 5 4 3 9 8 6 6 3 9 8 2 7 4 5 1 5 8 4 6 1 9 2 3 7 4 1 3 9 7 6 8 7 5 9 7 5 1 8 4 3 6 2 8 6 2 3 5 2 1 4 9 2 5 8 4 3 1 6 9 7 1 4 6 7 9 8 5 2 3 3 9 7 2 6 5 8 1 4 5 6 
1 8 2 5 4 3 9 7 6 9 3 6 8 2 7 5 1 4 7 4 5 6 1 9 8 3 2 4 9 3 1 8 2 2 7 5 5 7 1 9 5 4 3 6 8 8 6 2 3 7 6 1 4 9 2 5 8 4 3 1 6 9 7 6 1 4 7 9 8 5 2 3 3 9 7 2 6 5 4 8 1 8 10 
1 2 8 5 4 3 9 7 6 9 3 6 8 2 7 4 5 1 7 4 5 6 1 9 2 3 8 4 9 3 1 7 6 7 8 5 1 7 5 9 8 4 3 6 2 8 6 2 3 5 2 1 4 9 2 5 9 4 3 1 6 8 7 6 1 4 7 9 8 5 2 3 3 8 7 2 6 5 4 9 1 8 10 

