MonoObjective Genetic Algorithm
Number of Evaluations = 0
Mutation Probability = 0.0100000000000000002
Crossover Probability = 0.5
Population Size = 100
Survival Selection Type = 16

Time =  300.107673999999975

Current Evaluation = 98300
Front Size = 100
7 2 1 5 4 3 9 8 6 6 3 9 8 2 7 4 5 1 5 8 4 6 1 9 7 3 2 4 1 3 9 8 6 2 7 5 9 7 2 1 5 4 3 6 8 8 6 5 3 7 2 1 4 9 2 5 8 4 3 1 6 9 7 1 4 6 7 9 8 5 2 3 3 9 7 2 6 5 8 1 4 1 7 
7 1 2 5 4 3 9 8 6 5 3 6 8 2 7 5 1 4 9 4 8 6 1 9 2 3 7 4 9 3 1 7 2 7 8 5 1 7 5 9 8 4 3 6 2 8 2 6 3 5 6 1 4 9 2 5 9 4 3 1 6 7 8 1 6 4 7 9 8 5 2 3 3 8 7 2 6 5 4 9 1 9 36 
2 8 1 5 4 3 9 7 6 9 3 6 8 2 7 4 5 1 7 4 5 6 1 9 2 3 8 4 1 3 9 7 6 2 8 5 5 7 9 1 8 2 3 6 4 8 6 2 3 5 4 1 7 9 9 5 8 2 3 1 6 4 7 6 1 4 7 9 8 5 2 3 3 2 7 4 6 5 8 9 1 6 31 
7 2 1 5 4 3 9 8 6 9 3 6 8 2 7 5 1 4 5 4 8 6 1 9 7 3 2 4 9 3 1 8 6 2 7 5 1 7 2 9 5 4 3 6 8 8 6 5 3 7 2 1 4 9 2 5 9 4 3 1 6 8 7 6 1 4 7 9 8 5 2 3 3 8 7 2 6 5 4 9 1 3 20 
1 2 8 5 4 3 9 8 6 6 3 4 8 2 7 5 1 4 7 9 5 6 1 9 7 3 2 4 1 3 9 7 2 8 7 5 9 7 5 1 8 4 2 6 3 8 6 2 3 5 6 1 4 9 2 5 9 2 3 1 6 7 8 1 4 6 7 9 8 5 2 3 3 8 7 4 6 5 4 9 1 14 24 
7 1 2 5 4 3 9 8 6 9 3 6 8 2 7 4 5 1 5 8 4 6 1 9 7 3 2 4 9 3 1 7 6 2 8 5 1 7 5 9 8 2 3 6 4 8 2 6 3 5 4 1 7 9 2 5 8 4 3 1 6 9 7 6 4 1 7 9 8 5 2 3 3 9 7 2 6 5 4 1 8 5 23 
1 4 8 5 4 3 9 1 6 6 3 9 8 2 7 5 4 2 7 2 5 6 1 9 8 3 7 4 1 3 1 7 8 2 7 5 9 7 2 4 5 9 3 6 8 8 6 5 2 3 6 1 4 9 9 5 2 4 3 1 7 8 3 1 6 4 7 9 8 5 2 1 3 8 7 2 6 5 6 9 4 424 31 
1 8 2 5 4 3 9 7 6 9 3 6 8 2 7 4 5 1 7 4 5 6 1 9 2 3 8 4 2 3 1 8 6 7 8 5 1 7 9 9 5 4 3 6 2 8 6 5 3 7 2 1 4 9 2 5 8 4 3 1 6 9 7 6 1 4 7 9 8 5 2 3 3 9 7 2 6 5 8 1 4 5 22 
2 1 8 5 4 3 9 7 6 6 3 9 8 2 7 5 1 4 7 4 5 6 1 9 2 3 8 4 9 3 9 8 6 8 7 5 5 7 1 1 5 4 3 6 2 8 2 6 3 7 2 1 4 9 9 5 2 4 3 1 6 8 7 1 6 4 7 9 8 5 2 3 3 8 7 2 6 5 4 9 1 8 22 
7 8 2 5 4 3 9 7 6 6 3 9 8 2 7 4 5 1 5 4 1 6 1 9 2 3 8 4 1 3 9 7 2 7 8 5 9 7 5 1 8 4 3 6 2 8 2 6 3 5 6 1 4 9 2 5 8 4 3 1 6 9 7 1 6 4 7 9 8 5 2 3 3 9 7 2 6 5 8 1 4 5 19 
7 1 2 5 4 3 9 8 6 6 3 9 8 2 7 4 5 1 5 8 4 6 1 9 7 3 2 4 9 3 1 7 6 8 7 5 2 7 1 9 8 4 2 6 3 8 6 5 3 5 2 1 4 9 9 5 8 2 3 1 6 7 4 1 4 6 7 9 8 5 2 3 3 2 7 4 6 5 8 9 1 8 21 
7 2 1 5 4 3 9 8 6 6 3 9 8 2 7 5 4 1 5 8 4 6 1 9 7 3 2 4 1 3 9 7 6 2 8 5 9 7 5 1 8 2 3 6 4 8 6 2 3 5 4 1 7 9 2 5 8 4 3 1 6 9 7 1 4 6 7 9 8 5 2 3 3 9 7 2 6 5 4 1 8 3 14 
1 8 2 5 4 3 9 7 6 5 3 6 8 2 7 5 1 4 7 4 9 6 1 9 8 3 2 4 6 3 1 8 9 2 7 5 9 7 1 4 5 2 3 6 8 8 2 5 3 7 6 1 4 9 2 5 8 4 3 1 6 9 7 6 1 4 7 9 8 5 2 3 3 9 7 2 6 5 4 8 1 7 20 
2 8 1 5 4 3 9 8 6 9 3 6 8 2 7 5 1 4 7 4 5 6 1 9 7 3 2 4 1 3 9 7 6 2 7 5 5 7 9 1 8 4 8 6 3 8 2 6 3 5 2 1 4 9 2 5 8 2 3 1 6 9 7 6 4 1 7 9 8 5 2 3 3 9 7 4 6 5 4 1 8 15 22 
1 2 8 5 4 3 9 7 6 9 3 6 8 2 7 5 4 1 7 4 5 6 1 9 8 3 2 4 9 3 1 7 6 2 8 5 5 7 1 9 8 2 3 6 4 8 6 2 3 5 4 1 7 9 2 5 9 4 3 1 6 9 7 6 1 4 7 9 8 5 2 3 3 8 7 2 6 5 4 1 8 5 18 
2 1 8 5 4 3 9 7 6 6 3 9 8 2 7 4 5 1 7 4 5 6 1 9 8 3 2 4 9 3 1 7 6 2 8 5 5 7 1 9 8 2 3 6 4 8 2 6 3 5 4 1 7 9 9 5 2 4 3 1 6 8 7 1 6 4 7 9 8 5 2 3 3 8 7 2 6 5 4 9 1 5 15 
7 1 2 5 4 3 9 8 6 6 3 9 8 2 7 5 1 4 5 8 4 6 1 9 2 3 7 4 2 3 1 8 6 8 7 5 9 7 1 9 5 4 3 6 2 8 6 5 3 7 2 1 4 9 2 5 8 4 3 1 6 9 7 1 4 6 7 9 8 5 2 3 3 9 7 2 6 5 4 8 1 6 16 
1 2 8 5 4 3 9 7 6 6 3 9 8 2 7 4 5 1 7 4 5 6 1 9 8 3 2 4 9 3 1 8 6 2 7 5 2 7 1 9 5 4 3 6 8 8 6 5 3 7 2 1 4 9 9 5 2 4 3 1 6 8 7 6 1 4 7 9 8 5 2 3 3 8 7 2 6 5 4 9 1 6 15 
7 8 2 5 4 3 9 8 6 6 3 9 8 2 7 4 5 1 5 4 1 6 1 9 7 3 2 4 1 3 9 8 6 2 7 5 9 7 5 1 5 2 8 6 3 8 2 6 3 7 4 1 4 9 9 5 8 2 3 1 6 4 7 1 6 4 7 9 8 5 2 3 3 2 7 4 6 5 8 9 1 11 20 
2 8 1 5 4 3 9 7 6 6 3 9 8 2 7 5 1 4 7 4 5 6 1 9 8 3 2 4 9 3 1 7 6 2 8 5 5 7 1 9 8 2 4 6 3 8 6 2 3 5 4 1 7 9 9 5 8 2 3 1 6 4 7 1 6 4 7 9 8 5 2 3 3 2 7 4 6 5 8 9 1 7 15 
7 1 8 5 4 3 9 7 6 9 3 6 8 2 7 4 5 1 5 2 4 6 1 9 2 3 8 4 9 3 1 7 2 8 7 5 1 7 5 9 8 4 3 6 2 8 6 2 3 5 6 1 4 9 2 5 9 4 3 1 6 8 7 6 4 1 7 9 8 5 2 3 3 8 7 2 6 5 4 9 1 8 19 
1 8 2 5 4 3 9 7 6 6 3 9 8 2 7 5 8 1 7 4 5 6 1 9 4 3 2 4 9 3 1 7 6 2 7 5 1 7 5 3 8 4 3 6 8 8 6 2 9 5 2 1 4 9 9 5 4 4 3 1 7 5 8 2 1 6 7 9 8 3 2 1 3 8 7 2 6 5 6 9 4 521 23 
7 2 1 5 4 3 9 8 6 9 3 6 8 2 7 4 5 1 5 4 8 6 1 9 7 3 2 4 6 3 9 8 2 2 8 5 1 7 9 1 5 4 3 6 4 8 2 5 3 7 6 1 7 9 9 5 2 2 3 1 6 7 4 6 4 1 7 9 8 5 2 3 3 8 7 4 6 5 8 9 1 16 22 
7 1 2 5 4 3 9 8 6 9 3 6 8 2 7 4 5 1 5 4 8 6 1 9 2 3 7 4 1 3 9 7 6 2 7 5 2 7 9 1 8 4 8 6 3 8 6 5 3 5 2 1 4 9 9 5 2 4 3 1 6 7 8 1 6 4 7 9 8 5 2 3 3 8 7 2 6 5 4 9 1 13 20 
7 1 2 5 4 3 9 8 6 6 3 9 8 2 7 5 1 4 5 8 4 6 1 9 7 3 2 4 6 3 1 7 2 2 8 5 9 7 1 9 8 4 4 6 3 8 2 5 3 5 6 1 7 9 2 5 8 4 3 1 6 9 7 1 4 6 7 9 8 5 2 3 3 9 7 2 6 5 8 4 1 8 16 
7 1 2 5 4 3 9 8 6 9 3 6 8 2 7 4 5 1 5 8 4 6 1 9 7 3 2 4 6 3 1 8 9 2 7 5 1 7 9 4 5 2 3 6 8 8 2 5 3 7 6 1 4 9 2 5 8 4 3 1 6 9 7 6 4 1 7 9 8 5 2 3 3 9 7 2 6 5 8 1 4 3 14 
7 1 2 5 4 3 9 8 6 6 3 9 8 2 7 5 1 4 5 8 4 6 1 9 7 3 2 4 9 3 1 8 6 2 7 5 2 7 1 9 5 4 3 6 8 8 6 5 3 7 2 1 4 9 9 5 8 2 3 1 6 4 7 1 4 6 7 9 8 5 2 3 3 2 7 4 6 5 8 9 1 3 11 
1 8 2 5 4 3 9 7 6 9 3 6 8 2 7 5 4 1 7 4 5 6 1 9 2 3 8 4 9 3 1 8 2 7 8 5 5 7 1 9 5 4 2 6 3 8 2 6 3 7 6 1 4 9 9 5 8 2 3 1 6 7 4 1 6 4 7 9 8 5 2 3 3 2 7 4 6 5 8 9 1 14 21 
1 8 2 5 4 3 9 7 6 9 3 6 8 2 7 4 5 1 7 4 5 6 1 9 8 3 2 4 1 3 9 7 6 2 8 5 5 7 9 1 8 2 3 6 4 8 2 6 3 5 4 1 7 9 2 5 8 4 3 1 6 9 7 1 6 4 7 9 8 5 2 3 3 9 7 2 6 5 4 1 8 5 14 
2 8 1 5 4 3 9 7 6 6 3 9 8 2 7 5 1 4 7 4 5 6 1 9 8 3 2 4 1 3 9 8 6 2 7 5 9 7 2 1 5 4 8 6 3 8 6 5 3 7 2 1 4 9 9 5 8 2 3 1 6 9 7 1 6 4 7 9 8 5 2 3 3 2 7 4 6 5 4 8 1 10 17 
7 8 2 5 4 3 9 7 6 9 3 6 8 2 7 5 1 4 5 1 4 6 1 9 2 3 8 4 6 3 1 7 2 7 8 5 1 7 9 9 8 4 3 6 2 8 2 5 3 5 6 1 4 9 2 5 8 4 3 1 6 9 7 6 4 1 7 9 8 5 2 3 3 9 7 2 6 5 4 8 1 8 16 
1 8 2 5 4 3 9 8 6 5 3 6 8 2 7 5 1 4 7 9 4 6 1 9 7 3 2 4 1 3 9 7 6 2 7 5 2 7 9 1 8 4 3 6 8 8 6 5 3 5 2 1 4 9 9 5 8 2 3 1 6 7 4 6 4 1 7 9 8 5 2 3 3 2 7 4 6 5 8 9 1 11 17 
7 1 2 5 4 3 9 8 6 6 3 4 8 2 7 4 5 1 5 9 8 6 1 9 7 3 2 4 1 3 2 8 9 8 7 5 9 7 5 1 5 4 2 6 3 8 2 6 3 7 6 1 4 9 2 5 9 4 3 1 6 7 8 6 4 1 7 9 8 5 2 3 3 8 7 2 6 5 4 9 1 14 19 
7 8 2 5 4 3 9 8 6 6 3 1 8 2 7 4 5 1 9 4 5 6 1 9 7 3 2 4 1 3 9 8 6 2 7 5 5 7 9 1 5 2 3 6 8 8 2 6 3 7 4 1 4 9 2 5 8 4 3 1 6 9 7 1 6 4 7 9 8 5 2 3 3 9 7 2 6 5 8 1 4 6 14 
1 8 2 5 4 3 9 7 6 9 3 6 8 2 7 4 5 1 7 4 5 6 1 9 2 3 8 4 9 3 9 8 6 2 7 5 1 7 5 2 1 4 3 6 8 8 2 6 3 5 7 1 4 9 2 5 9 2 3 1 6 8 7 1 4 6 7 9 8 5 2 3 3 8 7 4 6 5 4 9 1 122 20 
7 2 1 5 4 3 9 8 6 9 3 6 8 2 7 4 5 1 5 4 8 6 1 9 7 3 2 4 9 3 1 7 6 2 8 5 1 7 5 9 8 2 3 6 4 8 6 2 3 5 4 1 7 9 2 5 9 4 3 1 6 9 7 6 1 4 7 9 8 5 2 3 3 8 7 2 6 5 8 4 1 5 13 
7 1 2 5 4 3 9 8 6 6 3 9 8 2 7 5 4 1 5 4 8 6 1 9 2 3 7 4 9 3 1 7 6 7 8 5 5 7 1 9 8 2 3 6 2 8 2 6 3 5 4 1 4 9 2 5 8 4 3 1 6 9 7 1 6 4 7 9 8 5 2 3 3 9 7 2 6 5 4 1 8 11 16 
1 2 8 5 4 3 9 7 6 9 3 6 8 2 7 5 1 4 7 4 5 6 1 9 2 3 8 4 9 3 1 7 2 8 7 5 5 7 1 9 8 4 3 6 2 8 6 2 3 5 6 1 4 9 2 5 9 4 3 1 6 8 7 6 1 4 7 9 8 5 2 3 3 8 7 2 6 5 4 9 1 5 12 
7 2 8 5 4 3 9 7 6 6 3 9 8 2 7 4 5 1 5 4 1 6 1 9 2 3 8 4 2 3 9 7 6 7 8 5 1 7 9 1 8 2 3 6 2 8 6 5 3 5 4 1 4 9 9 5 2 4 3 1 6 7 4 6 1 4 7 9 8 5 2 3 3 8 7 2 6 5 8 9 1 15 19 
7 2 1 5 4 3 9 8 6 6 3 9 8 2 7 5 1 4 5 4 8 6 1 9 7 3 2 4 1 3 9 8 6 2 7 5 2 7 9 1 5 4 3 6 8 8 6 5 3 7 2 1 4 9 9 5 2 4 3 1 6 8 7 1 4 6 7 9 8 5 2 3 3 8 7 2 6 5 4 9 1 5 12 
7 1 2 5 4 3 9 8 6 6 3 9 8 2 7 4 5 1 5 8 4 6 1 9 7 3 2 4 9 3 1 7 6 2 8 5 5 7 1 9 8 2 3 6 4 8 6 2 3 5 4 1 7 9 9 5 8 2 3 1 6 4 7 1 4 6 7 9 8 5 2 3 3 2 7 4 6 5 8 9 1 5 11 
2 8 1 5 4 3 9 7 6 5 3 6 8 2 7 5 1 4 7 4 9 6 1 9 2 3 8 4 1 3 1 8 6 8 7 5 9 7 5 9 5 4 3 6 2 8 6 2 3 7 2 1 4 9 2 5 8 4 3 1 6 9 7 1 6 4 7 9 8 5 2 3 3 9 7 2 6 5 4 1 8 14 17 
7 8 1 5 4 3 9 7 6 9 3 6 8 2 7 4 5 1 5 4 2 6 1 9 8 3 2 4 1 3 1 8 9 7 8 5 5 7 9 4 5 2 2 6 3 8 6 2 3 7 6 1 4 9 9 5 8 2 3 1 6 7 8 1 4 6 7 9 8 5 2 3 3 2 7 4 6 5 4 9 1 21 19 
1 2 8 5 4 3 9 7 6 5 3 6 8 2 7 4 5 1 7 4 9 6 1 9 2 3 8 4 1 3 9 7 6 2 8 5 9 7 5 1 8 2 3 6 4 8 6 2 3 5 4 1 7 9 2 5 8 4 3 1 6 9 7 6 4 1 7 9 8 5 2 3 3 9 7 2 6 5 8 4 1 8 15 
7 1 8 5 4 3 9 7 6 9 3 6 8 2 7 4 5 1 5 2 4 6 1 9 2 3 8 4 1 3 9 7 6 8 7 5 5 7 9 1 8 4 2 6 3 8 2 6 3 5 2 1 4 9 2 5 8 4 3 1 7 9 3 1 6 4 7 9 8 6 2 5 3 9 7 2 6 5 4 8 1 119 19 
2 8 1 5 4 3 9 7 6 6 3 9 8 2 7 4 5 1 7 4 5 6 1 9 2 3 8 4 9 3 1 8 6 7 8 5 1 7 2 9 5 4 3 6 2 8 6 5 3 7 2 1 4 9 9 5 8 2 3 1 6 7 4 6 1 4 7 9 8 5 2 3 3 2 7 4 6 5 8 9 1 7 14 
7 1 2 5 4 3 9 8 6 6 3 9 8 2 7 4 5 1 5 8 4 6 1 9 7 3 2 4 6 3 1 8 2 2 7 5 9 7 1 9 5 4 3 6 8 8 2 5 3 7 6 1 4 9 2 5 8 4 3 1 6 9 7 1 4 6 7 9 8 5 2 3 3 9 7 2 6 5 8 1 4 3 9 
7 2 1 5 4 3 9 8 6 9 3 6 8 2 7 4 5 1 5 8 4 6 1 9 7 3 2 4 9 3 1 8 6 2 7 5 1 7 2 9 5 4 3 6 8 8 6 5 3 7 2 1 4 9 2 5 8 4 3 1 6 9 7 6 1 4 7 9 8 5 2 3 3 9 7 2 6 5 8 1 4 3 9 
7 1 2 5 4 3 9 8 6 6 3 9 8 2 7 5 1 4 5 8 4 6 1 9 2 3 7 4 9 3 1 7 6 7 8 5 1 7 5 9 8 4 3 6 2 8 2 6 3 5 2 1 4 9 9 5 8 2 3 1 6 7 4 6 4 1 7 9 8 5 2 3 3 2 7 4 6 5 8 9 1 8 15 
7 1 2 5 4 3 9 8 6 9 3 6 8 2 7 4 5 1 5 4 8 6 1 9 2 3 7 4 2 3 9 8 6 7 8 5 1 7 9 1 5 4 3 6 2 8 6 5 3 7 2 1 4 9 2 5 9 4 3 1 6 7 8 6 4 1 7 9 8 5 2 3 3 8 7 2 6 5 4 9 1 8 14 
7 1 2 5 4 3 9 8 6 6 3 9 8 2 7 4 5 1 5 8 4 6 1 9 7 3 2 4 1 3 9 8 6 2 7 5 9 7 5 1 5 2 3 6 8 8 2 6 3 7 4 1 4 9 2 5 8 4 3 1 6 9 7 6 4 1 7 9 8 5 2 3 3 9 7 2 6 5 8 1 4 5 9 
7 2 1 5 4 3 9 8 6 9 3 6 8 2 7 5 1 4 5 4 8 6 1 9 7 3 2 4 1 3 1 7 6 2 7 5 5 7 9 9 8 2 3 6 8 8 6 2 3 5 4 1 4 9 2 5 8 2 3 1 6 4 7 1 6 4 7 9 8 5 2 3 3 9 7 4 6 5 8 9 1 13 16 
1 2 8 5 4 3 9 7 6 6 3 9 8 2 7 5 1 4 7 4 5 6 1 9 8 3 2 4 1 3 1 8 9 7 8 5 5 7 9 4 5 2 2 6 3 8 6 2 3 7 6 1 4 9 2 5 8 4 3 1 6 9 7 6 4 1 7 9 8 5 2 3 3 9 7 2 6 5 4 8 1 15 16 
7 2 1 5 4 3 9 8 6 9 3 6 8 2 7 5 1 4 5 4 8 6 1 9 2 3 7 4 9 3 1 7 2 8 7 5 1 7 5 9 8 4 3 6 2 8 6 2 3 5 6 1 4 9 2 5 8 4 3 1 6 9 7 1 6 4 7 9 8 5 2 3 3 9 7 2 6 5 4 1 8 10 14 
1 2 8 5 4 3 9 7 6 5 3 6 8 2 7 5 1 4 7 9 4 6 1 9 2 3 8 4 1 3 9 7 2 7 8 5 9 7 5 1 8 4 2 6 3 8 6 2 3 5 6 1 4 9 9 5 8 2 3 1 6 4 7 1 6 4 7 9 8 5 2 3 3 2 7 4 6 5 8 9 1 15 16 
2 1 8 5 4 3 9 7 6 6 3 9 8 2 7 4 5 1 7 4 5 6 1 9 2 3 8 4 9 3 1 8 2 7 8 5 5 7 1 9 5 4 3 6 2 8 2 6 3 7 6 1 4 9 9 5 2 4 3 1 6 9 7 1 6 4 7 9 8 5 2 3 3 8 7 2 6 5 8 1 4 6 13 
1 2 8 5 4 3 9 8 6 9 3 6 8 2 7 5 1 4 7 4 5 6 1 9 7 3 2 4 9 3 9 8 6 2 8 5 5 7 1 1 5 2 3 6 4 8 6 2 3 7 4 1 7 9 2 5 8 4 3 1 6 9 7 1 6 4 7 9 8 5 2 3 3 9 7 2 6 5 8 4 1 15 16 
1 8 2 5 4 3 9 7 6 9 3 6 8 2 7 5 1 4 7 4 5 6 1 9 8 3 2 4 9 3 1 7 6 2 8 5 5 7 1 9 8 2 4 6 3 8 2 6 3 5 4 1 7 9 2 5 8 4 3 1 6 9 7 6 1 4 7 9 8 5 2 3 3 9 7 2 6 5 8 4 1 7 13 
1 8 2 5 4 3 9 7 6 9 3 6 8 2 7 4 5 1 7 4 5 6 1 9 2 3 8 4 1 3 9 7 6 7 8 5 5 7 9 1 8 4 3 6 2 8 2 6 3 5 2 1 4 9 2 5 8 4 3 1 6 9 7 6 1 4 7 9 8 5 2 3 3 9 7 2 6 5 8 1 4 5 9 
2 8 1 5 4 3 9 7 6 6 3 9 8 2 7 4 5 1 7 4 5 6 1 9 8 3 2 4 1 3 9 8 6 7 8 5 9 7 5 1 5 4 3 6 2 8 2 6 3 7 2 1 4 9 2 5 9 4 3 1 6 8 7 6 1 4 7 9 8 5 2 3 3 8 7 2 6 5 4 9 1 14 15 
7 2 1 5 4 3 9 8 6 6 3 9 8 2 7 4 5 1 5 4 8 6 1 9 7 3 2 4 1 3 9 8 2 2 8 5 9 7 5 1 5 4 3 6 4 8 6 2 3 7 6 1 7 9 2 5 8 2 3 1 6 9 7 6 1 4 7 9 8 5 2 3 3 9 7 4 6 5 8 4 1 14 15 
7 2 1 5 4 3 9 7 6 6 3 9 8 2 7 5 1 4 5 8 4 6 1 9 2 3 8 4 9 3 9 7 6 7 8 5 5 7 1 1 8 2 2 6 3 8 2 6 3 5 4 1 4 9 2 5 9 4 3 1 6 9 7 6 1 4 7 9 8 5 2 3 3 8 7 2 6 5 4 1 8 22 16 
7 1 2 5 4 3 9 8 6 9 3 6 8 2 7 4 5 1 5 8 4 6 1 9 7 3 2 4 1 3 9 8 6 2 7 5 2 7 9 1 5 4 3 6 8 8 6 5 3 7 2 1 4 9 2 5 8 4 3 1 6 9 7 6 4 1 7 9 8 5 2 3 3 9 7 2 6 5 8 1 4 3 8 
7 2 1 5 4 3 9 8 6 9 3 6 8 2 7 4 5 1 5 4 8 6 1 9 2 3 7 4 9 3 1 7 6 8 7 5 1 7 5 9 8 4 3 6 2 8 6 2 3 5 2 1 4 9 2 5 9 4 3 1 6 7 8 6 1 4 7 9 8 5 2 3 3 8 7 2 6 5 4 9 1 6 12 
2 8 1 5 4 3 9 7 6 6 3 9 8 2 7 5 4 1 7 4 5 6 1 9 8 3 2 4 1 3 9 7 6 2 7 5 5 7 9 1 8 2 3 6 8 8 6 2 3 5 4 1 4 9 2 5 8 4 3 1 6 9 7 1 4 6 7 9 8 5 2 3 3 9 7 2 6 5 8 1 4 11 14 
2 8 1 5 4 3 9 7 6 9 3 6 8 2 7 5 4 1 7 4 5 6 1 9 8 3 2 4 1 3 9 7 6 2 8 5 5 7 9 1 8 2 3 6 4 8 6 2 3 5 4 1 7 9 2 5 8 4 3 1 6 9 7 6 1 4 7 9 8 5 2 3 3 9 7 2 6 5 4 1 8 5 8 
7 1 2 5 4 3 9 8 6 6 3 9 8 2 7 4 5 1 5 8 4 6 1 9 7 3 2 4 9 3 1 8 6 2 7 5 2 7 1 9 5 4 3 6 8 8 6 5 3 7 2 1 4 9 9 5 8 4 3 1 6 9 7 1 4 6 7 9 8 5 2 3 3 2 7 2 6 5 8 1 4 3 7 
7 2 1 5 4 3 9 8 6 6 3 9 8 2 7 5 1 4 5 8 4 6 1 9 7 3 2 4 1 3 9 8 6 2 7 5 9 7 2 1 5 4 3 6 8 8 6 5 3 7 2 1 4 9 2 5 8 4 3 1 6 9 7 1 4 6 7 9 8 5 2 3 3 9 7 2 6 5 4 8 1 3 6 
2 8 1 5 4 3 9 7 6 5 3 6 8 2 7 5 1 4 7 4 9 6 1 9 8 3 2 4 9 3 1 8 6 2 7 5 1 7 2 9 5 4 3 6 8 8 6 5 3 7 2 1 4 9 9 5 8 2 3 1 6 4 7 6 1 4 7 9 8 5 2 3 3 2 7 4 6 5 8 9 1 7 13 
7 2 1 5 4 3 9 8 6 6 3 9 8 2 7 5 1 4 5 4 8 6 1 9 2 3 7 4 9 3 1 8 6 2 7 5 2 7 1 9 5 4 8 6 3 8 6 5 3 7 2 1 4 9 9 5 2 4 3 1 6 7 8 1 6 4 7 9 8 5 2 3 3 8 7 2 6 5 4 9 1 7 12 
7 2 1 5 4 3 9 8 6 9 3 6 8 2 7 4 5 1 5 8 4 6 1 9 7 3 2 4 1 3 9 7 6 2 8 5 5 7 9 1 8 2 3 6 4 8 6 2 3 5 4 1 7 9 2 5 8 4 3 1 6 9 7 6 4 1 7 9 8 5 2 3 3 9 7 2 6 5 4 1 8 5 8 
7 2 1 5 4 3 9 8 6 9 3 6 8 2 7 4 5 1 5 4 8 6 1 9 7 3 2 4 1 3 9 8 6 2 7 5 2 7 9 1 5 4 3 6 8 8 6 5 3 7 2 1 4 9 2 5 8 4 3 1 6 9 7 1 6 4 7 9 8 5 2 3 3 9 7 2 6 5 8 1 4 4 7 
2 8 1 5 4 3 9 7 6 6 3 9 8 2 7 5 4 1 7 4 5 6 1 9 8 3 2 4 9 3 1 7 2 2 8 5 1 7 5 9 8 4 3 6 4 8 6 2 3 5 6 1 7 9 2 5 9 4 3 1 6 7 8 1 6 4 7 9 8 5 2 3 3 8 7 2 6 5 4 9 1 15 15 
2 8 1 5 4 3 9 7 6 6 3 9 8 2 7 5 1 4 7 4 5 6 1 9 2 3 8 4 1 3 9 7 6 7 8 5 5 7 9 1 8 4 3 6 2 8 6 2 3 5 2 1 4 9 9 5 8 2 3 1 6 4 7 1 6 4 7 9 8 5 2 3 3 2 7 4 6 5 8 9 1 7 12 
7 1 2 5 4 3 9 8 6 6 3 9 8 2 7 4 5 1 5 8 4 6 1 9 7 3 2 4 9 3 1 8 6 2 7 5 2 7 1 9 5 4 3 6 8 8 6 5 3 7 2 1 4 9 9 5 8 2 3 1 6 7 4 1 4 6 7 9 8 5 2 3 3 2 7 4 6 5 8 9 1 3 5 
2 8 1 5 4 3 9 7 6 5 3 6 8 2 7 4 5 1 7 4 9 6 1 9 2 3 8 4 9 3 1 7 2 7 8 5 1 7 5 9 8 4 3 6 2 8 6 2 3 5 6 1 4 9 9 5 8 2 3 1 6 4 7 6 1 4 7 9 8 5 2 3 3 2 7 4 6 5 8 9 1 7 12 
1 8 2 5 4 3 9 7 6 9 3 6 8 2 7 4 5 1 7 4 5 6 1 9 2 3 8 4 9 3 1 7 6 2 8 5 5 7 1 9 8 2 3 6 4 8 6 2 3 5 4 1 7 9 2 5 8 4 3 1 6 9 7 6 1 4 7 9 8 5 2 3 3 9 7 2 6 5 8 4 1 6 9 
7 2 1 5 4 3 9 8 6 6 3 9 8 2 7 4 5 1 5 8 4 6 1 9 7 3 2 4 1 3 9 7 6 2 7 5 9 7 5 1 8 2 3 6 8 8 6 2 3 5 4 1 4 9 2 5 8 4 3 1 6 9 7 1 4 6 7 9 8 5 2 3 3 9 7 2 6 5 8 1 4 4 7 
7 2 1 5 4 3 9 8 6 6 3 9 8 2 7 4 5 1 5 8 4 6 1 9 7 3 2 4 1 3 9 7 6 2 8 5 9 7 5 1 8 2 3 6 4 8 6 2 3 5 4 1 7 9 2 5 8 4 3 1 6 9 7 1 4 6 7 9 8 5 2 3 3 9 7 2 6 5 8 4 1 3 5 
7 2 1 5 4 3 9 8 6 9 3 6 8 2 7 5 1 4 5 4 8 6 1 9 7 3 2 4 6 3 9 8 2 2 7 5 9 7 1 1 5 4 8 6 3 8 2 5 3 7 6 1 4 9 2 5 9 4 3 1 6 7 8 1 4 6 7 9 8 5 2 3 3 8 7 2 6 5 4 9 1 11 14 
7 1 2 5 4 3 9 8 6 9 3 6 8 2 7 4 5 1 5 8 4 6 1 9 7 3 2 4 9 3 1 8 6 2 7 5 1 7 2 9 5 4 3 6 8 8 6 5 3 7 2 1 4 9 2 5 8 4 3 1 6 9 7 6 4 1 7 9 8 5 2 3 3 9 7 2 6 5 8 1 4 3 4 
2 8 1 5 4 3 9 7 6 6 3 9 8 2 7 4 5 1 7 4 5 6 1 9 8 3 2 4 9 3 1 8 6 2 7 5 5 7 1 9 5 2 3 6 8 8 6 2 3 7 4 1 4 9 9 5 8 2 3 1 6 9 7 1 6 4 7 9 8 5 2 3 3 2 7 4 6 5 8 1 4 9 13 
1 8 2 5 4 3 9 7 6 6 3 9 8 2 7 4 5 1 7 4 5 6 1 9 2 3 8 4 9 3 1 8 6 7 8 5 5 7 1 9 5 4 3 6 2 8 2 6 3 7 2 1 4 9 2 5 8 4 3 1 6 9 7 1 6 4 7 9 8 5 2 3 3 9 7 2 6 5 8 1 4 6 8 
7 2 1 5 4 3 9 8 6 6 3 9 8 2 7 5 1 4 5 8 4 6 1 9 7 3 2 4 1 3 9 7 6 2 8 5 9 7 5 1 8 2 4 6 3 8 6 2 3 5 4 1 7 9 2 5 8 4 3 1 6 9 7 1 4 6 7 9 8 5 2 3 3 9 7 2 6 5 8 4 1 4 5 
2 8 1 5 4 3 9 7 6 6 3 9 8 2 7 5 1 4 7 4 5 6 1 9 8 3 2 4 9 3 1 7 2 2 7 5 1 7 5 9 8 4 3 6 8 8 6 2 3 5 6 1 4 9 9 5 8 2 3 1 6 9 7 6 1 4 7 9 8 5 2 3 3 2 7 4 6 5 4 8 1 11 13 
7 1 2 5 4 3 9 8 6 6 3 9 8 2 7 5 4 1 5 4 8 6 1 9 7 3 2 4 9 3 1 7 6 8 7 5 1 7 5 9 8 2 2 6 3 8 2 6 3 5 4 1 4 9 9 5 2 4 3 1 6 9 7 6 1 4 7 9 8 5 2 3 3 8 7 2 6 5 4 1 8 12 13 
7 2 1 5 4 3 9 8 6 9 3 6 8 2 7 4 5 1 5 8 4 6 1 9 7 3 2 4 1 3 9 8 6 2 7 5 9 7 2 1 5 4 3 6 8 8 6 5 3 7 2 1 4 9 2 5 8 4 3 1 6 9 7 6 4 1 7 9 8 5 2 3 3 9 7 2 6 5 8 1 4 3 4 
2 1 8 5 4 3 9 7 6 6 3 9 8 2 7 5 1 4 7 4 5 6 1 9 2 3 8 4 9 3 1 7 6 7 8 5 5 7 1 9 8 4 3 6 2 8 2 6 3 5 2 1 4 9 9 5 2 4 3 1 6 8 7 1 6 4 7 9 8 5 2 3 3 8 7 2 6 5 4 9 1 5 7 
7 2 1 5 4 3 9 8 6 6 3 9 8 2 7 4 5 1 5 4 8 6 1 9 7 3 2 4 1 3 9 8 6 2 7 5 9 7 2 1 5 4 3 6 8 8 6 5 3 7 2 1 4 9 2 5 8 2 3 1 6 9 7 1 6 4 7 9 8 5 2 3 3 9 7 4 6 5 8 1 4 5 6 
1 8 2 5 4 3 9 7 6 9 3 6 8 2 7 4 5 1 7 4 5 6 1 9 8 3 2 4 9 3 1 7 6 2 8 5 5 7 1 9 8 2 3 6 4 8 2 6 3 5 4 1 7 9 2 5 8 4 3 1 6 9 7 6 1 4 7 9 8 5 2 3 3 9 7 2 6 5 4 1 8 5 6 
2 1 8 5 4 3 9 7 6 6 3 9 8 2 7 4 5 1 7 4 5 6 1 9 8 3 2 4 6 3 9 8 2 2 7 5 9 7 1 1 5 4 3 6 8 8 2 5 3 7 6 1 4 9 9 5 2 4 3 1 6 8 7 1 6 4 7 9 8 5 2 3 3 8 7 2 6 5 4 9 1 9 11 
2 8 1 5 4 3 9 8 6 6 3 9 8 2 7 4 5 1 7 4 5 6 1 9 7 3 2 4 9 3 1 7 6 8 7 5 5 7 1 9 8 4 3 6 2 8 6 2 3 5 2 1 4 9 9 5 8 2 3 1 6 4 7 6 1 4 7 9 8 5 2 3 3 2 7 4 6 5 8 9 1 11 12 
7 1 2 5 4 3 9 7 6 6 3 9 8 2 7 5 1 4 5 8 4 6 1 9 2 3 8 4 9 3 1 7 2 8 7 5 5 7 1 9 8 4 3 6 2 8 6 2 3 5 6 1 4 9 9 5 8 4 3 1 6 4 7 1 4 6 7 9 8 5 2 3 3 2 7 2 6 5 8 9 1 13 14 
7 8 1 5 4 3 9 8 6 9 3 6 8 2 7 4 5 1 5 4 2 6 1 9 7 3 2 4 1 3 1 8 2 2 7 5 2 7 9 9 5 4 8 6 3 8 6 5 3 7 6 1 4 9 9 5 8 2 3 1 6 7 4 1 6 4 7 9 8 5 2 3 3 2 7 4 6 5 8 9 1 13 14 
7 1 2 5 4 3 9 7 6 6 3 9 8 2 7 4 5 1 5 8 4 6 1 9 8 3 2 4 2 3 9 7 6 2 8 5 9 7 1 1 8 2 3 6 4 8 6 5 3 5 4 1 7 9 2 5 8 4 3 1 6 9 7 1 6 4 7 9 8 5 2 3 3 9 7 2 6 5 4 1 8 10 11 
7 1 2 5 4 3 9 8 6 6 3 9 8 2 7 4 5 1 5 8 4 6 1 9 7 3 2 4 9 3 1 7 6 2 8 5 1 7 5 9 8 2 3 6 4 8 2 6 3 5 4 1 7 9 2 5 8 4 3 1 6 9 7 6 4 1 7 9 8 5 2 3 3 9 7 2 6 5 8 4 1 5 5 
7 1 2 5 4 3 9 7 6 9 3 6 8 2 7 5 1 4 5 8 4 6 1 9 8 3 2 4 6 3 1 7 6 2 7 5 9 7 1 9 8 2 3 6 8 8 2 5 3 5 4 1 4 9 2 5 8 4 3 1 6 9 7 6 1 4 7 9 8 5 2 3 3 9 7 2 6 5 4 1 8 16 14 
7 1 2 5 4 3 9 8 6 6 3 9 8 2 7 5 1 4 5 4 8 6 1 9 7 3 2 4 1 3 9 8 6 2 7 5 9 7 5 1 5 2 3 6 8 8 2 6 3 7 4 1 4 9 2 5 8 4 3 1 6 9 7 1 6 4 7 9 8 5 2 3 3 9 7 2 6 5 8 4 1 7 10 
1 8 2 5 4 3 9 7 6 5 3 6 8 2 7 4 5 1 7 4 9 6 1 9 8 3 2 4 1 3 1 8 9 2 8 5 9 7 5 3 5 2 3 6 4 8 6 2 4 7 6 1 7 9 2 5 8 4 3 1 6 9 7 6 4 1 7 9 8 5 2 3 3 9 7 2 6 5 4 8 1 17 14 
7 2 1 5 4 3 9 8 6 6 3 9 8 2 7 4 5 1 5 8 4 6 1 9 7 3 2 4 1 3 9 7 6 2 7 5 9 7 2 1 8 4 3 6 8 8 6 5 3 5 2 1 4 9 9 5 2 4 3 1 6 8 7 1 4 6 7 9 8 5 2 3 3 8 7 2 6 5 4 9 1 10 10 

