MonoObjective Genetic Algorithm
Number of Evaluations = 0
Mutation Probability = 0.0100000000000000002
Crossover Probability = 0.5
Population Size = 100
Survival Selection Type = 16

Time =  300.021913999999981

Current Evaluation = 100900
Front Size = 100
7 2 1 5 4 3 9 8 6 6 3 9 8 2 7 4 5 1 5 8 4 6 1 9 7 3 2 4 1 3 9 8 6 2 7 5 9 7 2 1 5 4 3 6 8 8 6 5 3 7 2 1 4 9 2 5 8 4 3 1 6 9 7 1 4 6 7 9 8 5 2 3 3 9 7 2 6 5 8 1 4 1 8 
1 2 8 5 4 3 9 7 6 9 3 6 8 2 7 5 1 4 7 4 5 6 1 9 2 3 8 4 9 3 1 7 2 7 8 5 5 7 1 9 8 4 3 6 2 8 6 2 3 5 6 1 4 9 2 5 9 4 3 1 6 8 7 6 1 4 7 9 8 5 2 3 3 8 7 2 6 5 4 9 1 5 36 
7 2 1 5 4 3 9 8 6 9 3 6 8 2 7 5 1 4 5 4 8 6 1 9 7 3 2 4 9 3 1 8 6 2 7 5 1 7 2 9 5 4 3 6 8 8 6 5 3 7 2 1 4 9 2 5 9 4 3 1 6 8 7 6 1 4 7 9 8 5 2 3 3 8 7 2 6 5 4 9 1 3 18 
2 8 1 5 4 3 9 7 6 6 3 4 8 2 7 5 1 4 7 9 5 6 1 9 8 3 2 4 1 3 9 7 6 2 8 5 5 7 9 1 8 2 3 6 4 8 6 2 3 5 4 1 7 9 9 5 8 2 3 1 6 4 7 1 4 6 7 9 8 5 2 3 3 2 7 4 6 5 8 9 1 7 28 
6 2 8 5 4 3 9 7 6 1 3 5 8 2 7 5 1 4 7 9 4 6 1 9 2 3 8 4 6 3 1 8 9 8 7 5 9 7 1 3 5 4 3 6 2 8 5 2 2 7 6 1 4 9 2 5 8 2 3 1 7 9 6 1 4 6 7 9 8 5 2 3 3 9 7 4 6 5 4 1 8 321 28 
2 8 1 5 4 3 9 7 6 5 3 6 8 2 7 5 1 4 7 4 9 6 1 9 2 3 8 4 6 3 1 8 6 2 8 5 9 7 1 9 5 2 3 6 4 8 2 5 3 7 4 1 7 9 9 5 8 4 3 1 7 9 3 6 1 4 7 9 8 6 2 5 3 2 7 2 6 5 4 8 1 119 26 
1 8 2 5 4 3 9 7 6 5 3 6 8 2 7 4 5 1 7 9 4 6 1 9 2 3 8 4 1 3 9 8 6 7 8 5 2 7 9 1 5 4 3 6 2 8 6 5 3 7 2 1 4 9 9 5 8 2 3 1 6 7 4 6 4 1 7 9 8 5 2 3 3 2 7 4 6 5 8 9 1 7 24 
7 1 2 5 4 3 9 8 6 6 3 9 8 2 7 5 1 4 5 8 4 6 1 9 7 3 2 4 9 3 1 8 6 2 7 5 2 7 1 9 5 4 3 6 8 8 6 5 3 7 2 1 4 9 9 5 8 2 3 1 6 4 7 1 4 6 7 9 8 5 2 3 3 2 7 4 6 5 8 9 1 3 17 
1 2 8 5 4 3 9 8 6 6 3 9 8 2 7 5 4 1 7 4 5 6 1 9 7 3 2 4 1 3 9 7 6 2 7 5 9 7 5 1 8 4 8 6 3 8 2 6 3 5 2 1 4 9 9 5 2 4 3 1 6 7 8 1 6 4 7 9 8 5 2 3 3 8 7 2 6 5 4 9 1 15 25 
7 1 2 5 4 3 9 8 6 9 3 6 8 2 7 4 5 1 5 8 4 6 1 9 7 3 2 4 6 3 1 8 9 2 7 5 1 7 9 4 5 2 3 6 8 8 2 5 3 7 6 1 4 9 2 5 8 4 3 1 6 9 7 6 4 1 7 9 8 5 2 3 3 9 7 2 6 5 8 1 4 3 15 
7 2 1 5 4 3 9 8 6 6 3 9 8 2 7 5 1 4 5 8 4 6 1 9 7 3 2 4 1 3 9 7 6 2 8 5 9 7 5 1 8 2 4 6 3 8 6 2 3 5 4 1 7 9 2 5 8 4 3 1 6 9 7 1 4 6 7 9 8 5 2 3 3 9 7 2 6 5 8 4 1 4 16 
7 1 2 5 4 3 9 8 6 6 3 9 8 2 7 4 5 1 5 8 4 6 1 9 7 3 2 4 6 3 1 8 2 2 7 5 9 7 1 9 5 4 3 6 8 8 2 5 3 7 6 1 4 9 2 5 8 4 3 1 6 9 7 1 4 6 7 9 8 5 2 3 3 9 7 2 6 5 8 1 4 3 9 
1 8 2 5 4 3 9 7 6 6 3 9 8 2 7 4 5 1 7 4 5 6 1 9 8 3 2 4 9 3 1 7 6 2 8 5 5 7 1 9 8 2 3 6 4 8 2 6 3 5 4 1 7 9 2 5 8 4 3 1 6 9 7 1 6 4 7 9 8 5 2 3 3 9 7 2 6 5 4 1 8 5 23 
7 2 1 5 4 3 9 8 6 9 3 6 8 2 7 4 5 1 5 4 8 6 1 9 7 3 2 4 9 3 1 8 6 2 7 5 1 7 2 9 5 4 3 6 8 8 6 5 3 7 2 1 4 9 2 5 8 4 3 1 6 9 7 6 1 4 7 9 8 5 2 3 3 9 7 2 6 5 8 1 4 3 9 
1 4 8 5 4 3 9 1 6 6 3 9 8 2 7 5 4 2 7 2 5 6 1 9 8 3 7 4 1 3 1 7 8 2 7 5 9 7 2 4 5 9 3 6 8 8 6 5 2 3 6 1 4 9 9 5 2 4 3 1 7 8 3 1 6 4 7 9 8 5 2 1 3 8 7 2 6 5 6 9 4 424 25 
1 8 2 5 4 3 9 7 6 6 3 9 8 2 7 5 8 1 7 4 5 6 1 9 4 3 2 4 9 3 1 7 6 2 7 5 1 7 5 3 8 4 3 6 8 8 6 2 9 5 2 1 4 9 9 5 4 4 3 1 7 5 8 2 1 6 7 9 8 3 2 1 3 8 7 2 6 5 6 9 4 521 24 
7 1 8 5 4 3 9 7 6 9 3 6 8 2 7 4 5 1 5 2 4 6 1 9 8 3 2 4 1 3 9 7 6 7 8 5 5 7 9 1 8 2 2 6 3 8 6 2 3 5 4 1 4 9 2 5 9 4 3 1 6 7 8 6 4 1 7 9 8 5 2 3 3 8 7 2 6 5 4 9 1 13 23 
1 2 8 5 4 3 9 7 6 6 3 9 8 2 7 4 5 1 7 4 5 6 1 9 8 3 2 4 6 3 1 8 9 7 8 5 9 7 1 4 5 2 2 6 3 8 2 5 3 7 6 1 4 9 9 5 2 4 3 1 6 7 8 6 1 4 7 9 8 5 2 3 3 8 7 2 6 5 4 9 1 13 20 
7 1 2 5 4 3 9 8 6 9 3 6 8 2 7 4 5 1 5 8 4 6 1 9 7 3 2 4 1 3 9 8 6 2 7 5 2 7 9 1 5 4 3 6 8 8 6 5 3 7 2 1 4 9 2 5 8 4 3 1 6 9 7 6 4 1 7 9 8 5 2 3 3 9 7 2 6 5 8 1 4 3 8 
2 8 1 5 4 3 9 7 6 6 3 5 8 2 7 4 5 1 7 9 4 6 1 9 8 3 2 4 1 3 1 8 9 7 8 5 5 7 9 4 5 2 2 6 3 8 6 2 3 7 6 1 4 9 9 5 8 4 3 1 6 9 7 1 4 6 7 9 8 5 2 3 3 2 7 2 6 5 4 1 8 14 20 
7 8 1 5 4 3 9 7 6 6 3 9 8 2 7 4 5 1 5 4 2 6 1 9 2 3 8 4 1 3 9 7 2 7 8 5 9 7 5 1 8 4 3 6 2 8 2 6 3 5 6 1 4 9 2 5 8 4 3 1 6 9 7 1 6 4 7 9 8 5 2 3 3 9 7 2 6 5 8 1 4 5 19 
7 1 2 5 4 3 9 8 6 9 3 6 8 2 7 5 1 4 5 8 4 6 1 9 7 3 2 4 9 3 1 7 2 8 7 5 1 7 5 9 8 4 3 6 2 8 6 2 3 5 6 1 4 9 2 5 8 4 3 1 6 9 7 6 4 1 7 9 8 5 2 3 3 9 7 2 6 5 4 8 1 8 18 
2 1 8 5 4 3 9 7 6 6 3 9 8 2 7 5 1 4 7 4 5 6 1 9 8 3 2 4 9 3 1 8 6 2 7 5 5 7 1 9 5 4 3 6 8 8 2 6 3 7 2 1 4 9 9 5 2 4 3 1 6 8 7 1 6 4 7 9 8 5 2 3 3 8 7 2 6 5 4 9 1 5 17 
7 2 1 5 4 3 9 8 6 6 3 9 8 2 7 4 5 1 5 8 4 6 1 9 7 3 2 4 1 3 9 7 6 2 8 5 9 7 5 1 8 2 3 6 4 8 6 2 3 5 4 1 7 9 2 5 8 4 3 1 6 9 7 1 4 6 7 9 8 5 2 3 3 9 7 2 6 5 4 1 8 3 8 
2 8 1 5 4 3 9 7 6 9 3 6 8 2 7 4 5 1 7 4 5 6 1 9 2 3 8 4 6 3 1 8 2 8 7 5 1 7 9 9 5 4 3 6 2 8 2 5 3 7 6 1 4 9 2 5 8 4 3 1 6 9 7 6 1 4 7 9 8 5 2 3 3 9 7 2 6 5 4 8 1 8 17 
7 1 2 5 4 3 9 8 6 6 3 9 8 2 7 4 5 1 5 8 4 6 1 9 7 3 2 4 9 3 1 7 6 2 8 5 1 7 5 9 8 2 3 6 4 8 6 2 3 5 4 1 7 9 9 5 8 2 3 1 6 4 7 6 4 1 7 9 8 5 2 3 3 2 7 4 6 5 8 9 1 5 16 
7 1 2 5 4 3 9 8 6 6 3 9 8 2 7 4 5 1 5 8 4 6 1 9 7 3 2 4 9 3 1 8 6 2 7 5 2 7 1 9 5 4 3 6 8 8 6 5 3 7 2 1 4 9 9 5 8 4 3 1 6 9 7 1 4 6 7 9 8 5 2 3 3 2 7 2 6 5 8 1 4 3 7 
1 8 2 5 4 3 9 8 6 5 3 6 8 2 7 5 1 4 7 4 9 6 1 9 2 3 7 4 2 3 9 7 2 2 8 5 9 7 1 1 8 4 3 6 4 8 6 5 3 5 6 1 7 9 9 5 2 4 3 1 6 9 7 1 6 4 7 9 8 5 2 3 3 8 7 2 6 5 4 1 8 25 21 
2 8 1 5 4 3 9 7 6 9 3 6 8 2 7 4 5 1 7 4 5 6 1 9 2 3 8 4 1 3 9 7 6 2 7 5 5 7 9 1 8 4 3 6 8 8 6 2 3 5 2 1 4 9 9 5 8 4 3 1 6 7 3 1 6 4 7 9 8 5 2 4 3 2 7 2 6 5 8 9 1 15 20 
7 2 1 5 4 3 9 8 6 9 3 6 8 2 7 4 5 1 5 4 8 6 1 9 2 3 7 4 9 3 1 7 2 7 8 5 1 7 5 9 8 4 3 6 2 8 6 2 3 5 6 1 4 9 2 5 9 2 3 1 6 7 4 6 1 4 7 9 8 5 2 3 3 8 7 4 6 5 8 9 1 7 16 
1 8 2 5 4 3 9 7 6 5 3 6 8 2 7 4 5 1 7 4 9 6 1 9 2 3 8 4 2 3 1 8 6 7 8 5 9 7 1 9 5 4 3 6 2 8 6 5 3 7 2 1 4 9 2 5 8 4 3 1 6 9 7 6 1 4 7 9 8 5 2 3 3 9 7 2 6 5 8 1 4 5 15 
7 2 1 5 4 3 9 8 6 6 3 4 8 2 7 5 1 4 5 9 8 6 1 9 2 3 7 4 1 3 9 8 6 2 7 5 9 7 2 1 5 4 8 6 3 8 6 5 3 7 2 1 4 9 2 5 9 4 3 1 6 7 8 1 4 6 7 9 8 5 2 3 3 8 7 2 6 5 4 9 1 7 16 
7 2 1 5 4 3 9 8 6 9 3 6 8 2 7 4 5 1 5 4 8 6 1 9 7 3 2 4 1 3 9 8 6 2 7 5 2 7 9 1 5 4 3 6 8 8 6 5 3 7 2 1 4 9 2 5 8 4 3 1 6 9 7 1 6 4 7 9 8 5 2 3 3 9 7 2 6 5 8 1 4 4 7 
1 8 2 5 4 3 9 8 6 9 3 6 8 2 7 5 1 4 7 4 5 6 1 9 7 3 2 4 1 3 1 8 6 8 7 5 9 7 5 9 5 2 2 6 3 8 6 2 3 7 4 1 4 9 2 5 8 4 3 1 7 9 3 1 4 6 7 9 8 6 2 5 3 9 7 2 6 5 4 8 1 121 21 
1 2 8 5 4 3 9 7 6 9 3 6 8 2 7 5 1 4 7 4 5 6 1 9 2 3 8 4 1 3 9 7 6 2 8 5 5 7 9 1 8 2 3 6 4 8 6 2 3 5 4 1 7 9 2 5 8 4 3 1 6 9 7 6 4 1 7 9 8 5 2 3 3 9 7 2 6 5 8 4 1 7 16 
1 2 8 5 4 3 9 7 6 6 3 5 8 2 7 4 5 1 7 9 4 6 1 9 2 3 8 4 1 3 9 7 6 7 8 5 5 7 9 1 8 4 3 6 2 8 6 2 3 5 2 1 4 9 9 5 2 4 3 1 6 9 7 1 4 6 7 9 8 5 2 3 3 8 7 2 6 5 8 1 4 9 18 
7 2 1 5 4 3 9 8 6 9 3 6 8 2 7 4 5 1 5 4 8 6 1 9 7 3 2 4 9 3 1 7 6 2 8 5 1 7 5 9 8 2 3 6 4 8 6 2 3 5 4 1 7 9 2 5 9 4 3 1 6 9 7 6 1 4 7 9 8 5 2 3 3 8 7 2 6 5 4 1 8 5 13 
1 2 8 5 4 3 9 8 6 5 3 6 8 2 7 4 5 1 7 4 9 6 1 9 2 3 7 4 9 3 1 8 2 8 7 5 2 7 1 4 5 9 3 6 2 8 6 5 3 7 6 1 4 9 9 5 2 4 3 1 6 7 8 1 4 6 7 9 8 5 2 3 3 8 7 2 6 5 4 9 1 16 18 
2 1 8 5 4 3 9 7 6 6 3 9 8 2 7 4 5 1 7 4 5 6 1 9 2 3 8 4 9 3 1 7 6 7 8 5 5 7 1 9 8 4 3 6 2 8 2 6 3 5 2 1 4 9 9 5 2 4 3 1 6 9 7 1 6 4 7 9 8 5 2 3 3 8 7 2 6 5 8 1 4 5 13 
7 2 1 5 4 3 9 8 6 6 3 9 8 2 7 5 1 4 5 8 4 6 1 9 7 3 2 4 1 3 9 8 6 2 7 5 9 7 2 1 5 4 3 6 8 8 6 5 3 7 2 1 4 9 2 5 8 4 3 1 6 9 7 1 4 6 7 9 8 5 2 3 3 9 7 2 6 5 4 8 1 3 6 
1 8 2 5 4 3 9 7 6 9 3 6 8 2 7 5 1 4 7 4 5 6 1 9 8 3 2 4 1 3 9 8 6 2 7 5 2 7 9 1 5 4 3 6 8 8 6 5 3 7 2 1 4 9 2 5 8 4 3 1 6 9 7 6 1 4 7 9 8 5 2 3 3 9 7 2 6 5 4 8 1 6 15 
7 8 1 5 4 3 9 7 6 5 3 6 8 2 7 5 1 4 2 4 9 6 1 9 2 3 8 4 9 3 1 8 6 7 8 5 1 7 2 9 5 4 3 6 2 8 6 5 3 7 2 1 4 9 9 5 8 2 3 1 6 4 7 6 1 4 7 9 8 5 2 3 3 2 7 4 6 5 8 9 1 9 16 
7 8 2 5 4 3 9 7 6 9 3 6 8 2 7 5 4 1 5 4 1 6 1 9 8 3 2 4 6 3 1 8 2 7 8 5 1 7 9 9 5 4 2 6 3 8 2 5 3 7 6 1 4 9 2 5 8 4 3 1 6 7 8 1 6 4 7 9 8 5 2 3 3 9 7 2 6 5 4 9 1 14 17 
1 8 2 5 4 3 9 7 6 9 3 6 8 2 7 4 5 1 7 4 5 6 1 9 2 3 8 4 1 3 9 7 2 7 8 5 5 7 9 1 8 4 3 6 2 8 6 2 3 5 6 1 4 9 2 5 8 4 3 1 6 9 7 6 4 1 7 9 8 5 2 3 3 9 7 2 6 5 8 1 4 5 13 
7 1 2 5 4 3 9 7 6 6 3 9 8 2 7 5 1 4 5 8 4 6 1 9 8 3 2 4 2 3 9 7 2 7 8 5 9 7 1 1 8 4 2 6 3 8 6 5 3 5 6 1 4 9 9 5 2 4 3 1 6 8 7 1 6 4 7 9 8 5 2 3 3 8 7 2 6 5 4 9 1 16 17 
2 1 8 5 4 3 9 7 6 6 3 9 8 2 7 5 1 4 7 4 5 6 1 9 2 3 8 4 9 3 1 7 2 7 8 5 5 7 1 9 8 4 3 6 2 8 6 2 3 5 6 1 4 9 9 5 8 2 3 1 6 4 7 1 4 6 7 9 8 5 2 3 3 2 7 4 6 5 8 9 1 7 14 
7 1 2 5 4 3 9 8 6 6 3 5 8 2 7 5 1 4 9 8 4 6 1 9 7 3 2 4 1 3 9 7 6 8 7 5 5 7 9 1 8 4 2 6 3 8 2 6 3 5 2 1 4 9 2 5 8 4 3 1 6 9 7 6 4 1 7 9 8 5 2 3 3 9 7 2 6 5 4 1 8 10 16 
1 2 8 5 4 3 9 7 6 9 3 6 8 2 7 4 5 1 7 4 5 6 1 9 8 3 2 4 9 3 1 7 6 2 7 5 5 7 1 9 8 4 3 6 8 8 6 2 3 5 2 1 4 9 2 5 9 4 3 1 6 9 7 6 1 4 7 9 8 5 2 3 3 8 7 2 6 5 8 1 4 8 14 
1 2 8 5 4 3 9 7 6 5 3 6 8 2 7 5 1 4 7 4 9 6 1 9 8 3 2 4 9 3 1 8 6 2 7 5 2 7 1 9 5 4 3 6 8 8 6 5 3 7 2 1 4 9 9 5 2 4 3 1 6 8 7 6 1 4 7 9 8 5 2 3 3 8 7 2 6 5 4 9 1 5 10 
7 2 1 5 4 3 9 8 6 6 3 9 8 2 7 4 5 1 5 8 4 6 1 9 7 3 2 4 1 3 9 7 2 2 7 5 2 7 9 1 8 4 3 6 8 8 6 5 3 5 6 1 4 9 9 5 2 2 3 1 6 9 7 6 1 4 7 9 8 5 2 3 3 8 7 4 6 5 4 1 8 17 17 
7 2 1 5 4 3 9 8 6 9 3 6 8 2 7 5 1 4 5 4 8 6 1 9 7 3 2 4 1 3 9 7 6 8 7 5 9 7 5 1 8 4 2 6 3 8 6 2 3 5 2 1 4 9 2 5 9 4 3 1 6 7 8 6 1 4 7 9 8 5 2 3 3 8 7 2 6 5 4 9 1 8 14 
7 2 1 5 4 3 9 8 6 9 3 6 8 2 7 5 1 4 5 4 8 6 1 9 2 3 7 4 6 3 1 7 2 2 7 5 9 7 1 9 8 4 3 6 8 8 2 5 3 5 6 1 4 9 2 5 8 4 3 1 6 7 8 1 4 6 7 9 8 5 2 3 3 9 7 2 6 5 4 9 1 18 17 
7 1 2 5 4 3 9 8 6 9 3 6 8 2 7 4 5 1 5 8 4 6 1 9 7 3 2 4 9 3 1 8 6 2 7 5 1 7 2 9 5 4 3 6 8 8 6 5 3 7 2 1 4 9 2 5 8 4 3 1 6 9 7 6 4 1 7 9 8 5 2 3 3 9 7 2 6 5 8 1 4 3 5 
1 8 2 5 4 3 9 7 6 9 3 6 8 2 7 5 4 1 7 4 5 6 1 9 8 3 2 4 1 3 9 7 6 2 8 5 5 7 9 1 8 2 3 6 4 8 2 6 3 5 4 1 7 9 2 5 8 4 3 1 6 9 7 6 1 4 7 9 8 5 2 3 3 9 7 2 6 5 4 1 8 5 10 
7 1 2 5 4 3 9 8 6 9 3 6 8 2 7 5 4 1 5 8 4 6 1 9 7 3 2 4 2 3 1 7 6 2 8 5 1 7 9 9 8 2 3 6 4 8 6 5 3 5 4 1 7 9 2 5 8 4 3 1 6 9 7 6 4 1 7 9 8 5 2 3 3 9 7 2 6 5 4 1 8 6 13 
7 2 1 5 4 3 9 8 6 6 3 9 8 2 7 5 1 4 5 8 4 6 1 9 2 3 7 4 1 3 9 7 2 8 7 5 9 7 5 1 8 4 3 6 2 8 6 2 3 5 6 1 4 9 2 5 8 4 3 1 6 9 7 1 4 6 7 9 8 5 2 3 3 9 7 2 6 5 4 1 8 6 12 
7 1 2 5 4 3 9 8 6 6 3 9 8 2 7 4 5 1 5 8 4 6 1 9 7 3 2 4 9 3 1 8 6 2 7 5 2 7 1 9 5 4 3 6 8 8 6 5 3 7 2 1 4 9 9 5 8 2 3 1 6 7 4 1 4 6 7 9 8 5 2 3 3 2 7 4 6 5 8 9 1 3 5 
7 1 8 5 4 3 9 8 6 6 3 9 8 2 7 5 4 1 2 4 5 6 1 9 7 3 2 4 1 3 9 8 6 2 7 5 5 7 9 1 5 2 3 6 8 8 6 2 3 7 4 1 4 9 9 5 2 4 3 1 6 7 8 1 4 6 7 9 8 5 2 3 3 8 7 2 6 5 4 9 1 14 16 
7 1 2 5 4 3 9 8 6 9 3 6 8 2 7 4 5 1 5 8 4 6 1 9 2 3 7 4 2 3 9 7 6 7 8 5 1 7 9 1 8 4 3 6 2 8 6 5 3 5 2 1 4 9 2 5 8 4 3 1 6 9 7 6 4 1 7 9 8 5 2 3 3 9 7 2 6 5 8 1 4 6 10 
7 2 1 5 4 3 9 8 6 6 3 9 8 2 7 4 5 1 5 8 4 6 1 9 7 3 2 4 1 3 9 7 6 2 7 5 9 7 5 1 8 4 3 6 8 8 6 2 3 5 2 1 4 9 2 5 8 4 3 1 6 9 7 1 4 6 7 9 8 5 2 3 3 9 7 2 6 5 8 1 4 4 5 
2 8 1 5 4 3 9 7 6 9 3 6 8 2 7 4 5 1 7 4 5 6 1 9 8 3 2 4 1 3 9 7 2 7 8 5 5 7 9 1 8 4 2 6 3 8 2 6 3 5 6 1 4 9 2 5 8 4 3 1 6 9 7 1 6 4 7 9 8 5 2 3 3 9 7 2 6 5 4 1 8 7 13 
7 1 2 5 4 3 9 8 6 6 3 9 8 2 7 4 5 1 5 8 4 6 1 9 7 3 2 4 2 3 1 8 6 2 7 5 9 7 1 9 5 4 3 6 8 8 6 5 3 7 2 1 4 9 2 5 8 4 3 1 6 9 7 1 4 6 7 9 8 5 2 3 3 9 7 2 6 5 8 1 4 3 4 
7 2 1 5 4 3 9 8 6 6 3 9 8 2 7 5 1 4 5 4 8 6 1 9 2 3 7 4 1 3 9 7 6 7 8 5 9 7 5 1 8 4 3 6 2 8 2 6 3 5 2 1 4 9 9 5 2 4 3 1 6 7 8 1 6 4 7 9 8 5 2 3 3 8 7 2 6 5 4 9 1 7 12 
7 2 1 5 4 3 9 8 6 6 3 9 8 2 7 4 5 1 5 4 8 6 1 9 7 3 2 4 1 3 9 8 6 2 7 5 9 7 2 1 5 4 3 6 8 8 6 5 3 7 2 1 4 9 2 5 8 4 3 1 6 9 7 6 1 4 7 9 8 5 2 3 3 9 7 2 6 5 8 1 4 4 5 
7 2 1 5 4 3 9 8 6 9 3 6 8 2 7 4 5 1 5 8 4 6 1 9 7 3 2 4 1 3 1 7 6 7 8 5 9 7 2 9 8 4 3 6 2 8 6 5 3 5 2 1 4 9 9 5 2 4 3 1 6 8 7 1 6 4 7 9 8 5 2 3 3 8 7 2 6 5 4 9 1 20 16 
2 8 1 5 4 3 9 7 6 6 3 9 8 2 7 4 5 1 7 4 5 6 1 9 8 3 2 4 9 3 1 7 6 2 7 5 1 7 2 9 8 4 3 6 8 8 6 5 3 5 2 1 4 9 9 5 8 2 3 1 6 9 7 1 4 6 7 9 8 5 2 3 3 2 7 4 6 5 8 1 4 11 15 
7 2 1 5 4 3 9 8 6 9 3 6 8 2 7 4 5 1 5 8 4 6 1 9 7 3 2 4 1 3 9 8 6 2 7 5 9 7 2 1 5 4 3 6 8 8 6 5 3 7 2 1 4 9 2 5 8 4 3 1 6 9 7 6 4 1 7 9 8 5 2 3 3 9 7 2 6 5 8 1 4 3 4 
7 1 2 5 4 3 9 8 6 6 3 9 8 2 7 4 5 1 5 8 4 6 1 9 2 3 7 4 9 3 1 7 6 8 7 5 1 7 5 9 8 4 3 6 2 8 2 6 3 5 2 1 4 9 2 5 8 4 3 1 6 9 7 6 4 1 7 9 8 5 2 3 3 9 7 2 6 5 4 1 8 7 12 
7 2 1 5 4 3 9 8 6 9 3 6 8 2 7 5 1 4 5 4 8 6 1 9 2 3 7 4 9 3 1 7 2 8 7 5 1 7 5 9 8 4 3 6 2 8 6 2 3 5 6 1 4 9 2 5 9 4 3 1 6 7 8 6 1 4 7 9 8 5 2 3 3 8 7 2 6 5 4 9 1 5 9 
7 1 2 5 4 3 9 8 6 9 3 6 8 2 7 4 5 1 5 4 8 6 1 9 7 3 2 4 6 3 1 8 2 2 7 5 9 7 1 9 5 4 3 6 8 8 2 5 3 7 6 1 4 9 2 5 9 4 3 1 6 7 8 1 6 4 7 9 8 5 2 3 3 8 7 2 6 5 4 9 1 9 13 
7 1 2 5 4 3 9 8 6 6 3 9 8 2 7 5 1 4 5 8 4 6 1 9 2 3 7 4 2 3 1 7 6 2 8 5 9 7 1 9 8 2 3 6 4 8 6 5 3 5 4 1 7 9 2 5 8 4 3 1 6 7 8 1 4 6 7 9 8 5 2 3 3 9 7 2 6 5 4 9 1 11 14 
1 8 2 5 4 3 9 7 6 6 3 9 8 2 7 4 5 1 7 4 5 6 1 9 2 3 8 4 9 3 1 7 6 7 8 5 5 7 1 9 8 4 3 6 2 8 2 6 3 5 2 1 4 9 2 5 8 4 3 1 6 9 7 6 1 4 7 9 8 5 2 3 3 9 7 2 6 5 8 1 4 5 8 
7 2 1 5 4 3 9 8 6 6 3 9 8 2 7 5 1 4 5 4 8 6 1 9 2 3 7 4 6 3 1 8 9 7 8 5 9 7 1 4 5 2 3 6 2 8 2 5 3 7 6 1 4 9 9 5 2 4 3 1 6 7 3 6 1 4 7 9 8 5 2 4 3 8 7 2 6 5 8 9 1 15 15 
7 2 1 5 4 3 9 8 6 9 3 6 8 2 7 5 1 4 5 4 8 6 1 9 2 3 7 4 1 3 9 8 6 8 7 5 2 7 9 1 5 4 3 6 2 8 6 5 3 7 2 1 4 9 9 5 2 4 3 1 6 7 8 6 1 4 7 9 8 5 2 3 3 8 7 2 6 5 4 9 1 7 12 
7 2 1 5 4 3 9 8 6 6 3 9 8 2 7 5 1 4 5 4 8 6 1 9 7 3 2 4 1 3 9 8 6 2 7 5 9 7 2 1 5 4 3 6 8 8 6 5 3 7 2 1 4 9 2 5 9 4 3 1 6 8 7 1 6 4 7 9 8 5 2 3 3 8 7 2 6 5 4 9 1 5 8 
2 8 1 5 4 3 9 8 6 6 3 9 8 2 7 5 1 4 7 4 5 6 1 9 7 3 2 4 9 3 1 8 6 2 7 5 5 7 1 9 5 2 3 6 8 8 2 6 3 7 4 1 4 9 2 5 8 4 3 1 6 9 7 6 1 4 7 9 8 5 2 3 3 9 7 2 6 5 8 4 1 11 14 
1 8 2 5 4 3 9 7 6 9 3 6 8 2 7 4 5 1 7 4 5 6 1 9 2 3 8 4 6 3 9 8 2 7 8 5 9 7 1 1 5 4 3 6 2 8 2 5 3 7 6 1 4 9 2 5 8 4 3 1 6 9 7 6 1 4 7 9 8 5 2 3 3 9 7 2 6 5 8 1 4 5 8 
2 1 8 5 4 3 9 8 6 6 3 9 8 2 7 4 5 1 7 4 5 6 1 9 7 3 2 4 9 3 9 7 2 8 7 5 5 7 1 1 8 4 3 6 2 8 2 6 3 5 6 1 4 9 9 5 2 4 3 1 6 8 7 1 6 4 7 9 8 5 2 3 3 8 7 2 6 5 4 9 1 11 13 
7 1 2 5 4 3 9 8 6 6 3 9 8 2 7 4 5 1 5 8 4 6 1 9 7 3 2 4 9 3 1 7 6 2 8 5 1 7 5 9 8 2 3 6 4 8 2 6 3 5 4 1 7 9 2 5 8 4 3 1 6 9 7 6 4 1 7 9 8 5 2 3 3 9 7 2 6 5 4 1 8 5 8 
1 8 2 5 4 3 9 7 6 9 3 6 8 2 7 5 4 1 7 4 5 6 1 9 8 3 2 4 9 3 9 7 6 7 8 5 1 7 5 1 8 2 3 6 2 8 6 2 3 5 4 1 4 9 2 5 9 2 3 1 6 7 4 6 1 4 7 9 8 5 2 3 3 8 7 4 6 5 8 9 1 18 15 
2 8 1 5 4 3 9 7 6 6 3 9 8 2 7 5 4 1 7 4 5 6 1 9 8 3 2 4 1 3 9 7 6 2 8 5 9 7 5 1 8 2 3 6 4 8 2 6 3 5 4 1 7 9 2 5 8 4 3 1 6 9 7 1 6 4 7 9 8 5 2 3 3 9 7 2 6 5 4 1 8 5 8 
7 2 1 5 4 3 9 8 6 9 3 6 8 2 7 4 5 1 5 4 8 6 1 9 7 3 2 4 1 3 9 8 6 2 7 5 2 7 9 1 5 4 3 6 8 8 6 5 3 7 2 1 4 9 9 5 2 2 3 1 6 7 4 6 1 4 7 9 8 5 2 3 3 8 7 4 6 5 8 9 1 7 11 
7 2 1 5 4 3 9 8 6 9 3 6 8 2 7 5 1 4 5 8 4 6 1 9 7 3 2 4 9 3 1 7 6 2 8 5 1 7 5 9 8 2 3 6 4 8 6 2 3 5 4 1 7 9 2 5 8 4 3 1 6 9 7 6 1 4 7 9 8 5 2 3 3 9 7 2 6 5 8 4 1 6 10 
2 1 8 5 4 3 9 7 6 6 3 9 8 2 7 5 4 1 7 4 5 6 1 9 8 3 2 4 9 3 1 7 6 2 8 5 5 7 1 9 8 2 3 6 4 8 2 6 3 5 4 1 7 9 9 5 2 4 3 1 6 9 7 1 6 4 7 9 8 5 2 3 3 8 7 2 6 5 4 1 8 5 8 
2 8 1 5 4 3 9 7 6 6 3 9 8 2 7 4 5 1 7 4 5 6 1 9 8 3 2 4 1 3 9 7 6 2 8 5 5 7 9 1 8 2 3 6 4 8 6 2 3 5 4 1 7 9 9 5 8 2 3 1 6 9 7 1 6 4 7 9 8 5 2 3 3 2 7 4 6 5 4 1 8 7 10 
7 1 2 5 4 3 9 8 6 9 3 6 8 2 7 5 1 4 5 8 4 6 1 9 7 3 2 4 2 3 9 8 6 2 7 5 1 7 9 1 5 4 3 6 8 8 6 5 3 7 2 1 4 9 2 5 8 4 3 1 6 9 7 6 4 1 7 9 8 5 2 3 3 9 7 2 6 5 4 8 1 5 8 
1 8 2 5 4 3 9 7 6 6 3 9 8 2 7 5 1 4 7 4 5 6 1 9 2 3 8 4 9 3 1 7 2 7 8 5 5 7 1 9 8 4 3 6 2 8 2 6 3 5 6 1 4 9 2 5 8 4 3 1 6 9 7 1 6 4 7 9 8 5 2 3 3 9 7 2 6 5 4 8 1 7 10 
7 1 2 5 4 3 9 8 6 6 3 9 8 2 7 5 1 4 5 8 4 6 1 9 7 3 2 4 1 3 9 7 6 2 8 5 2 7 9 1 8 4 3 6 4 8 6 5 3 5 2 1 7 9 9 5 8 2 3 1 6 9 7 6 4 1 7 9 8 5 2 3 3 2 7 4 6 5 4 1 8 12 14 
7 2 1 5 4 3 9 8 6 9 3 6 8 2 7 5 1 4 5 8 4 6 1 9 7 3 2 4 1 3 9 7 6 8 7 5 5 7 9 1 8 4 2 6 3 8 6 2 3 5 2 1 4 9 2 5 8 4 3 1 6 9 7 1 4 6 7 9 8 5 2 3 3 9 7 2 6 5 4 8 1 8 11 
7 1 2 5 4 3 9 8 6 9 3 6 8 2 7 4 5 1 5 8 4 6 1 9 7 3 2 4 6 3 9 8 2 2 7 5 1 7 9 1 5 4 3 6 8 8 2 5 3 7 6 1 4 9 2 5 8 4 3 1 6 9 7 6 4 1 7 9 8 5 2 3 3 9 7 2 6 5 8 1 4 3 4 
1 8 2 5 4 3 9 7 6 9 3 6 8 2 7 4 5 1 7 4 5 6 1 9 8 3 2 4 9 3 1 7 2 7 8 5 1 7 5 9 8 4 2 6 3 8 6 2 3 5 6 1 4 9 2 5 8 4 3 1 6 9 7 6 1 4 7 9 8 5 2 3 3 9 7 2 6 5 4 1 8 9 11 
7 8 1 5 4 3 9 7 6 9 3 6 8 2 7 5 1 4 5 4 2 6 1 9 2 3 8 4 2 3 9 8 6 8 7 5 1 7 9 1 5 4 3 6 2 8 6 5 3 7 2 1 4 9 2 5 8 4 3 1 6 9 7 6 1 4 7 9 8 5 2 3 3 9 7 2 6 5 4 8 1 7 10 
7 2 1 5 4 3 9 8 6 9 3 6 8 2 7 4 5 1 5 8 4 6 1 9 7 3 2 4 1 3 9 8 6 2 7 5 2 7 9 1 5 4 3 6 8 8 6 5 3 7 2 1 4 9 2 5 8 4 3 1 6 9 7 1 4 6 7 9 8 5 2 3 3 9 7 2 6 5 8 1 4 3 4 
7 2 1 5 4 3 9 8 6 6 3 9 8 2 7 4 5 1 5 8 4 6 1 9 7 3 2 4 9 3 1 8 6 2 7 5 1 7 2 9 5 4 3 6 8 8 6 5 3 7 2 1 4 9 2 5 8 4 3 1 6 9 7 6 1 4 7 9 8 5 2 3 3 9 7 2 6 5 8 1 4 4 4 
7 2 1 5 4 3 9 8 6 6 3 9 8 2 7 4 5 1 5 8 4 6 1 9 7 3 2 4 1 3 9 8 6 2 7 5 2 7 9 1 5 4 3 6 8 8 6 5 3 7 2 1 4 9 9 5 2 4 3 1 6 8 7 1 4 6 7 9 8 5 2 3 3 8 7 2 6 5 4 9 1 6 9 
7 2 1 5 4 3 9 7 6 6 3 9 8 2 7 4 5 1 5 8 4 6 1 9 2 3 8 4 1 3 9 7 2 7 8 5 9 7 5 1 8 4 3 6 2 8 6 2 3 5 6 1 4 9 2 5 8 4 3 1 6 9 7 1 4 6 7 9 8 5 2 3 3 9 7 2 6 5 8 1 4 5 7 
2 8 1 5 4 3 9 7 6 9 3 6 8 2 7 4 5 1 7 4 5 6 1 9 8 3 2 4 1 3 9 7 6 2 8 5 5 7 9 1 8 2 3 6 4 8 2 6 3 5 4 1 7 9 2 5 8 4 3 1 6 9 7 1 6 4 7 9 8 5 2 3 3 9 7 2 6 5 4 1 8 5 6 
7 1 2 5 4 3 9 8 6 6 3 9 8 2 7 4 5 1 5 8 4 6 1 9 7 3 2 4 6 3 1 8 9 2 7 5 9 7 1 2 5 4 3 6 8 8 2 5 3 7 6 1 4 9 2 5 8 4 3 1 6 9 7 1 4 6 7 9 8 5 2 3 3 9 7 2 6 5 8 1 4 3 2 
7 2 1 5 4 3 9 8 6 6 3 9 8 2 7 4 5 1 5 8 4 6 1 9 7 3 2 4 1 3 9 8 2 2 7 5 9 7 5 1 5 4 3 6 8 8 6 2 3 7 6 1 4 9 2 5 8 4 3 1 6 9 7 1 4 6 7 9 8 5 2 3 3 9 7 2 6 5 8 1 4 4 4 
2 8 1 5 4 3 9 7 6 9 3 6 8 2 7 5 1 4 7 4 5 6 1 9 8 3 2 4 1 3 9 7 6 7 8 5 5 7 9 1 8 2 2 6 3 8 6 2 3 5 4 1 4 9 2 5 8 4 3 1 6 9 7 6 1 4 7 9 8 5 2 3 3 9 7 2 6 5 4 1 8 9 10 

