MonoObjective Genetic Algorithm
Number of Evaluations = 0
Mutation Probability = 0.0100000000000000002
Crossover Probability = 0.5
Population Size = 100
Survival Selection Type = 16

Time =  300.025209000000018

Current Evaluation = 176500
Front Size = 100
6 9 3 4 1 7 8 2 5 7 5 8 6 9 2 3 4 1 2 4 1 5 8 3 9 6 7 4 2 7 9 3 8 5 1 6 1 8 6 2 7 5 4 9 3 9 3 5 1 4 6 2 7 8 5 1 4 8 6 9 7 3 2 8 7 9 3 2 1 6 5 4 3 6 2 7 5 4 1 8 9 1 8 
6 4 3 9 1 7 8 2 5 7 9 8 5 6 2 3 4 1 2 5 1 4 8 3 9 6 7 4 2 7 9 3 8 5 1 6 1 8 6 2 7 5 4 9 3 9 3 5 6 4 1 2 7 8 5 1 4 8 9 6 7 3 2 8 7 9 3 2 1 6 5 4 3 6 2 7 5 4 1 8 9 3 11 
5 4 3 9 1 7 6 2 8 7 6 9 5 8 2 3 4 1 2 1 8 4 6 3 9 5 7 4 2 7 9 3 8 8 1 6 1 8 6 2 7 5 4 3 9 9 3 5 1 4 6 2 7 5 3 5 4 8 6 1 7 9 2 8 7 1 3 2 9 5 6 4 6 9 2 7 5 4 1 8 3 5 28 
5 4 3 9 1 7 6 2 8 7 9 8 5 6 2 3 4 1 2 6 1 4 8 3 9 7 5 4 2 7 9 3 8 5 1 6 1 8 6 2 7 5 4 9 3 9 3 5 1 4 6 2 8 7 6 5 4 8 9 1 7 3 2 8 7 1 3 2 4 5 6 9 3 2 9 7 5 6 1 8 4 7 22 
6 9 3 4 1 7 8 2 5 7 5 8 6 9 2 3 4 1 2 4 1 5 8 3 9 6 7 4 2 7 9 3 8 5 1 6 1 8 6 2 7 5 4 3 9 9 3 5 1 4 6 2 8 7 5 1 4 8 6 9 3 7 2 8 7 9 3 2 1 6 5 4 3 6 2 7 5 4 1 9 8 3 8 
4 6 3 6 1 7 6 2 8 7 5 9 5 9 2 3 4 1 2 1 8 4 8 3 9 7 5 4 2 7 9 3 8 5 1 6 1 8 6 2 7 5 4 9 3 9 3 5 1 4 6 2 7 8 3 1 4 8 6 1 5 7 2 8 7 5 3 2 4 6 9 4 6 2 9 7 5 9 1 3 8 24 23 
4 9 3 5 1 7 6 2 8 7 6 8 9 8 2 3 4 1 2 5 1 4 6 3 9 7 5 4 2 7 9 3 8 5 1 6 1 8 6 2 7 5 4 3 9 9 3 5 1 4 6 2 8 7 5 1 4 8 9 1 7 6 2 8 7 9 3 2 6 5 9 4 3 6 2 7 5 4 1 8 3 12 21 
6 9 3 4 1 7 8 2 5 7 5 8 6 9 2 3 4 1 2 4 1 5 8 3 9 6 7 4 2 7 9 3 8 5 1 6 1 8 6 2 7 5 4 9 3 9 3 5 1 4 6 2 7 8 5 9 4 8 6 1 7 3 2 8 7 1 3 2 4 6 5 9 3 6 2 7 5 9 1 8 4 3 7 
4 9 3 4 1 7 6 2 8 7 5 8 9 8 2 3 4 1 2 6 1 5 6 3 9 7 5 5 4 7 9 3 8 8 1 6 1 2 6 2 7 5 4 3 9 9 3 8 1 4 6 2 7 5 3 1 4 8 6 9 7 3 2 8 7 5 3 2 1 5 6 4 6 9 2 7 5 4 1 8 9 118 21 
4 9 3 6 1 7 8 2 5 7 6 8 5 9 2 3 4 1 2 5 1 4 8 3 9 6 7 4 2 7 9 3 8 5 1 6 1 8 6 2 7 5 4 9 3 9 3 5 1 4 6 2 7 8 5 1 4 8 6 9 7 3 2 8 7 9 3 2 1 6 5 4 3 6 2 7 5 4 1 8 9 3 6 
6 9 3 4 1 7 8 2 5 7 5 8 9 6 2 3 4 1 2 4 1 5 8 3 9 6 7 4 2 7 9 3 8 5 1 6 1 8 6 2 7 5 4 9 3 9 3 5 6 4 1 2 7 8 5 1 4 8 9 6 7 3 2 8 7 9 3 2 1 6 5 4 3 6 2 7 5 4 1 8 9 3 6 
4 6 3 9 1 7 6 2 5 7 9 8 5 8 2 3 4 1 2 1 5 4 6 3 9 7 8 5 4 7 9 3 8 8 1 6 1 2 6 2 7 5 4 9 3 9 3 8 6 4 1 2 7 5 1 5 4 8 6 1 7 5 2 8 7 9 3 2 9 6 9 4 3 6 2 7 5 4 1 8 3 122 23 
6 4 3 5 1 7 8 2 5 7 9 5 6 9 2 3 4 1 2 1 8 4 8 3 9 6 7 4 2 7 9 3 8 5 1 6 1 8 6 2 7 5 4 3 9 9 3 5 1 4 6 2 7 8 3 5 4 8 6 9 7 5 2 8 7 1 3 2 1 6 9 4 6 2 9 7 5 4 1 3 8 11 19 
4 6 3 9 1 7 8 2 5 7 8 9 5 6 2 3 4 1 2 1 5 4 8 3 9 6 7 4 2 7 9 3 8 5 1 6 1 8 6 2 7 5 4 3 9 9 3 5 6 4 1 2 7 8 3 5 4 8 9 1 6 7 2 8 7 1 3 2 6 5 9 4 6 9 2 7 5 4 1 8 3 8 18 
5 4 3 4 1 7 6 2 8 7 6 9 5 9 2 3 4 1 2 1 8 6 8 3 9 7 5 4 2 7 9 3 8 8 1 6 1 8 6 2 7 5 4 3 9 9 3 5 6 4 1 2 5 7 5 1 4 8 6 9 7 6 2 8 7 2 3 2 1 5 9 4 3 6 9 7 5 4 1 8 3 15 19 
4 9 3 5 1 7 6 2 8 7 6 5 9 8 2 3 4 1 2 1 8 4 6 3 9 5 7 4 2 7 9 3 8 8 1 6 1 8 6 2 7 5 4 9 3 9 3 5 6 4 1 2 7 5 6 5 4 8 9 1 7 3 2 8 7 1 3 2 4 5 6 9 3 9 2 7 5 6 1 8 4 8 17 
4 8 3 9 1 7 5 2 8 7 6 9 5 6 2 3 4 1 2 5 1 4 8 3 9 6 7 4 2 7 6 3 9 8 1 6 1 8 6 2 7 5 4 9 3 9 3 5 1 4 8 2 7 5 5 1 4 8 9 1 3 7 2 8 7 9 3 2 4 5 9 4 3 6 2 7 5 6 1 6 8 121 21 
5 9 3 4 1 7 8 2 5 7 6 8 5 9 2 3 4 1 2 4 1 6 8 3 9 6 7 4 2 7 9 3 8 5 1 6 1 8 6 2 7 5 4 3 9 9 3 5 1 4 6 2 7 8 3 5 4 8 6 1 7 9 2 8 7 1 3 2 9 6 5 4 6 9 2 7 5 4 1 8 3 5 15 
6 9 3 9 1 7 6 2 8 7 5 8 5 8 2 3 4 1 2 4 1 4 6 3 9 5 7 5 4 7 9 3 8 8 1 6 1 2 6 2 7 5 4 3 9 9 3 8 6 4 1 2 5 7 5 6 4 8 6 9 7 3 2 8 7 1 3 2 1 6 5 9 3 2 9 7 5 4 1 8 4 126 21 
4 6 3 4 1 7 6 2 8 7 9 8 9 6 2 3 4 1 2 1 5 5 8 3 9 5 7 4 2 7 9 3 8 5 1 6 1 8 6 2 7 5 4 9 3 9 3 5 6 4 1 2 8 7 3 5 4 8 6 1 7 3 2 8 7 1 3 2 9 5 6 4 6 9 2 7 5 4 1 8 9 18 18 
5 4 3 9 1 7 6 2 8 7 6 9 5 8 2 3 4 1 2 1 8 4 6 3 9 7 5 4 2 7 9 3 8 5 1 6 1 8 6 2 7 5 4 9 3 9 3 5 1 4 6 2 8 7 1 5 4 8 6 9 7 3 2 8 7 9 3 2 1 6 5 4 3 6 2 7 5 4 1 8 9 8 16 
6 4 3 4 1 7 8 2 5 7 9 8 9 6 2 3 4 1 2 5 1 5 8 3 9 6 7 4 2 7 9 3 8 5 1 6 1 8 6 2 7 5 4 3 9 9 3 5 6 4 1 2 8 7 5 6 4 8 9 1 3 7 2 8 7 1 3 2 6 5 9 4 3 2 9 7 5 4 1 6 8 12 17 
6 4 3 9 1 7 6 2 8 7 5 9 5 6 2 3 4 1 2 1 8 4 8 3 9 7 5 4 2 7 9 3 8 5 1 6 1 8 6 2 7 5 4 9 3 9 3 5 1 4 6 2 8 7 5 9 4 8 9 1 6 7 2 8 7 1 3 2 6 5 9 4 3 6 2 7 5 4 1 3 8 13 16 
5 4 3 9 1 7 8 2 5 7 6 9 5 8 2 3 4 1 2 1 8 4 6 3 9 6 7 4 2 7 9 3 8 5 1 6 1 8 6 2 7 5 4 9 3 9 3 5 1 4 6 2 7 8 6 5 4 8 9 1 7 3 2 8 7 1 3 2 4 6 5 9 3 9 2 7 5 6 1 8 4 5 14 
5 9 3 4 1 7 6 2 8 7 6 8 5 9 2 3 4 1 2 4 1 6 8 3 9 7 5 4 2 7 9 3 8 5 1 6 1 8 6 2 7 5 4 3 9 9 3 5 1 4 6 2 8 7 3 1 4 8 6 9 7 5 2 8 7 5 3 2 1 6 9 4 6 2 9 7 5 4 1 8 3 5 14 
5 4 3 9 1 7 8 2 5 7 6 9 5 6 2 3 4 1 2 1 8 4 8 3 9 6 7 4 2 7 9 3 8 5 1 6 1 8 6 2 7 5 4 3 9 9 3 5 6 4 1 2 8 7 5 1 4 8 9 1 3 7 2 8 7 9 3 2 4 6 5 4 3 6 2 7 5 6 1 9 8 15 16 
6 4 3 5 1 7 8 2 5 7 9 8 6 9 2 3 4 1 2 5 1 4 8 3 9 6 7 4 2 7 9 3 8 5 1 6 1 8 6 2 7 5 4 9 3 9 3 5 1 4 6 2 7 8 5 1 4 8 6 9 7 3 2 8 7 9 3 2 1 6 5 4 3 6 2 7 5 4 1 8 9 3 5 
6 9 3 4 1 7 8 2 5 7 5 8 6 9 2 3 4 1 2 4 1 5 8 3 9 6 7 4 2 7 9 3 8 5 1 6 1 8 6 2 7 5 4 9 3 9 3 5 1 4 6 2 7 8 5 9 4 8 6 1 7 3 2 8 7 1 3 2 9 6 5 4 3 6 2 7 5 4 1 8 9 3 4 
4 9 3 6 1 7 8 2 5 7 6 8 5 9 2 3 4 1 2 5 1 4 8 3 9 6 7 4 2 7 9 3 8 5 1 6 1 8 6 2 7 5 4 3 9 9 3 5 1 4 6 2 7 8 3 1 4 8 6 9 7 5 2 8 7 5 3 2 1 6 9 4 6 2 9 7 5 4 1 8 3 4 10 
6 5 3 6 1 7 6 2 8 7 9 8 5 9 2 3 4 1 2 4 1 4 8 3 9 5 7 4 2 7 9 3 8 8 1 6 1 8 6 2 7 5 4 9 3 9 3 5 1 4 6 2 7 5 3 5 4 8 9 6 7 9 2 8 7 1 3 2 1 6 5 4 6 2 9 7 5 4 1 3 8 20 17 
6 9 3 9 1 7 8 2 5 7 5 8 5 8 2 3 4 1 2 4 1 4 6 3 9 6 7 4 2 7 9 3 8 5 1 6 1 8 6 2 7 5 4 9 3 9 3 5 6 4 1 2 8 7 3 5 4 8 6 9 7 3 2 8 7 1 3 2 1 5 6 9 6 2 9 7 5 4 1 8 4 20 16 
4 9 3 5 1 7 6 2 8 7 5 8 6 9 2 3 4 1 2 6 1 4 8 3 9 7 5 4 2 7 9 3 8 8 1 6 1 8 6 2 7 5 4 9 3 9 3 5 1 4 6 2 5 7 5 1 4 8 6 9 7 3 2 8 7 9 3 2 1 5 6 4 3 6 2 7 5 4 1 8 9 5 13 
6 5 3 4 1 7 6 2 8 7 9 8 5 9 2 3 4 1 2 4 1 6 8 3 9 5 7 4 2 7 9 3 8 8 1 6 1 8 6 2 7 5 4 9 3 9 3 5 1 4 6 2 7 5 5 1 4 8 6 9 7 3 2 8 7 9 3 2 1 5 6 4 3 6 2 7 5 4 1 8 9 5 11 
6 9 3 4 1 7 8 2 5 7 5 8 6 9 2 3 4 1 2 4 1 5 8 3 9 6 7 4 2 7 9 3 8 5 1 6 1 8 6 2 7 5 4 3 9 9 3 5 1 4 6 2 7 8 5 1 4 8 6 9 7 9 2 8 7 9 3 2 1 6 5 4 3 6 2 7 5 4 1 8 3 3 4 
4 9 3 6 1 7 8 2 5 7 6 8 5 9 2 3 4 1 2 1 5 4 8 3 9 6 7 4 2 7 9 3 8 5 1 6 1 8 6 2 7 5 4 3 9 9 3 5 1 4 6 2 7 8 3 5 4 8 6 1 7 9 2 8 7 1 3 2 9 6 5 4 6 2 9 7 5 4 1 8 3 4 7 
6 4 3 5 1 7 6 2 8 7 5 9 6 9 2 3 4 1 2 1 8 4 8 3 9 5 7 4 2 7 9 3 8 8 1 6 1 8 6 2 7 5 4 9 3 9 3 5 1 4 6 2 7 5 5 9 4 8 6 1 7 3 2 8 7 1 3 2 4 5 6 9 3 6 2 7 5 9 1 8 4 6 13 
6 9 3 4 1 7 5 2 8 7 5 8 6 9 2 3 4 1 2 4 1 5 8 3 9 6 7 4 2 7 9 3 8 8 1 6 1 8 6 2 7 5 4 9 3 9 3 5 1 4 6 2 7 5 5 1 4 8 6 9 7 3 2 8 7 9 3 2 1 6 5 4 3 6 2 7 5 4 1 8 9 3 4 
6 4 3 5 1 7 8 2 5 7 5 9 6 9 2 3 4 1 2 1 8 4 8 3 9 6 7 4 2 7 9 3 8 5 1 6 1 8 6 2 7 5 4 9 3 9 3 5 1 4 6 2 7 8 5 9 4 8 6 1 7 3 2 8 7 1 3 2 9 6 5 4 3 6 2 7 5 4 1 8 9 4 6 
6 9 3 4 1 7 8 2 5 7 5 8 6 9 2 3 4 1 2 4 1 5 8 3 9 6 7 4 2 7 9 3 8 5 1 6 1 8 6 2 7 5 4 3 9 9 3 5 1 4 6 2 7 8 5 1 4 8 6 9 7 3 2 8 7 9 3 2 1 6 5 4 3 6 2 7 5 4 1 9 8 3 3 
5 4 3 6 1 7 8 2 5 7 6 9 5 9 2 3 4 1 2 1 8 4 8 3 9 6 7 4 2 7 9 3 8 5 1 6 1 8 6 2 7 5 4 3 9 9 3 5 1 4 6 2 7 8 3 5 4 8 6 1 7 9 2 8 7 1 3 2 9 6 5 4 6 9 2 7 5 4 1 8 3 4 6 
6 9 3 4 1 7 8 2 5 7 5 8 6 9 2 3 4 1 2 4 1 5 8 3 9 6 7 4 2 7 9 3 8 5 1 6 1 8 6 2 7 5 4 3 9 9 3 5 1 4 6 2 7 8 3 1 4 8 6 9 7 5 2 8 7 5 3 2 1 6 9 4 6 9 2 7 5 4 1 8 3 4 6 
6 4 3 9 1 7 8 2 5 7 9 8 5 6 2 3 4 1 2 5 1 4 8 3 9 6 7 4 2 7 9 3 8 5 1 6 1 8 6 2 7 5 4 9 3 9 3 5 1 4 6 2 7 8 5 1 4 8 6 9 7 3 2 8 7 9 3 2 1 6 5 4 3 6 2 7 5 4 1 8 9 3 3 
5 4 3 9 1 7 6 2 8 7 9 8 5 6 2 3 4 1 2 6 1 4 8 3 9 7 5 4 2 7 9 3 8 8 1 6 1 8 6 2 7 5 4 3 9 9 3 5 1 4 6 2 5 7 3 5 4 8 9 1 7 6 2 8 7 1 3 2 6 5 9 4 6 2 9 7 5 4 1 8 3 7 12 
6 4 3 4 1 7 8 2 5 7 5 9 6 9 2 3 4 1 2 1 8 5 8 3 9 6 7 4 2 7 9 3 8 5 1 6 1 8 6 2 7 5 4 9 3 9 3 5 1 4 6 2 7 8 5 9 4 8 6 1 7 3 2 8 7 1 3 2 4 6 5 9 3 6 2 7 5 9 1 8 4 4 4 
6 4 3 9 1 7 8 2 5 7 9 8 5 6 2 3 4 1 2 5 1 4 8 3 9 6 7 4 2 7 9 3 8 5 1 6 1 8 6 2 7 5 4 9 3 9 3 5 1 4 6 2 7 8 5 1 4 8 9 6 7 3 2 8 7 9 3 2 1 6 5 4 3 6 2 7 5 4 1 8 9 3 2 
6 9 3 4 1 7 8 2 5 7 5 8 6 9 2 3 4 1 2 4 1 5 8 3 9 6 7 4 2 7 9 3 8 5 1 6 1 8 6 2 7 5 4 9 3 9 3 5 1 4 6 2 7 8 5 1 4 8 6 1 7 3 2 8 7 9 3 2 4 6 5 9 3 6 2 7 5 9 1 8 4 3 2 
6 9 3 4 1 7 8 2 5 7 5 8 6 9 2 3 4 1 2 4 1 5 8 3 9 6 7 4 2 7 9 3 8 5 1 6 1 8 6 2 7 5 4 9 3 9 3 5 1 4 6 2 7 8 5 1 4 8 9 6 7 3 2 8 7 9 3 2 1 6 5 4 3 6 2 7 5 4 1 8 9 3 2 
5 9 3 4 1 7 6 2 8 7 6 8 5 9 2 3 4 1 2 4 1 6 8 3 9 5 7 4 2 7 9 3 8 8 1 6 1 8 6 2 7 5 4 9 3 9 3 5 1 4 6 2 7 5 6 5 4 8 9 1 7 3 2 8 7 1 3 2 4 5 6 9 3 2 9 7 5 6 1 8 4 7 11 
4 5 3 9 1 7 6 2 8 7 6 9 5 8 2 3 4 1 2 1 8 4 6 3 9 7 5 4 2 7 9 3 8 8 1 6 1 8 6 2 7 5 4 9 3 9 3 5 1 4 6 2 5 7 5 9 4 8 6 1 7 3 2 8 7 1 3 2 9 5 6 4 3 6 2 7 5 4 1 8 9 7 11 
6 9 3 4 1 7 8 2 5 7 5 8 9 6 2 3 4 1 2 4 1 5 8 3 9 6 7 4 2 7 9 3 8 5 1 6 1 8 6 2 7 5 4 9 3 9 3 5 1 4 6 2 7 8 5 1 4 8 9 6 7 3 2 8 7 9 3 2 1 6 5 4 3 6 2 7 5 4 1 8 9 3 2 
5 4 3 6 1 7 6 2 8 7 8 9 5 9 2 3 4 1 2 6 1 4 8 3 9 7 5 4 2 7 9 3 8 5 1 6 1 8 6 2 7 5 4 9 3 9 3 5 1 4 6 2 8 7 3 5 4 8 6 1 7 9 2 8 7 1 3 2 9 5 6 4 6 9 2 7 5 4 1 3 8 8 15 
5 4 3 9 1 7 6 2 8 7 6 9 5 8 2 3 4 1 2 1 8 4 6 3 9 7 5 4 2 7 9 3 8 8 1 6 1 8 6 2 7 5 4 3 9 9 3 5 6 4 1 2 5 7 3 5 4 8 9 1 7 6 2 8 7 1 3 2 6 5 9 4 6 9 2 7 5 4 1 8 3 5 10 
6 9 3 4 1 7 8 2 5 7 5 8 6 9 2 3 4 1 2 4 1 5 8 3 9 6 7 4 2 7 9 3 8 5 1 6 1 8 6 2 7 5 4 3 9 9 3 5 1 4 6 2 7 8 5 1 4 8 6 1 7 9 2 8 7 2 3 2 9 6 5 4 3 6 9 7 5 4 1 8 3 4 4 
6 9 3 4 1 7 6 2 8 7 5 8 5 9 2 3 4 1 2 4 1 6 8 3 9 7 5 4 2 7 9 3 8 8 1 6 1 8 6 2 7 5 4 9 3 9 3 5 1 4 6 2 5 7 5 1 4 8 6 1 7 3 2 8 7 9 3 2 4 5 6 9 3 6 2 7 5 9 1 8 4 7 10 
6 9 3 4 1 7 6 2 5 7 5 8 9 8 2 3 4 1 2 4 1 5 6 3 9 7 8 4 2 7 9 3 8 5 1 6 1 8 6 2 7 5 4 9 3 9 3 5 6 4 1 2 8 7 6 5 4 8 9 1 7 3 2 8 7 1 3 2 4 6 5 9 3 9 2 7 5 6 1 8 4 11 15 
6 4 3 9 1 7 8 2 5 7 8 9 5 6 2 3 4 1 2 5 1 4 8 3 9 6 7 4 2 7 9 3 8 5 1 6 1 8 6 2 7 5 4 9 3 9 3 5 6 4 1 2 8 7 3 1 4 8 9 6 7 5 2 8 7 5 3 2 1 6 9 4 6 9 2 7 5 4 1 3 8 8 12 
6 4 3 4 1 7 8 2 5 7 5 9 6 9 2 3 4 1 2 1 8 5 8 3 9 6 7 4 2 7 9 3 8 5 1 6 1 8 6 2 7 5 4 9 3 9 3 5 1 4 6 2 7 8 5 9 4 8 6 1 7 3 2 8 7 1 3 2 9 6 5 4 3 6 2 7 5 4 1 8 9 4 2 
4 9 3 6 1 7 8 2 5 7 6 8 5 9 2 3 4 1 2 1 5 4 8 3 9 6 7 4 2 7 9 3 8 5 1 6 1 8 6 2 7 5 4 3 9 9 3 5 1 4 6 2 7 8 3 5 4 8 6 1 7 9 2 8 7 1 3 2 9 6 5 4 6 9 2 7 5 4 1 8 3 4 2 
6 4 3 9 1 7 6 2 8 7 9 8 5 6 2 3 4 1 2 5 1 4 8 3 9 7 5 4 2 7 9 3 8 5 1 6 1 8 6 2 7 5 4 3 9 9 3 5 1 4 6 2 8 7 5 1 4 8 6 9 7 3 2 8 7 9 3 2 1 5 6 4 3 6 2 7 5 4 1 9 8 8 12 
5 9 3 4 1 7 6 2 8 7 6 8 5 9 2 3 4 1 2 4 1 6 8 3 9 7 5 4 2 7 9 3 8 8 1 6 1 8 6 2 7 5 4 3 9 9 3 5 1 4 6 2 5 7 3 5 4 8 6 1 7 9 2 8 7 1 3 2 9 5 6 4 6 9 2 7 5 4 1 8 3 5 9 
5 4 3 5 1 7 6 2 8 7 8 9 6 9 2 3 4 1 2 6 1 4 8 3 9 5 7 4 2 7 9 3 8 8 1 6 1 8 6 2 7 5 4 9 3 9 3 5 1 4 6 2 7 5 3 1 4 8 6 9 7 6 2 8 7 5 3 2 1 5 9 4 6 9 2 7 5 4 1 8 3 11 15 
4 9 3 6 1 7 8 2 5 7 6 8 5 9 2 3 4 1 2 5 1 4 8 3 9 6 7 4 2 7 9 3 8 5 1 6 1 8 6 2 7 5 4 3 9 9 3 5 1 4 6 2 7 8 3 1 4 8 6 9 7 5 2 8 7 5 3 2 1 6 9 4 6 9 2 7 5 4 1 8 3 4 2 
6 4 3 5 1 7 8 2 5 7 5 9 6 9 2 3 4 1 2 1 8 4 8 3 9 6 7 4 2 7 9 3 8 5 1 6 1 8 6 2 7 5 4 9 3 9 3 5 1 4 6 2 7 8 5 9 4 8 6 1 7 3 2 8 7 1 3 2 4 6 5 9 3 6 2 7 5 9 1 8 4 4 2 
6 4 3 4 1 7 6 2 5 7 9 5 9 8 2 3 4 1 2 1 8 5 6 3 9 8 7 4 2 7 9 3 8 5 1 6 1 8 6 2 7 5 4 9 3 9 3 5 6 4 1 2 7 8 5 1 4 8 6 9 7 3 2 8 7 9 3 2 1 5 6 4 3 6 2 7 5 4 1 9 8 13 15 
4 8 3 9 1 7 6 2 5 7 6 9 5 8 2 3 4 1 2 1 5 4 6 3 9 8 7 4 2 7 9 3 8 5 1 6 1 8 6 2 7 5 4 9 3 9 3 5 1 4 6 2 7 8 3 5 4 8 9 1 7 6 2 8 7 1 3 2 6 5 9 4 6 9 2 7 5 4 1 3 8 9 14 
5 4 3 9 1 7 6 2 8 7 6 9 5 8 2 3 4 1 2 1 8 4 6 3 9 7 5 4 2 7 9 3 8 8 1 6 1 8 6 2 7 5 4 9 3 9 3 5 6 4 1 2 5 7 6 5 4 8 9 1 7 3 2 8 7 1 3 2 4 5 6 9 3 9 2 7 5 6 1 8 4 5 9 
4 6 3 5 1 7 6 2 8 7 9 5 6 9 2 3 4 1 2 1 8 4 8 3 9 7 5 4 2 7 9 3 8 8 1 6 1 8 6 2 7 5 4 3 9 9 3 5 1 4 6 2 5 7 3 5 4 8 6 1 7 9 2 8 7 1 3 2 9 5 6 4 6 2 9 7 5 4 1 8 3 9 11 
5 4 3 9 1 7 6 2 8 7 9 8 5 6 2 3 4 1 2 6 1 4 8 3 9 5 7 4 2 7 9 3 8 8 1 6 1 8 6 2 7 5 4 9 3 9 3 5 6 4 1 2 7 5 5 1 4 8 9 1 7 3 2 8 7 9 3 2 4 5 6 9 3 6 2 7 5 6 1 8 4 10 12 
6 4 3 9 1 7 8 2 5 7 8 9 5 6 2 3 4 1 2 1 5 4 8 3 9 6 7 4 2 7 9 3 8 5 1 6 1 8 6 2 7 5 4 9 3 9 3 5 6 4 1 2 7 8 5 6 4 8 9 1 7 3 2 8 7 1 3 2 4 6 5 9 3 9 2 7 5 6 1 8 4 5 9 
4 9 3 5 1 7 6 2 5 7 6 8 9 8 2 3 4 1 2 5 1 4 6 3 9 7 8 4 2 7 9 3 8 8 1 6 1 8 6 2 7 5 4 3 9 9 3 5 6 4 1 2 5 7 5 1 4 8 9 6 7 3 2 8 7 2 3 2 1 6 5 9 3 6 9 7 5 4 1 8 4 15 15 
5 4 3 5 1 7 6 2 8 7 9 8 6 9 2 3 4 1 2 6 1 4 8 3 9 5 7 4 2 7 9 3 8 8 1 6 1 8 6 2 7 5 4 9 3 9 3 5 1 4 6 2 7 5 3 5 4 8 6 1 7 3 2 8 7 1 3 2 4 5 6 9 6 2 9 7 5 9 1 8 4 9 10 
6 4 3 4 1 7 8 2 5 7 9 5 9 6 2 3 4 1 2 1 8 5 8 3 9 6 7 4 2 7 9 3 8 5 1 6 1 8 6 2 7 5 4 3 9 9 3 5 1 4 6 2 7 8 1 5 4 8 9 6 7 5 2 8 7 2 3 2 1 6 9 4 3 6 9 7 5 4 1 8 3 11 12 
6 4 3 4 1 7 5 2 8 7 8 9 5 9 2 3 4 1 2 5 1 6 8 3 9 6 7 4 2 7 9 3 8 8 1 6 1 8 6 2 7 5 4 9 3 9 3 5 1 4 6 2 7 5 5 6 4 8 6 9 7 3 2 8 7 1 3 2 1 6 5 9 3 9 2 7 5 4 1 8 4 11 11 
5 4 3 6 1 7 6 2 8 7 6 9 5 9 2 3 4 1 2 1 8 4 8 3 9 7 5 4 2 7 9 3 8 8 1 6 1 8 6 2 7 5 4 9 3 9 3 5 1 4 6 2 5 7 3 5 4 8 6 9 7 3 2 8 7 1 3 2 1 5 6 4 6 9 2 7 5 4 1 8 9 9 10 
6 4 3 9 1 7 6 2 8 7 9 8 5 6 2 3 4 1 2 1 5 4 8 3 9 5 7 4 2 7 9 3 8 5 1 6 1 8 6 2 7 5 4 9 3 9 3 5 6 4 1 2 7 8 5 6 4 8 6 9 7 3 2 8 7 1 3 2 1 5 6 4 3 2 9 7 5 4 1 8 9 13 13 
6 9 3 9 1 7 6 2 8 7 5 8 5 8 2 3 4 1 2 4 1 4 6 3 9 5 7 4 2 7 9 3 8 5 1 6 1 8 6 2 7 5 4 3 9 9 3 5 6 4 1 2 7 8 5 9 4 8 9 1 7 6 2 8 7 1 3 2 6 5 9 4 3 6 2 7 5 4 1 8 3 14 13 
6 9 3 4 1 7 8 2 5 7 5 8 9 6 2 3 4 1 2 4 1 5 8 3 9 6 7 4 2 7 9 3 8 5 1 6 1 8 6 2 7 5 4 9 3 9 3 5 6 4 1 2 7 8 5 6 4 8 9 1 7 3 2 8 7 1 3 2 4 6 5 9 3 2 9 7 5 6 1 8 4 5 9 
6 4 3 9 1 7 8 2 5 7 9 8 5 6 2 3 4 1 2 5 1 4 8 3 9 6 7 4 2 7 9 3 8 5 1 6 1 8 6 2 7 5 4 9 3 9 3 5 1 4 6 2 7 8 5 6 4 8 9 1 7 3 2 8 7 1 3 2 4 6 5 9 3 2 9 7 5 6 1 8 4 5 8 
4 9 3 6 1 7 8 2 5 7 6 8 5 9 2 3 4 1 2 1 5 4 8 3 9 6 7 4 2 7 9 3 8 5 1 6 1 8 6 2 7 5 4 9 3 9 3 5 1 4 6 2 7 8 6 5 4 8 6 1 7 3 2 8 7 1 3 2 4 6 5 9 3 9 2 7 5 9 1 8 4 6 9 
5 9 3 4 1 7 8 2 5 7 6 8 5 9 2 3 4 1 2 4 1 6 8 3 9 6 7 4 2 7 9 3 8 5 1 6 1 8 6 2 7 5 4 9 3 9 3 5 1 4 6 2 7 8 3 5 4 8 6 1 7 3 2 8 7 1 3 2 4 6 5 9 6 2 9 7 5 9 1 8 4 7 9 
5 4 3 9 1 7 6 2 8 7 6 9 5 8 2 3 4 1 2 1 8 4 6 3 9 7 5 4 2 7 9 3 8 5 1 6 1 8 6 2 7 5 4 9 3 9 3 5 1 4 6 2 8 7 3 5 4 8 6 1 7 9 2 8 7 1 3 2 9 6 5 4 6 9 2 7 5 4 1 3 8 6 8 
6 9 3 5 1 7 6 2 8 7 5 8 6 9 2 3 4 1 2 4 1 4 8 3 9 7 5 4 2 7 9 3 8 5 1 6 1 8 6 2 7 5 4 3 9 9 3 5 1 4 6 2 8 7 5 1 4 8 6 9 7 9 2 8 7 9 3 2 1 6 5 4 3 6 2 7 5 4 1 8 3 7 8 
4 9 3 5 1 7 6 2 8 7 6 8 6 9 2 3 4 1 2 1 5 4 8 3 9 7 5 4 2 7 9 3 8 5 1 6 1 8 6 2 7 5 4 3 9 9 3 5 1 4 6 2 8 7 3 5 4 8 6 1 7 5 2 8 7 1 3 2 9 6 9 4 6 9 2 7 5 4 1 8 3 10 10 
4 6 3 9 1 7 6 2 8 7 8 9 5 8 2 3 4 1 2 5 1 4 6 3 9 7 5 4 2 7 9 3 8 5 1 6 1 8 6 2 7 5 4 9 3 9 3 5 1 4 6 2 8 7 6 5 4 8 9 1 7 3 2 8 7 1 3 2 4 6 5 9 3 9 2 7 5 6 1 8 4 12 11 
4 9 3 5 1 7 6 2 8 7 6 8 9 8 2 3 4 1 2 5 1 4 6 3 9 7 5 4 2 7 9 3 8 8 1 6 1 8 6 2 7 5 4 3 9 9 3 5 1 4 6 2 5 7 3 1 4 8 6 9 5 7 2 8 7 5 3 2 1 6 9 4 6 2 9 7 5 4 1 3 8 14 13 
5 4 3 6 1 7 8 2 5 7 9 8 5 9 2 3 4 1 2 6 1 4 8 3 9 6 7 4 2 7 9 3 8 5 1 6 1 8 6 2 7 5 4 9 3 9 3 5 1 4 6 2 7 8 3 5 4 8 6 1 7 9 2 8 7 1 3 2 9 6 5 4 6 2 9 7 5 4 1 3 8 8 9 
4 6 3 9 1 7 8 2 5 7 8 9 5 6 2 3 4 1 2 5 1 4 8 3 9 6 7 4 2 7 9 3 8 5 1 6 1 8 6 2 7 5 4 3 9 9 3 5 1 4 6 2 7 8 3 1 4 8 9 6 7 5 2 8 7 5 3 2 1 6 9 4 6 9 2 7 5 4 1 8 3 6 7 
4 9 3 4 1 7 6 2 8 7 6 8 5 9 2 3 4 1 2 1 5 6 8 3 9 7 5 4 2 7 9 3 8 8 1 6 1 8 6 2 7 5 4 9 3 9 3 5 1 4 6 2 5 7 3 5 4 8 6 1 7 3 2 8 7 1 3 2 4 5 6 9 6 2 9 7 5 9 1 8 4 10 10 
6 4 3 9 1 7 6 2 8 7 5 9 5 8 2 3 4 1 2 1 8 4 6 3 9 7 5 4 2 7 9 3 8 5 1 6 1 8 6 2 7 5 4 3 9 9 3 5 1 4 6 2 8 7 5 6 4 8 9 1 7 3 2 8 7 1 3 2 6 5 9 4 3 9 2 7 5 4 1 6 8 8 9 
6 9 3 4 1 7 6 2 8 7 5 8 6 9 2 3 4 1 2 4 1 5 8 3 9 7 5 4 2 7 9 3 8 5 1 6 1 8 6 2 7 5 4 9 3 9 3 5 1 4 6 2 8 7 5 1 4 8 6 9 7 3 2 8 7 9 3 2 1 6 5 4 3 6 2 7 5 4 1 8 9 5 6 
5 9 3 4 1 7 6 2 8 7 6 8 5 9 2 3 4 1 2 4 1 6 8 3 9 5 7 4 2 7 9 3 8 5 1 6 1 8 6 2 7 5 4 9 3 9 3 5 1 4 6 2 7 8 5 9 4 8 6 1 7 3 2 8 7 1 3 2 4 5 6 9 3 6 2 7 5 9 1 8 4 7 8 
6 9 3 4 1 7 8 2 5 7 5 8 9 6 2 3 4 1 2 4 1 5 8 3 9 6 7 4 2 7 9 3 8 5 1 6 1 8 6 2 7 5 4 3 9 9 3 5 1 4 6 2 7 8 5 1 4 8 9 1 6 7 2 8 7 9 3 2 6 5 9 4 3 6 2 7 5 4 1 8 3 8 9 
5 4 3 4 1 7 6 2 8 7 6 9 5 9 2 3 4 1 2 1 8 6 8 3 9 5 7 4 2 7 9 3 8 8 1 6 1 8 6 2 7 5 4 9 3 9 3 5 1 4 6 2 7 5 3 5 4 8 6 1 7 3 2 8 7 1 3 2 4 5 6 9 6 9 2 7 5 9 1 8 4 8 9 
5 4 3 9 1 7 8 2 5 7 6 9 5 8 2 3 4 1 2 1 8 4 6 3 9 6 7 4 2 7 9 3 8 5 1 6 1 8 6 2 7 5 4 3 9 9 3 5 6 4 1 2 7 8 3 5 4 8 9 6 7 9 2 8 7 1 3 2 1 6 5 4 6 9 2 7 5 4 1 8 3 7 8 
4 6 3 4 1 7 6 2 8 7 9 5 9 6 2 3 4 1 2 1 8 5 8 3 9 5 7 4 2 7 9 3 8 5 1 6 1 8 6 2 7 5 4 9 3 9 3 5 1 4 6 2 7 8 6 5 4 8 9 1 7 3 2 8 7 1 3 2 4 5 6 9 3 2 9 7 5 6 1 8 4 13 11 
4 5 3 9 1 7 6 2 8 7 9 8 5 6 2 3 4 1 2 6 1 4 8 3 9 5 7 4 2 7 9 3 8 8 1 6 1 8 6 2 7 5 4 9 3 9 3 5 6 4 1 2 7 5 5 1 4 8 9 6 7 3 2 8 7 9 3 2 1 5 6 4 3 6 2 7 5 4 1 8 9 7 7 
6 9 3 5 1 7 8 2 5 7 5 8 6 9 2 3 4 1 2 4 1 4 8 3 9 6 7 4 2 7 9 3 8 5 1 6 1 8 6 2 7 5 4 9 3 9 3 5 6 4 1 2 8 7 5 1 4 8 9 1 7 3 2 8 7 9 3 2 4 5 6 4 3 6 2 7 5 6 1 8 9 13 11 
6 9 3 9 1 7 8 2 5 7 5 8 5 8 2 3 4 1 2 4 1 4 6 3 9 6 7 4 2 7 9 3 8 5 1 6 1 8 6 2 7 5 4 9 3 9 3 5 1 4 6 2 7 8 3 5 4 8 9 1 7 3 2 8 7 1 3 2 6 6 5 4 6 9 2 7 5 4 1 8 9 15 11 
6 4 3 5 1 7 6 2 8 7 5 9 6 9 2 3 4 1 2 1 8 4 8 3 9 7 5 4 2 7 9 3 8 5 1 6 1 8 6 2 7 5 4 3 9 9 3 5 1 4 6 2 8 7 5 9 4 8 6 1 7 3 2 8 7 1 3 2 4 6 5 9 3 6 2 7 5 9 1 8 4 8 8 
5 6 3 4 1 7 8 2 5 7 9 8 6 9 2 3 4 1 2 4 1 5 8 3 9 6 7 4 2 7 9 3 8 5 1 6 1 8 6 2 7 5 4 3 9 9 3 5 1 4 6 2 7 8 3 5 4 8 6 1 7 9 2 8 7 1 3 2 9 6 5 4 6 2 9 7 5 4 1 8 3 5 6 

