MonoObjective Genetic Algorithm
Number of Evaluations = 0
Mutation Probability = 0.0100000000000000002
Crossover Probability = 0.5
Population Size = 100
Survival Selection Type = 16

Time =  300.029481999999973

Current Evaluation = 177000
Front Size = 100
6 9 3 4 1 7 8 2 5 7 5 8 6 9 2 3 4 1 2 4 1 5 8 3 9 6 7 4 2 7 9 3 8 5 1 6 1 8 6 2 7 5 4 9 3 9 3 5 1 4 6 2 7 8 5 1 4 8 6 9 7 3 2 8 7 9 3 2 1 6 5 4 3 6 2 7 5 4 1 8 9 1 4 
6 8 3 9 1 7 5 2 8 7 9 5 5 6 2 3 4 1 2 4 1 4 8 3 9 6 7 5 2 7 1 3 9 8 1 6 4 1 6 2 7 5 4 3 9 9 3 8 6 4 8 2 5 7 3 5 4 8 9 1 7 6 2 8 7 1 3 2 4 5 9 4 6 9 2 7 5 6 1 8 3 215 35 
5 4 3 9 1 7 6 2 8 7 6 9 5 8 2 3 4 1 2 1 8 4 6 3 9 7 5 4 2 7 9 3 8 8 1 6 1 8 6 2 7 5 4 9 3 9 3 5 1 4 6 2 5 7 6 5 4 8 9 1 7 3 2 8 7 1 3 2 4 5 6 9 3 9 2 7 5 6 1 8 4 5 27 
5 9 3 4 1 7 6 2 8 7 6 8 5 9 2 3 4 1 2 4 1 6 8 3 9 5 7 4 2 7 9 3 8 8 1 6 1 8 6 2 7 5 4 3 9 9 3 5 1 4 6 2 7 5 3 5 4 8 6 1 7 9 2 8 7 1 3 2 9 5 6 4 6 2 9 7 5 4 1 8 3 5 23 
6 4 3 9 1 7 8 2 5 7 8 9 5 6 2 3 4 1 2 5 1 4 8 3 9 6 7 4 2 7 9 3 8 5 1 6 1 8 6 2 7 5 4 3 9 9 3 5 6 4 1 2 7 8 3 1 4 8 9 6 7 5 2 8 7 5 3 2 1 6 9 4 6 9 2 7 5 4 1 8 3 6 21 
4 9 3 5 1 7 8 2 5 7 6 5 9 8 2 3 4 1 2 1 8 4 6 3 9 6 7 4 2 7 9 3 8 5 1 6 1 8 6 2 7 5 4 9 3 9 3 5 1 4 6 2 8 7 3 5 4 8 6 1 7 9 2 8 7 1 3 2 4 6 5 4 6 2 9 7 5 9 1 3 8 12 23 
6 9 3 9 1 7 6 2 5 7 8 5 5 6 2 3 4 1 2 4 1 4 8 3 9 8 7 4 8 7 1 3 9 5 1 6 5 1 6 2 7 5 4 9 3 9 3 2 6 4 8 2 8 7 1 6 4 8 6 9 5 7 2 8 7 5 3 2 1 4 6 9 3 2 9 7 5 4 1 3 8 420 30 
6 9 3 5 1 7 6 2 8 7 5 8 9 8 2 3 4 1 2 4 1 4 6 3 9 7 5 4 2 7 9 3 8 5 1 6 1 8 6 2 7 5 4 3 9 9 3 5 6 4 1 2 8 7 5 1 4 8 9 1 7 6 2 8 7 9 3 2 4 5 9 4 3 6 2 7 5 6 1 8 3 13 22 
5 4 3 6 1 7 8 2 5 7 6 9 5 9 2 3 4 1 2 1 8 4 8 3 9 6 7 4 2 7 9 3 8 5 1 6 1 8 6 2 7 5 4 3 9 9 3 5 1 4 6 2 7 8 3 5 4 8 6 1 7 9 2 8 7 1 3 2 9 6 5 4 6 9 2 7 5 4 1 8 3 4 15 
6 4 3 9 1 7 8 2 5 7 9 8 5 6 2 3 4 1 2 1 5 4 8 3 9 6 7 4 2 7 9 3 8 5 1 6 1 8 6 2 7 5 4 9 3 9 3 5 6 4 1 2 7 8 5 6 4 8 9 1 7 3 2 8 7 1 3 2 4 6 5 9 3 2 9 7 5 6 1 8 4 5 19 
5 4 3 9 1 7 6 2 8 7 6 9 5 8 2 3 4 1 2 1 8 4 6 3 9 5 7 4 2 7 9 3 8 5 1 6 1 8 6 2 7 5 4 3 9 9 3 5 6 4 1 2 7 8 3 5 4 8 9 1 7 6 2 8 7 1 3 2 6 5 9 4 6 9 2 7 5 4 1 8 3 5 13 
4 9 3 5 1 7 6 2 8 7 5 8 6 9 2 3 4 1 2 6 1 4 8 3 9 7 5 4 2 7 9 3 8 5 1 6 1 8 6 2 7 5 4 3 9 9 3 5 1 4 6 2 8 7 3 1 4 8 6 9 7 5 2 8 7 5 3 2 1 6 9 4 6 9 2 7 5 4 1 8 3 6 17 
6 4 3 5 1 7 8 2 5 7 5 9 6 9 2 3 4 1 2 1 8 4 8 3 9 6 7 4 2 7 9 3 8 5 1 6 1 8 6 2 7 5 4 3 9 9 3 5 1 4 6 2 8 7 5 9 4 8 6 1 3 7 2 8 7 1 3 2 9 6 5 4 3 6 2 7 5 4 1 9 8 6 14 
6 4 3 9 1 7 8 2 5 7 9 8 5 6 2 3 4 1 2 5 1 4 8 3 9 6 7 4 2 7 9 3 8 5 1 6 1 8 6 2 7 5 4 9 3 9 3 5 6 4 1 2 7 8 5 1 4 8 9 6 7 3 2 8 7 9 3 2 1 6 5 4 3 6 2 7 5 4 1 8 9 3 11 
6 4 3 4 1 7 8 2 5 7 5 9 6 9 2 3 4 1 2 1 8 5 8 3 9 6 7 4 2 7 9 3 8 5 1 6 1 8 6 2 7 5 4 9 3 9 3 5 1 4 6 2 7 8 5 9 4 8 6 1 7 3 2 8 7 1 3 2 4 6 5 9 3 6 2 7 5 9 1 8 4 4 11 
6 9 3 4 1 7 8 2 5 7 5 8 6 9 2 3 4 1 2 4 1 5 8 3 9 6 7 4 2 7 9 3 8 5 1 6 1 8 6 2 7 5 4 3 9 9 3 5 1 4 6 2 8 7 5 1 4 8 6 9 3 7 2 8 7 9 3 2 1 6 5 4 3 6 2 7 5 4 1 9 8 3 8 
6 5 3 4 1 7 6 2 8 7 8 9 5 9 2 3 4 1 2 4 1 6 8 3 9 7 5 4 2 7 9 3 8 8 1 6 1 8 6 2 7 5 4 9 3 9 3 5 1 4 6 2 5 7 5 9 4 8 6 1 7 3 2 8 7 1 3 2 9 5 6 4 3 6 2 7 5 4 1 8 9 7 17 
5 4 3 6 1 7 6 2 8 7 9 8 5 9 2 3 4 1 2 6 1 4 8 3 9 5 7 4 2 7 9 3 8 8 1 6 1 8 6 2 7 5 4 9 3 9 3 5 1 4 6 2 7 5 1 5 4 8 6 9 7 3 2 8 7 9 3 2 1 5 6 4 3 6 2 7 5 4 1 8 9 7 16 
4 9 3 5 1 7 6 2 8 7 5 8 6 9 2 3 4 1 2 6 1 4 8 3 9 7 5 4 2 7 9 3 8 8 1 6 1 8 6 2 7 5 4 9 3 9 3 5 1 4 6 2 5 7 5 1 4 8 6 9 7 3 2 8 7 9 3 2 1 5 6 4 3 6 2 7 5 4 1 8 9 5 11 
4 9 3 6 1 7 8 2 5 7 6 8 5 9 2 3 4 1 2 5 1 4 8 3 9 6 7 4 2 7 9 3 8 5 1 6 1 8 6 2 7 5 4 3 9 9 3 5 1 4 6 2 7 8 5 1 4 8 6 9 7 9 2 8 7 2 3 2 1 6 5 4 3 6 9 7 5 4 1 8 3 6 12 
6 4 3 6 1 7 8 2 5 7 9 8 5 9 2 3 4 1 2 5 1 4 8 3 9 6 7 4 2 7 9 3 8 5 1 6 1 8 6 2 7 5 4 9 3 9 3 5 1 4 6 2 7 8 5 1 4 8 6 9 7 3 2 8 7 9 3 2 1 6 5 4 3 6 2 7 5 4 1 8 9 3 6 
6 9 3 4 1 7 8 2 5 7 5 8 9 6 2 3 4 1 2 4 1 5 8 3 9 6 7 4 2 7 9 3 8 5 1 6 1 8 6 2 7 5 4 9 3 9 3 5 6 4 1 2 7 8 5 1 4 8 9 6 7 3 2 8 7 9 3 2 1 6 5 4 3 6 2 7 5 4 1 8 9 3 6 
5 9 3 4 1 7 6 2 8 7 6 8 5 9 2 3 4 1 2 4 1 6 8 3 9 7 5 4 2 7 9 3 8 5 1 6 1 8 6 2 7 5 4 9 3 9 3 5 1 4 6 2 8 7 6 5 4 8 9 1 7 3 2 8 7 1 3 2 4 6 5 9 3 2 9 7 5 6 1 8 4 7 14 
4 8 3 9 1 7 6 2 5 7 6 9 5 8 2 3 4 1 2 5 1 4 6 3 9 7 8 4 2 7 9 3 8 5 1 6 1 8 6 2 7 5 4 9 3 9 3 5 1 4 6 2 7 8 3 1 4 8 9 6 7 3 2 8 7 5 3 2 1 6 5 9 6 2 9 7 5 4 1 8 4 14 18 
6 4 3 9 1 7 6 2 8 7 5 9 5 8 2 3 4 1 2 1 8 4 6 3 9 7 5 4 2 7 9 3 8 5 1 6 1 8 6 2 7 5 4 9 3 9 3 5 1 4 6 2 8 7 5 9 4 8 6 1 7 3 2 8 7 1 3 2 9 6 5 4 3 6 2 7 5 4 1 8 9 7 12 
5 4 3 9 1 7 6 2 8 7 9 8 5 6 2 3 4 1 2 6 1 4 8 3 9 7 5 4 2 7 9 3 8 5 1 6 1 8 6 2 7 5 4 3 9 9 3 5 1 4 6 2 8 7 3 5 4 8 9 6 7 9 2 8 7 1 3 2 1 6 5 4 6 2 9 7 5 4 1 3 8 10 16 
4 9 3 5 1 7 6 2 5 7 6 8 9 8 2 3 4 1 2 5 1 4 6 3 9 8 7 4 2 7 9 3 8 5 1 6 1 8 6 2 7 5 4 9 3 9 3 5 1 4 6 2 7 8 5 1 4 8 9 1 7 6 2 8 7 9 3 2 6 5 9 4 3 6 2 7 5 4 1 3 8 13 16 
6 9 3 4 1 7 8 2 5 7 5 8 9 6 2 3 4 1 2 4 1 5 8 3 9 6 7 4 2 7 9 3 8 5 1 6 1 8 6 2 7 5 4 3 9 9 3 5 1 4 6 2 7 8 3 1 4 8 6 9 7 5 2 8 7 5 3 2 1 6 9 4 6 9 2 7 5 4 1 8 3 6 11 
5 4 3 9 1 7 6 2 8 7 6 9 5 8 2 3 4 1 2 1 8 4 6 3 9 7 5 4 2 7 9 3 8 5 1 6 1 8 6 2 7 5 4 3 9 9 3 5 1 4 6 2 8 7 3 5 4 8 6 1 7 9 2 8 7 1 3 2 9 5 6 4 6 9 2 7 5 4 1 8 3 5 10 
6 9 3 4 1 7 8 2 5 7 5 8 6 9 2 3 4 1 2 4 1 5 8 3 9 6 7 4 2 7 9 3 8 5 1 6 1 8 6 2 7 5 4 3 9 9 3 5 1 4 6 2 7 8 5 6 4 8 6 1 7 9 2 8 7 1 3 2 9 6 5 4 3 2 9 7 5 4 1 8 3 5 10 
5 6 3 4 1 7 6 2 8 7 8 9 6 9 2 3 4 1 2 4 1 5 8 3 9 7 5 4 2 7 9 3 8 5 1 6 1 8 6 2 7 5 4 9 3 9 3 5 1 4 6 2 8 7 3 5 4 8 6 1 7 9 2 8 7 1 3 2 9 6 5 4 6 9 2 7 5 4 1 3 8 9 15 
5 4 3 9 1 7 8 2 5 7 6 9 5 8 2 3 4 1 2 1 8 4 6 3 9 6 7 4 2 7 9 3 8 5 1 6 1 8 6 2 7 5 4 9 3 9 3 5 6 4 1 2 7 8 6 5 4 8 9 1 7 3 2 8 7 1 3 2 4 6 5 9 3 9 2 7 5 6 1 8 4 5 10 
4 9 3 6 1 7 8 2 5 7 6 8 5 9 2 3 4 1 2 5 1 4 8 3 9 6 7 4 2 7 9 3 8 5 1 6 1 8 6 2 7 5 4 3 9 9 3 5 1 4 6 2 7 8 3 1 4 8 6 9 7 5 2 8 7 5 3 2 1 6 9 4 6 9 2 7 5 4 1 8 3 4 7 
4 9 3 6 1 7 8 2 5 7 6 8 5 9 2 3 4 1 2 1 5 4 8 3 9 6 7 4 2 7 9 3 8 5 1 6 1 8 6 2 7 5 4 9 3 9 3 5 1 4 6 2 7 8 6 5 4 8 6 1 7 3 2 8 7 1 3 2 4 6 5 9 3 9 2 7 5 9 1 8 4 6 11 
4 9 3 5 1 7 6 2 8 7 6 5 9 8 2 3 4 1 2 1 8 4 6 3 9 5 7 4 2 7 9 3 8 8 1 6 1 8 6 2 7 5 4 9 3 9 3 5 6 4 1 2 7 5 6 5 4 8 9 1 7 3 2 8 7 1 3 2 4 5 6 9 3 2 9 7 5 6 1 8 4 8 13 
6 9 3 4 1 7 8 2 5 7 5 8 6 9 2 3 4 1 2 4 1 5 8 3 9 6 7 4 2 7 9 3 8 5 1 6 1 8 6 2 7 5 4 9 3 9 3 5 1 4 6 2 7 8 5 1 4 8 6 1 7 3 2 8 7 9 3 2 4 6 5 9 3 6 2 7 5 9 1 8 4 3 5 
6 4 3 5 1 7 8 2 5 7 5 9 6 9 2 3 4 1 2 1 8 4 8 3 9 6 7 4 2 7 9 3 8 5 1 6 1 8 6 2 7 5 4 9 3 9 3 5 1 4 6 2 7 8 5 9 4 8 6 1 7 3 2 8 7 1 3 2 9 6 5 4 3 6 2 7 5 4 1 8 9 4 6 
6 5 3 4 1 7 6 2 8 7 9 8 5 9 2 3 4 1 2 4 1 6 8 3 9 7 5 4 2 7 9 3 8 5 1 6 1 8 6 2 7 5 4 9 3 9 3 5 1 4 6 2 8 7 5 1 4 8 6 9 7 3 2 8 7 9 3 2 1 6 5 4 3 6 2 7 5 4 1 8 9 5 10 
6 4 3 5 1 7 6 2 8 7 9 8 6 9 2 3 4 1 2 5 1 4 8 3 9 5 7 4 2 7 9 3 8 5 1 6 1 8 6 2 7 5 4 3 9 9 3 5 1 4 6 2 7 8 5 1 4 8 6 1 7 9 2 8 7 9 3 2 4 5 6 4 3 6 2 7 5 9 1 8 3 9 14 
4 9 3 5 1 7 6 2 8 7 5 8 9 6 2 3 4 1 2 6 1 4 8 3 9 5 7 4 2 7 9 3 8 5 1 6 1 8 6 2 7 5 4 9 3 9 3 5 1 4 6 2 7 8 6 5 4 8 9 1 7 3 2 8 7 1 3 2 6 5 6 4 3 2 9 7 5 4 1 8 9 11 14 
6 4 3 9 1 7 8 2 5 7 8 9 5 6 2 3 4 1 2 1 5 4 8 3 9 6 7 4 2 7 9 3 8 5 1 6 1 8 6 2 7 5 4 3 9 9 3 5 1 4 6 2 7 8 5 6 4 8 9 1 6 7 2 8 7 1 3 2 6 5 9 4 3 9 2 7 5 4 1 8 3 9 13 
4 9 3 6 1 7 8 2 5 7 6 8 5 9 2 3 4 1 2 1 5 4 8 3 9 6 7 4 2 7 9 3 8 5 1 6 1 8 6 2 7 5 4 3 9 9 3 5 1 4 6 2 7 8 3 5 4 8 6 1 7 9 2 8 7 1 3 2 9 6 5 4 6 2 9 7 5 4 1 8 3 4 6 
5 9 3 4 1 7 6 2 8 7 6 8 5 9 2 3 4 1 2 4 1 6 8 3 9 7 5 4 2 7 9 3 8 5 1 6 1 8 6 2 7 5 4 3 9 9 3 5 1 4 6 2 8 7 3 1 4 8 6 9 7 5 2 8 7 5 3 2 1 6 9 4 6 2 9 7 5 4 1 8 3 5 8 
6 9 3 4 1 7 8 2 5 7 5 8 9 6 2 3 4 1 2 4 1 5 8 3 9 6 7 4 2 7 9 3 8 5 1 6 1 8 6 2 7 5 4 9 3 9 3 5 6 4 1 2 7 8 5 6 4 8 9 1 7 3 2 8 7 1 3 2 4 6 5 9 3 9 2 7 5 6 1 8 4 5 8 
5 4 3 9 1 7 6 2 8 7 6 9 5 8 2 3 4 1 2 1 8 4 6 3 9 7 5 4 2 7 9 3 8 5 1 6 1 8 6 2 7 5 4 3 9 9 3 5 6 4 1 2 8 7 6 5 4 8 9 1 7 3 2 8 7 1 3 2 6 5 9 4 3 9 2 7 5 4 1 6 8 6 9 
6 4 3 9 1 7 6 2 8 7 5 9 5 8 2 3 4 1 2 1 8 4 6 3 9 5 7 4 2 7 9 3 8 8 1 6 1 8 6 2 7 5 4 9 3 9 3 5 1 4 6 2 7 5 5 9 4 8 6 1 7 3 2 8 7 1 3 2 4 5 6 9 3 6 2 7 5 9 1 8 4 7 11 
6 4 3 9 1 7 8 2 5 7 9 8 5 6 2 3 4 1 2 5 1 4 8 3 9 6 7 4 2 7 9 3 8 5 1 6 1 8 6 2 7 5 4 3 9 9 3 5 1 4 6 2 8 7 5 1 4 8 6 9 7 3 2 8 7 9 3 2 1 6 5 4 3 6 2 7 5 4 1 9 8 5 8 
4 9 3 4 1 7 5 2 8 7 6 5 9 8 2 3 4 1 2 1 8 5 6 3 9 6 7 4 2 7 9 3 8 8 1 6 1 8 6 2 7 5 4 3 9 9 3 5 1 4 6 2 5 7 5 9 4 8 6 1 6 7 2 8 7 1 3 2 4 5 9 4 3 6 2 7 5 9 1 8 3 16 18 
4 6 3 9 1 7 8 2 5 7 9 5 5 8 2 3 4 1 2 8 1 4 6 3 9 6 7 5 4 7 9 3 8 5 1 6 1 2 6 2 7 5 4 3 9 9 3 8 1 4 6 2 7 8 6 5 4 8 6 1 7 3 2 8 7 1 3 2 9 6 9 5 3 9 2 7 5 4 1 8 4 115 18 
5 9 3 4 1 7 6 2 8 7 6 8 5 9 2 3 4 1 2 4 1 6 8 3 9 7 5 4 2 7 9 3 8 8 1 6 1 8 6 2 7 5 4 9 3 9 3 5 1 4 6 2 5 7 5 1 4 8 6 1 7 3 2 8 7 9 3 2 4 5 6 9 3 6 2 7 5 9 1 8 4 7 10 
5 4 3 9 1 7 6 2 8 7 8 9 5 6 2 3 4 1 2 6 1 4 8 3 9 5 7 4 2 7 9 3 8 5 1 6 1 8 6 2 7 5 4 9 3 9 3 5 1 4 6 2 7 8 6 5 4 8 9 1 7 3 2 8 7 1 3 2 4 5 6 9 3 9 2 7 5 6 1 8 4 7 10 
4 6 3 9 1 7 5 2 8 7 9 8 5 6 2 3 4 1 2 5 1 4 8 3 9 6 7 4 2 7 9 3 8 8 1 6 1 8 6 2 7 5 4 3 9 9 3 5 1 4 6 2 7 5 3 1 4 8 9 6 7 5 2 8 7 5 3 2 1 6 9 4 6 2 9 7 5 4 1 8 3 8 12 
6 9 3 4 1 7 5 2 8 7 5 8 6 9 2 3 4 1 2 4 1 5 8 3 9 6 7 4 2 7 9 3 8 8 1 6 1 8 6 2 7 5 4 9 3 9 3 5 1 4 6 2 7 5 5 1 4 8 6 9 7 3 2 8 7 9 3 2 1 6 5 4 3 6 2 7 5 4 1 8 9 3 4 
6 9 3 4 1 7 6 2 8 7 5 8 5 9 2 3 4 1 2 4 1 6 8 3 9 5 7 4 2 7 9 3 8 5 1 6 1 8 6 2 7 5 4 9 3 9 3 5 1 4 6 2 7 8 5 1 4 8 6 9 7 3 2 8 7 9 3 2 1 5 6 4 3 6 2 7 5 4 1 8 9 5 7 
6 9 3 4 1 7 8 2 5 7 5 8 6 9 2 3 4 1 2 4 1 5 8 3 9 6 7 4 2 7 9 3 8 5 1 6 1 8 6 2 7 5 4 9 3 9 3 5 1 4 6 2 7 8 5 1 4 8 6 9 7 3 2 8 7 2 3 2 1 6 5 9 3 6 9 7 5 4 1 8 4 3 4 
5 6 3 4 1 7 8 2 5 7 8 9 6 9 2 3 4 1 2 4 1 5 8 3 9 6 7 4 2 7 9 3 8 5 1 6 1 8 6 2 7 5 4 3 9 9 3 5 1 4 6 2 7 8 3 5 4 8 6 1 7 9 2 8 7 1 3 2 9 6 5 4 6 9 2 7 5 4 1 8 3 5 7 
6 9 3 5 1 7 6 2 8 7 5 8 6 9 2 3 4 1 2 4 1 4 8 3 9 5 7 4 2 7 9 3 8 8 1 6 1 8 6 2 7 5 4 9 3 9 3 5 1 4 6 2 7 5 5 1 4 8 6 9 7 3 2 8 7 9 3 2 1 5 6 4 3 6 2 7 5 4 1 8 9 5 5 
6 4 3 9 1 7 8 2 5 7 9 8 5 6 2 3 4 1 2 1 5 4 8 3 9 6 7 4 2 7 9 3 8 5 1 6 1 8 6 2 7 5 4 3 9 9 3 5 1 4 6 2 7 8 1 5 4 8 6 1 7 9 2 8 7 9 3 2 4 6 5 4 3 6 2 7 5 9 1 8 3 8 12 
4 9 3 5 1 7 6 2 8 7 6 5 9 8 2 3 4 1 2 1 8 4 6 3 9 5 7 4 2 7 9 3 8 5 1 6 1 8 6 2 7 5 4 3 9 9 3 5 1 4 6 2 8 7 5 1 4 8 6 1 7 3 2 8 7 2 3 2 9 5 6 4 3 6 9 7 5 4 1 9 8 14 16 
6 9 3 4 1 7 8 2 5 7 5 8 6 9 2 3 4 1 2 4 1 5 8 3 9 6 7 4 2 7 9 3 8 5 1 6 1 8 6 2 7 5 4 9 3 9 3 5 1 4 6 2 8 7 5 1 4 8 6 9 7 3 2 8 7 9 3 2 1 6 5 4 3 6 2 7 5 4 1 9 8 3 4 
6 4 3 4 1 7 8 2 5 7 5 9 9 6 2 3 4 1 2 1 8 5 8 3 9 6 7 4 2 7 9 3 8 5 1 6 1 8 6 2 7 5 4 3 9 9 3 5 6 4 1 2 8 7 3 5 4 8 9 1 7 9 2 8 7 1 3 2 6 6 5 4 6 9 2 7 5 4 1 3 8 12 14 
6 9 3 4 1 7 8 2 5 7 5 8 6 9 2 3 4 1 2 4 1 5 8 3 9 6 7 4 2 7 9 3 8 5 1 6 1 8 6 2 7 5 4 9 3 9 3 5 1 4 6 2 7 8 5 9 4 8 6 1 7 3 2 8 7 1 3 2 9 6 5 4 3 6 2 7 5 4 1 8 9 3 4 
6 9 3 5 1 7 6 2 8 7 5 8 6 9 2 3 4 1 2 4 1 4 8 3 9 7 5 4 2 7 9 3 8 5 1 6 1 8 6 2 7 5 4 9 3 9 3 5 1 4 6 2 8 7 5 1 4 8 6 9 7 3 2 8 7 9 3 2 1 6 5 4 3 6 2 7 5 4 1 8 9 5 5 
5 9 3 6 1 7 8 2 5 7 6 8 5 9 2 3 4 1 2 4 1 4 8 3 9 6 7 4 2 7 9 3 8 5 1 6 1 8 6 2 7 5 4 3 9 9 3 5 1 4 6 2 8 7 3 5 4 8 6 1 3 7 2 8 7 1 3 2 4 5 6 9 6 2 9 7 5 9 1 8 4 13 13 
6 4 3 9 1 7 6 2 5 7 5 9 5 8 2 3 4 1 2 1 8 4 6 3 9 8 7 4 2 7 9 3 8 5 1 6 1 8 6 2 7 5 4 9 3 9 3 5 1 4 6 2 7 8 5 6 4 8 9 1 7 3 2 8 7 1 3 2 6 5 9 4 3 9 2 7 5 4 1 6 8 9 12 
5 4 3 9 1 7 6 2 8 7 6 9 5 8 2 3 4 1 2 1 8 4 6 3 9 5 7 4 2 7 9 3 8 5 1 6 1 8 6 2 7 5 4 9 3 9 3 5 1 4 6 2 7 8 6 5 4 8 9 1 7 3 2 8 7 1 3 2 4 5 6 9 3 9 2 7 5 6 1 8 4 5 5 
5 9 3 4 1 7 6 2 8 7 6 8 5 9 2 3 4 1 2 4 1 6 8 3 9 5 7 4 2 7 9 3 8 8 1 6 1 8 6 2 7 5 4 9 3 9 3 5 1 4 6 2 7 5 1 5 4 8 6 9 7 3 2 8 7 9 3 2 1 5 6 4 3 6 2 7 5 4 1 8 9 5 5 
5 4 3 9 1 7 6 2 8 7 9 8 5 6 2 3 4 1 2 6 1 4 8 3 9 5 7 4 2 7 9 3 8 8 1 6 1 8 6 2 7 5 4 3 9 9 3 5 6 4 1 2 7 5 3 5 4 8 9 1 7 6 2 8 7 1 3 2 6 5 9 4 6 2 9 7 5 4 1 8 3 7 10 
6 9 3 4 1 7 8 2 5 7 5 8 6 9 2 3 4 1 2 4 1 5 8 3 9 6 7 4 2 7 9 3 8 5 1 6 1 8 6 2 7 5 4 3 9 9 3 5 1 4 6 2 7 8 5 1 4 8 6 9 7 9 2 8 7 9 3 2 1 6 5 4 3 6 2 7 5 4 1 8 3 3 4 
6 4 3 5 1 7 8 2 5 7 8 9 6 9 2 3 4 1 2 5 1 4 8 3 9 6 7 4 2 7 9 3 8 5 1 6 1 8 6 2 7 5 4 9 3 9 3 5 1 4 6 2 7 8 3 1 4 8 6 9 7 5 2 8 7 5 3 2 1 6 9 4 6 9 2 7 5 4 1 3 8 8 10 
5 4 3 6 1 7 6 2 8 7 8 9 5 9 2 3 4 1 2 6 1 4 8 3 9 7 5 4 2 7 9 3 8 5 1 6 1 8 6 2 7 5 4 9 3 9 3 5 1 4 6 2 7 8 3 1 4 8 6 1 7 5 2 8 7 5 3 2 4 6 9 4 6 9 2 7 5 9 1 8 3 13 13 
6 9 3 4 1 7 8 2 5 7 5 8 9 6 2 3 4 1 2 4 1 5 8 3 9 6 7 4 2 7 9 3 8 5 1 6 1 8 6 2 7 5 4 3 9 9 3 5 6 4 1 2 7 8 3 1 4 8 9 6 7 5 2 8 7 5 3 2 1 6 9 4 6 2 9 7 5 4 1 8 3 6 6 
5 4 3 6 1 7 6 2 8 7 6 9 5 9 2 3 4 1 2 1 8 4 8 3 9 7 5 4 2 7 9 3 8 5 1 6 1 8 6 2 7 5 4 9 3 9 3 5 1 4 6 2 7 8 6 5 4 8 6 9 7 3 2 8 7 1 3 2 1 6 5 4 3 9 2 7 5 4 1 8 9 10 12 
6 9 3 4 1 7 8 2 5 7 5 8 6 9 2 3 4 1 2 4 1 5 8 3 9 6 7 4 2 7 9 3 8 5 1 6 1 8 6 2 7 5 4 3 9 9 3 5 1 4 6 2 7 8 3 1 4 8 6 9 7 5 2 8 7 5 3 2 1 6 9 4 6 2 9 7 5 4 1 8 3 4 4 
5 4 3 4 1 7 6 2 8 7 9 8 6 9 2 3 4 1 2 6 1 5 8 3 9 7 5 4 2 7 9 3 8 5 1 6 1 8 6 2 7 5 4 3 9 9 3 5 6 4 1 2 7 8 6 5 4 8 6 9 7 3 2 8 7 1 3 2 1 5 6 9 3 2 9 7 5 4 1 8 4 16 17 
4 9 3 4 1 7 6 2 8 7 6 5 6 9 2 3 4 1 2 1 8 5 8 3 9 7 5 4 2 7 9 3 8 5 1 6 1 8 6 2 7 5 4 9 3 9 3 5 1 4 6 2 7 8 3 5 4 8 9 6 7 3 2 8 7 1 3 2 1 5 6 4 6 2 9 7 5 4 1 8 9 16 14 
6 9 3 4 1 7 8 2 5 7 5 8 6 9 2 3 4 1 2 4 1 5 8 3 9 6 7 4 2 7 9 3 8 5 1 6 1 8 6 2 7 5 4 3 9 9 3 5 1 4 6 2 7 8 5 1 4 8 6 9 7 3 2 8 7 9 3 2 1 6 5 4 3 6 2 7 5 4 1 9 8 3 3 
5 4 3 4 1 7 6 2 8 7 6 9 9 8 2 3 4 1 2 1 8 5 6 3 9 7 5 4 2 7 9 3 8 5 1 6 1 8 6 2 7 5 4 3 9 9 3 5 6 4 1 2 7 8 5 1 4 8 6 9 7 9 2 8 7 2 3 2 1 6 5 4 3 6 9 7 5 4 1 8 3 17 16 
4 9 3 6 1 7 8 2 5 7 6 8 5 9 2 3 4 1 2 5 1 4 8 3 9 6 7 4 2 7 9 3 8 5 1 6 1 8 6 2 7 5 4 3 9 9 3 5 1 4 6 2 7 8 3 5 4 8 6 1 7 9 2 8 7 1 3 2 9 6 5 4 6 9 2 7 5 4 1 8 3 5 4 
6 5 3 4 1 7 6 2 8 7 9 8 5 9 2 3 4 1 2 4 1 6 8 3 9 7 5 4 2 7 9 3 8 8 1 6 1 8 6 2 7 5 4 9 3 9 3 5 1 4 6 2 5 7 5 1 4 8 6 9 7 3 2 8 7 9 3 2 1 5 6 4 3 6 2 7 5 4 1 8 9 5 4 
5 4 3 9 1 7 6 2 8 7 6 9 5 8 2 3 4 1 2 1 8 4 6 3 9 5 7 4 2 7 9 3 8 8 1 6 1 8 6 2 7 5 4 3 9 9 3 5 1 4 6 2 7 5 3 5 4 8 9 1 7 6 2 8 7 1 3 2 6 5 9 4 6 9 2 7 5 4 1 8 3 5 4 
6 4 3 9 1 7 5 2 8 7 8 9 5 6 2 3 4 1 2 1 5 4 8 3 9 6 7 4 2 7 9 3 8 8 1 6 1 8 6 2 7 5 4 9 3 9 3 5 1 4 6 2 7 5 5 9 4 8 6 1 7 3 2 8 7 1 3 2 9 6 5 4 3 6 2 7 5 4 1 9 8 9 11 
4 9 3 6 1 7 8 2 5 7 6 8 5 9 2 3 4 1 2 5 1 4 8 3 9 6 7 4 2 7 9 3 8 5 1 6 1 8 6 2 7 5 4 9 3 9 3 5 1 4 6 2 7 8 5 1 4 8 6 9 7 3 2 8 7 9 3 2 1 6 5 4 3 6 2 7 5 4 1 8 9 3 3 
6 4 3 9 1 7 8 2 5 7 9 8 5 6 2 3 4 1 2 5 1 4 8 3 9 6 7 4 2 7 9 3 8 5 1 6 1 8 6 2 7 5 4 3 9 9 3 5 6 4 1 2 7 8 3 1 4 8 9 6 7 5 2 8 7 5 3 2 1 6 9 4 6 2 9 7 5 4 1 8 3 6 4 
5 4 3 9 1 7 6 2 8 7 9 8 5 6 2 3 4 1 2 6 1 4 8 3 9 7 5 4 2 7 9 3 8 5 1 6 1 8 6 2 7 5 4 9 3 9 3 5 6 4 1 2 8 7 6 5 4 8 9 1 7 3 2 8 7 1 3 2 4 6 5 9 3 2 9 7 5 6 1 8 4 7 8 
5 9 3 6 1 7 6 2 8 7 6 8 5 9 2 3 4 1 2 4 1 4 8 3 9 7 5 4 2 7 9 3 8 5 1 6 1 8 6 2 7 5 4 3 9 9 3 5 1 4 6 2 8 7 3 5 4 8 6 1 7 9 2 8 7 1 3 2 9 6 5 4 6 9 2 7 5 4 1 8 3 7 8 
5 9 3 4 1 7 6 2 8 7 6 8 5 9 2 3 4 1 2 4 1 6 8 3 9 5 7 4 2 7 9 3 8 5 1 6 1 8 6 2 7 5 4 9 3 9 3 5 1 4 6 2 7 8 6 5 4 8 6 1 7 3 2 8 7 1 3 2 4 5 6 9 3 2 9 7 5 9 1 8 4 7 8 
6 4 3 9 1 7 8 2 5 7 8 9 5 6 2 3 4 1 2 1 5 4 8 3 9 6 7 4 2 7 9 3 8 5 1 6 1 8 6 2 7 5 4 9 3 9 3 5 1 4 6 2 7 8 5 6 4 8 9 1 7 3 2 8 7 1 3 2 6 6 5 9 3 9 2 7 5 4 1 8 4 7 8 
6 4 3 9 1 7 8 2 5 7 9 8 5 6 2 3 4 1 2 5 1 4 8 3 9 6 7 4 2 7 9 3 8 5 1 6 1 8 6 2 7 5 4 3 9 9 3 5 1 4 6 2 7 8 5 6 4 8 6 1 7 9 2 8 7 1 3 2 9 6 5 4 3 2 9 7 5 4 1 8 3 7 7 
5 9 3 4 1 7 6 2 5 7 6 8 9 8 2 3 4 1 2 4 1 5 6 3 9 8 7 4 2 7 9 3 8 5 1 6 1 8 6 2 7 5 4 3 9 9 3 5 1 4 6 2 7 8 3 5 4 8 9 1 7 6 2 8 7 1 3 2 6 5 9 4 6 9 2 7 5 4 1 8 3 9 11 
6 5 3 9 1 7 6 2 8 7 9 8 5 6 2 3 4 1 2 4 1 4 8 3 9 5 7 4 2 7 9 3 8 5 1 6 1 8 6 2 7 5 4 9 3 9 3 5 1 4 6 2 7 8 5 1 4 8 9 6 7 3 2 8 7 9 3 2 1 5 6 4 3 6 2 7 5 4 1 8 9 7 7 
6 9 3 4 1 7 8 2 5 7 5 8 6 9 2 3 4 1 2 4 1 5 8 3 9 6 7 4 2 7 9 3 8 5 1 6 1 8 6 2 7 5 4 3 9 9 3 5 1 4 6 2 7 8 5 1 4 8 6 1 7 9 2 8 7 2 3 2 9 6 5 4 3 6 9 7 5 4 1 8 3 4 3 
6 5 3 4 1 7 6 2 8 7 8 9 6 9 2 3 4 1 2 4 1 5 8 3 9 7 5 4 2 7 9 3 8 5 1 6 1 8 6 2 7 5 4 3 9 9 3 5 1 4 6 2 8 7 5 9 4 8 6 1 3 7 2 8 7 1 3 2 9 6 5 4 3 6 2 7 5 4 1 9 8 10 10 
4 9 3 5 1 7 6 2 8 7 5 8 6 9 2 3 4 1 2 6 1 4 8 3 9 5 7 4 2 7 9 3 8 8 1 6 1 8 6 2 7 5 4 3 9 9 3 5 1 4 6 2 7 5 5 1 4 8 6 9 7 9 2 8 7 9 3 2 1 5 6 4 3 6 2 7 5 4 1 8 3 7 6 
6 9 3 4 1 7 8 2 5 7 5 8 6 9 2 3 4 1 2 4 1 5 8 3 9 6 7 4 2 7 9 3 8 5 1 6 1 8 6 2 7 5 4 9 3 9 3 5 1 4 6 2 7 8 5 1 4 8 6 9 7 3 2 8 7 9 3 2 1 6 5 9 3 6 2 7 5 4 1 8 4 3 2 
6 9 3 4 1 7 8 2 5 7 5 8 6 9 2 3 4 1 2 4 1 5 8 3 9 6 7 4 2 7 9 3 8 5 1 6 1 8 6 2 7 5 4 9 3 9 3 5 1 4 6 2 7 8 5 9 4 8 6 1 7 3 2 8 7 1 3 2 4 6 5 9 3 6 2 7 5 9 1 8 4 3 2 
6 4 3 5 1 7 5 2 8 7 5 9 6 9 2 3 4 1 2 1 8 4 8 3 9 6 7 4 2 7 9 3 8 8 1 6 1 8 6 2 7 5 4 3 9 9 3 5 1 4 6 2 7 5 3 5 4 8 6 1 7 5 2 8 7 1 3 2 4 6 9 4 6 9 2 7 5 9 1 8 3 11 12 
4 6 3 5 1 7 8 2 5 7 8 9 6 9 2 3 4 1 2 5 1 4 8 3 9 6 7 4 2 7 9 3 8 5 1 6 1 8 6 2 7 5 4 3 9 9 3 5 1 4 6 2 7 8 5 9 4 8 6 1 7 5 2 8 7 1 3 2 9 6 9 4 3 6 2 7 5 4 1 8 3 10 10 
5 4 3 4 1 7 6 2 8 7 6 9 5 9 2 3 4 1 2 1 8 6 8 3 9 7 5 4 2 7 9 3 8 8 1 6 1 8 6 2 7 5 4 9 3 9 3 5 6 4 1 2 5 7 3 5 4 8 9 1 7 3 2 8 7 1 3 2 6 5 6 9 6 2 9 7 5 4 1 8 4 14 12 
5 4 3 9 1 7 6 2 8 7 9 8 5 6 2 3 4 1 2 6 1 4 8 3 9 5 7 4 2 7 9 3 8 5 1 6 1 8 6 2 7 5 4 9 3 9 3 5 6 4 1 2 7 8 3 5 4 8 6 1 7 9 2 8 7 1 3 2 9 5 6 4 6 2 9 7 5 4 1 8 3 10 8 

