MonoObjective Genetic Algorithm
Number of Evaluations = 0
Mutation Probability = 0.0100000000000000002
Crossover Probability = 0.5
Population Size = 100
Survival Selection Type = 16

Time =  300.024208999999985

Current Evaluation = 97200
Front Size = 100
6 9 3 4 1 7 8 2 5 7 5 8 6 9 2 3 4 1 2 4 1 5 8 3 9 6 7 4 2 7 9 3 8 5 1 6 1 8 6 2 7 5 4 9 3 9 3 5 1 4 6 2 7 8 5 1 4 8 6 9 7 3 2 8 7 9 3 2 1 6 5 4 3 6 2 7 5 4 1 8 9 1 4 
5 4 3 6 1 7 8 2 5 7 6 9 5 9 2 3 4 1 2 1 8 4 8 3 9 6 7 4 2 7 9 3 8 5 1 6 1 8 6 2 7 5 4 3 9 9 3 5 1 4 6 2 7 8 3 5 4 8 6 1 7 9 2 8 7 1 3 2 9 6 5 4 6 9 2 7 5 4 1 8 3 4 20 
6 4 3 9 1 7 8 2 5 7 9 8 5 6 2 3 4 1 2 5 1 4 8 3 9 6 7 4 2 7 9 3 8 5 1 6 1 8 6 2 7 5 4 9 3 9 3 5 6 4 1 2 7 8 5 1 4 8 9 6 7 3 2 8 7 9 3 2 1 6 5 4 3 6 2 7 5 4 1 8 9 3 11 
6 9 3 4 1 7 8 2 5 7 5 8 6 9 2 3 4 1 2 4 1 5 8 3 9 6 7 4 2 7 9 3 8 5 1 6 1 8 6 2 7 5 4 3 9 9 3 5 1 4 6 2 8 7 5 1 4 8 6 9 3 7 2 8 7 9 3 2 1 6 5 4 3 6 2 7 5 4 1 9 8 3 8 
6 9 3 4 1 7 8 2 5 7 5 8 6 9 2 3 4 1 2 4 1 5 8 3 9 6 7 4 2 7 9 3 8 5 1 6 1 8 6 2 7 5 4 9 3 9 3 5 1 4 6 2 7 8 5 9 4 8 6 1 7 3 2 8 7 1 3 2 4 6 5 9 3 6 2 7 5 9 1 8 4 3 7 
4 9 3 6 1 7 8 2 5 7 6 8 5 9 2 3 4 1 2 5 1 4 8 3 9 6 7 4 2 7 9 3 8 5 1 6 1 8 6 2 7 5 4 3 9 9 3 5 1 4 6 2 7 8 3 1 4 8 6 9 7 5 2 8 7 5 3 2 1 6 9 4 6 2 9 7 5 4 1 8 3 4 13 
6 9 3 4 1 7 8 2 5 7 5 8 9 6 2 3 4 1 2 4 1 5 8 3 9 6 7 4 2 7 9 3 8 5 1 6 1 8 6 2 7 5 4 9 3 9 3 5 6 4 1 2 7 8 5 1 4 8 9 6 7 3 2 8 7 9 3 2 1 6 5 4 3 6 2 7 5 4 1 8 9 3 6 
4 6 3 4 1 7 5 2 8 7 8 9 9 6 2 3 4 1 2 1 5 5 8 3 9 6 7 5 4 7 9 3 8 8 1 6 1 2 6 2 7 5 4 9 3 9 3 8 6 4 1 2 7 5 1 6 4 8 6 9 7 9 2 8 7 5 3 2 1 5 6 4 3 9 2 7 5 4 1 3 8 120 25 
5 4 3 9 1 7 6 2 8 7 6 9 5 8 2 3 4 1 2 1 8 4 6 3 9 7 5 4 2 7 9 3 8 8 1 6 1 8 6 2 7 5 4 9 3 9 3 5 6 4 1 2 5 7 6 5 4 8 9 1 7 3 2 8 7 1 3 2 4 5 6 9 3 9 2 7 5 6 1 8 4 5 24 
6 4 3 4 1 7 5 2 8 7 8 9 5 9 2 3 4 1 2 5 1 6 8 3 9 6 7 5 2 7 9 3 8 8 1 6 4 1 6 2 7 5 4 3 9 9 3 8 1 4 6 2 5 7 1 5 4 8 9 6 7 3 2 8 7 2 3 2 1 6 5 9 3 6 9 7 5 4 1 8 4 116 24 
5 9 3 4 1 7 6 2 8 7 6 8 5 9 2 3 4 1 2 4 1 6 8 3 9 7 5 4 2 7 9 3 8 5 1 6 1 8 6 2 7 5 4 3 9 9 3 5 1 4 6 2 8 7 3 5 4 8 6 1 7 9 2 8 7 1 3 2 9 5 6 4 6 2 9 7 5 4 1 8 3 5 16 
6 4 3 5 1 7 8 2 5 7 9 5 6 9 2 3 4 1 2 8 1 4 8 3 9 6 7 5 2 7 9 3 8 8 1 6 4 1 6 2 7 5 4 9 3 9 3 8 6 4 1 2 7 5 3 5 4 8 6 1 3 7 2 8 7 1 3 2 4 5 6 4 6 9 2 7 5 9 1 9 8 122 25 
5 4 3 9 1 7 6 2 8 7 9 8 5 6 2 3 4 1 2 6 1 4 8 3 9 5 7 4 2 7 9 3 8 8 1 6 1 8 6 2 7 5 4 3 9 9 3 5 6 4 1 2 7 5 3 5 4 8 9 1 7 6 2 8 7 1 3 2 6 5 9 4 6 2 9 7 5 4 1 8 3 7 17 
5 9 3 4 1 7 6 2 8 7 6 8 5 9 2 3 4 1 2 4 1 6 8 3 9 5 7 4 2 7 9 3 8 8 1 6 1 8 6 2 7 5 4 9 3 9 3 5 1 4 6 2 7 5 1 5 4 8 6 9 7 3 2 8 7 9 3 2 1 5 6 4 3 6 2 7 5 4 1 8 9 5 13 
6 4 3 5 1 7 6 2 8 7 9 5 6 9 2 3 4 1 2 1 8 4 8 3 9 7 5 4 2 7 9 3 8 5 1 6 1 8 6 2 7 5 4 9 3 9 3 5 6 4 1 2 8 7 1 5 4 8 6 9 7 5 2 8 7 2 3 2 1 6 9 4 3 6 9 7 5 4 1 3 8 14 22 
6 4 3 5 1 7 8 2 5 7 5 9 6 9 2 3 4 1 2 1 8 4 8 3 9 6 7 4 2 7 9 3 8 5 1 6 1 8 6 2 7 5 4 9 3 9 3 5 1 4 6 2 7 8 5 9 4 8 6 1 7 3 2 8 7 1 3 2 9 6 5 4 3 6 2 7 5 4 1 8 9 4 10 
6 9 3 4 1 7 8 2 5 7 5 8 6 9 2 3 4 1 2 4 1 5 8 3 9 6 7 4 2 7 9 3 8 5 1 6 1 8 6 2 7 5 4 3 9 9 3 5 1 4 6 2 7 8 3 1 4 8 6 9 7 5 2 8 7 5 3 2 1 6 9 4 6 9 2 7 5 4 1 8 3 4 8 
6 4 3 9 1 7 5 2 8 7 9 8 5 6 2 3 4 1 2 1 5 4 8 3 9 6 7 4 2 7 9 3 8 8 1 6 1 8 6 2 7 5 4 9 3 9 3 5 1 4 6 2 7 5 5 6 4 8 9 1 7 3 2 8 7 1 3 2 4 6 5 9 3 2 9 7 5 6 1 8 4 7 17 
6 9 3 9 1 7 6 2 5 7 8 5 5 6 2 3 4 1 2 4 1 4 8 3 9 8 7 5 2 7 9 3 8 8 1 6 4 1 6 2 7 5 4 3 9 9 3 8 6 4 1 2 5 7 1 6 4 8 6 9 5 7 2 8 7 5 3 2 1 6 9 4 3 2 9 7 5 4 1 3 8 118 22 
5 4 3 6 1 7 6 2 8 7 9 8 5 9 2 3 4 1 2 6 1 4 8 3 9 7 5 4 2 7 9 3 8 5 1 6 1 8 6 2 7 5 4 9 3 9 3 5 1 4 6 2 8 7 3 1 4 8 6 9 7 5 2 8 7 5 3 2 1 6 9 4 6 2 9 7 5 4 1 3 8 8 13 
5 4 3 9 1 7 6 2 8 7 6 9 5 8 2 3 4 1 2 1 8 4 6 3 9 7 5 4 2 7 9 3 8 5 1 6 1 8 6 2 7 5 4 3 9 9 3 5 6 4 1 2 8 7 3 5 4 8 9 1 7 6 2 8 7 1 3 2 6 5 9 4 6 9 2 7 5 4 1 8 3 5 12 
4 9 3 5 1 7 6 2 8 7 5 8 9 6 2 3 4 1 2 6 1 4 8 3 9 7 5 4 2 7 9 3 8 5 1 6 1 8 6 2 7 5 4 9 3 9 3 5 6 4 1 2 8 7 5 6 4 8 9 1 7 3 2 8 7 1 3 2 4 6 5 9 3 2 9 7 5 6 1 8 4 9 15 
6 4 3 6 1 7 8 2 5 7 9 8 5 9 2 3 4 1 2 5 1 4 8 3 9 6 7 4 2 7 9 3 8 5 1 6 1 8 6 2 7 5 4 9 3 9 3 5 1 4 6 2 7 8 5 1 4 8 6 9 7 3 2 8 7 9 3 2 1 6 5 4 3 6 2 7 5 4 1 8 9 3 6 
6 4 3 9 1 7 8 2 5 7 5 9 5 8 2 3 4 1 2 1 8 4 6 3 9 6 7 4 2 7 9 3 8 5 1 6 1 8 6 2 7 5 4 9 3 9 3 5 1 4 6 2 7 8 5 6 4 8 9 1 7 3 2 8 7 1 3 2 4 6 5 9 3 9 2 7 5 6 1 8 4 5 11 
6 5 3 4 1 7 6 2 8 7 9 8 5 9 2 3 4 1 2 4 1 6 8 3 9 7 5 4 2 7 9 3 8 5 1 6 1 8 6 2 7 5 4 9 3 9 3 5 1 4 6 2 8 7 5 1 4 8 6 9 7 3 2 8 7 9 3 2 1 6 5 4 3 6 2 7 5 4 1 8 9 5 10 
6 4 3 9 1 7 6 2 5 7 9 8 5 8 2 3 4 1 2 1 5 4 6 3 9 8 7 4 2 7 9 3 8 8 1 6 1 8 6 2 7 5 4 3 9 9 3 5 6 4 1 2 5 7 5 1 4 8 9 1 3 7 2 8 7 9 3 2 4 5 9 4 3 6 2 7 5 6 1 6 8 17 19 
5 9 3 4 1 7 8 2 5 7 6 8 5 9 2 3 4 1 2 4 1 6 8 3 9 6 7 4 2 7 9 3 8 5 1 6 1 8 6 2 7 5 4 9 3 9 3 5 1 4 6 2 7 8 3 5 4 8 6 1 7 3 2 8 7 1 3 2 9 6 5 4 6 2 9 7 5 4 1 8 9 7 12 
6 4 3 4 1 7 6 2 8 7 5 9 5 9 2 3 4 1 2 1 8 6 8 3 9 7 5 4 2 7 9 3 8 5 1 6 1 8 6 2 7 5 4 9 3 9 3 5 1 4 6 2 8 7 5 9 4 8 6 1 7 3 2 8 7 1 3 2 4 6 5 9 3 6 2 7 5 9 1 8 4 8 12 
5 4 3 9 1 7 6 2 8 7 6 9 5 8 2 3 4 1 2 1 8 4 6 3 9 5 7 4 2 7 9 3 8 8 1 6 1 8 6 2 7 5 4 3 9 9 3 5 1 4 6 2 7 5 5 9 4 8 6 1 7 3 2 8 7 1 3 2 9 5 6 4 3 6 2 7 5 4 1 8 9 9 15 
4 9 3 6 1 7 8 2 5 7 6 8 5 9 2 3 4 1 2 1 5 4 8 3 9 6 7 4 2 7 9 3 8 5 1 6 1 8 6 2 7 5 4 3 9 9 3 5 1 4 6 2 7 8 3 5 4 8 6 1 7 9 2 8 7 1 3 2 9 6 5 4 6 2 9 7 5 4 1 8 3 4 6 
5 9 3 4 1 7 6 2 8 7 6 8 5 9 2 3 4 1 2 4 1 6 8 3 9 7 5 4 2 7 9 3 8 5 1 6 1 8 6 2 7 5 4 3 9 9 3 5 1 4 6 2 8 7 3 1 4 8 6 9 7 5 2 8 7 5 3 2 1 6 9 4 6 9 2 7 5 4 1 8 3 5 9 
5 4 3 9 1 7 6 2 8 7 6 9 5 8 2 3 4 1 2 1 8 4 6 3 9 5 7 4 2 7 9 3 8 5 1 6 1 8 6 2 7 5 4 3 9 9 3 5 1 4 6 2 7 8 6 5 4 8 9 1 7 3 2 8 7 1 3 2 4 6 9 5 3 9 2 7 5 6 1 8 4 6 11 
6 9 3 4 1 7 8 2 5 7 5 8 9 6 2 3 4 1 2 4 1 5 8 3 9 6 7 4 2 7 9 3 8 5 1 6 1 8 6 2 7 5 4 3 9 9 3 5 1 4 6 2 7 8 5 6 4 8 9 1 7 5 2 8 7 1 3 2 4 6 9 4 3 2 9 7 5 6 1 8 3 8 12 
4 6 3 9 1 7 8 2 5 7 9 8 5 6 2 3 4 1 2 5 1 4 8 3 9 6 7 4 2 7 9 3 8 5 1 6 1 8 6 2 7 5 4 3 9 9 3 5 6 4 1 2 7 8 3 1 4 8 9 6 7 5 2 8 7 5 3 2 1 6 9 4 6 9 2 7 5 4 1 8 3 6 10 
4 6 3 9 1 7 8 2 5 7 9 8 5 6 2 3 4 1 2 1 5 4 8 3 9 6 7 4 2 7 9 3 8 5 1 6 1 8 6 2 7 5 4 9 3 9 3 5 6 4 1 2 7 8 6 5 4 8 9 1 7 3 2 8 7 1 3 2 4 6 5 9 3 2 9 7 5 6 1 8 4 6 10 
6 4 3 9 1 7 8 2 5 7 5 9 5 6 2 3 4 1 2 1 8 4 8 3 9 6 7 4 2 7 9 3 8 5 1 6 1 8 6 2 7 5 4 3 9 9 3 5 6 4 1 2 8 7 5 6 4 8 9 1 3 7 2 8 7 1 3 2 6 5 9 4 3 9 2 7 5 4 1 6 8 9 14 
6 8 3 9 1 7 8 2 5 7 9 5 5 6 2 3 4 1 2 4 1 4 8 3 9 6 7 4 2 7 6 3 9 8 1 6 5 1 6 2 7 5 4 9 3 9 3 8 1 4 8 2 5 7 3 5 4 8 9 1 7 5 2 8 7 1 3 2 6 6 9 4 6 9 2 7 5 4 1 8 3 217 20 
6 4 3 9 1 7 8 2 5 7 9 8 5 6 2 3 4 1 2 5 1 4 8 3 9 6 7 4 2 7 9 3 8 5 1 6 1 8 6 2 7 5 4 3 9 9 3 5 1 4 6 2 8 7 5 6 4 8 6 1 3 7 2 8 7 1 3 2 9 6 5 4 3 2 9 7 5 4 1 9 8 9 13 
6 9 3 4 1 7 8 2 5 7 5 8 6 9 2 3 4 1 2 4 1 5 8 3 9 6 7 4 2 7 9 3 8 5 1 6 1 8 6 2 7 5 4 9 3 9 3 5 1 4 6 2 8 7 5 1 4 8 6 9 7 3 2 8 7 9 3 2 1 6 5 4 3 6 2 7 5 4 1 9 8 3 4 
4 9 3 5 1 7 6 2 8 7 5 8 9 6 2 3 4 1 2 6 1 4 8 3 9 7 5 4 2 7 9 3 8 8 1 6 1 8 6 2 7 5 4 3 9 9 3 5 6 4 1 2 5 7 5 1 4 8 9 6 7 6 2 8 7 9 3 2 1 5 9 4 3 6 2 7 5 4 1 8 3 10 16 
6 4 3 4 1 7 5 2 8 7 9 8 5 9 2 3 4 1 2 1 5 6 8 3 9 6 7 4 2 7 9 3 8 8 1 6 1 8 6 2 7 5 4 3 9 9 3 5 1 4 6 2 5 7 3 5 4 8 6 9 3 7 2 8 7 1 3 2 1 6 9 5 6 2 9 7 5 4 1 8 4 14 17 
4 6 3 9 1 7 6 2 8 7 9 8 5 6 2 3 4 1 2 1 5 4 8 3 9 7 5 4 2 7 9 3 8 5 1 6 1 8 6 2 7 5 4 9 3 9 3 5 1 4 6 2 8 7 6 5 4 8 9 1 7 3 2 8 7 1 3 2 6 5 9 4 3 9 2 7 5 4 1 6 8 11 16 
5 6 3 4 1 7 8 2 5 7 9 8 6 9 2 3 4 1 2 4 1 5 8 3 9 6 7 4 2 7 9 3 8 5 1 6 1 8 6 2 7 5 4 3 9 9 3 5 1 4 6 2 7 8 3 5 4 8 6 1 7 9 2 8 7 1 3 2 9 6 5 4 6 2 9 7 5 4 1 8 3 5 8 
6 4 3 4 1 7 5 2 8 7 9 5 9 8 2 3 4 1 2 1 8 5 6 3 9 6 7 4 2 7 9 3 8 5 1 6 1 8 6 2 7 5 4 9 3 9 3 5 1 4 6 2 8 7 3 5 4 8 9 6 7 3 2 8 7 1 3 2 1 6 5 4 6 2 9 7 5 4 1 8 9 15 17 
5 9 3 4 1 7 6 2 5 7 6 8 9 8 2 3 4 1 2 4 1 5 6 3 9 7 8 4 2 7 9 3 8 5 1 6 1 8 6 2 7 5 4 9 3 9 3 5 6 4 1 2 8 7 1 5 4 8 9 6 7 3 2 8 7 9 3 2 1 5 6 4 3 6 2 7 5 4 1 9 8 10 15 
6 9 3 4 1 7 5 2 8 7 5 8 6 9 2 3 4 1 2 4 1 5 8 3 9 6 7 4 2 7 9 3 8 8 1 6 1 8 6 2 7 5 4 9 3 9 3 5 1 4 6 2 7 5 5 1 4 8 6 9 7 3 2 8 7 9 3 2 1 6 5 4 3 6 2 7 5 4 1 8 9 3 4 
4 9 3 4 1 7 6 2 8 7 6 5 6 9 2 3 4 1 2 1 8 5 8 3 9 5 7 4 2 7 9 3 8 8 1 6 1 8 6 2 7 5 4 9 3 9 3 5 1 4 6 2 7 5 3 5 4 8 9 6 5 7 2 8 7 1 3 2 1 6 9 4 6 9 2 7 5 4 1 8 3 18 17 
6 9 3 4 1 7 8 2 5 7 5 8 6 9 2 3 4 1 2 4 1 5 8 3 9 6 7 4 2 7 9 3 8 5 1 6 1 8 6 2 7 5 4 3 9 9 3 5 1 4 6 2 7 8 5 1 4 8 6 9 7 3 2 8 7 9 3 2 1 6 5 4 3 6 2 7 5 4 1 9 8 3 4 
5 6 3 4 1 7 8 2 5 7 9 8 9 6 2 3 4 1 2 4 1 5 8 3 9 6 7 4 2 7 9 3 8 5 1 6 1 8 6 2 7 5 4 9 3 9 3 5 1 4 6 2 8 7 3 5 4 8 9 1 6 7 2 8 7 1 3 2 6 5 9 4 6 2 9 7 5 4 1 3 8 10 14 
6 5 3 4 1 7 6 2 8 7 9 8 5 9 2 3 4 1 2 4 1 6 8 3 9 5 7 4 2 7 9 3 8 5 1 6 1 8 6 2 7 5 4 3 9 9 3 5 6 4 1 2 7 8 5 1 4 8 6 1 7 3 2 8 7 9 3 2 4 5 6 9 3 6 2 7 5 9 1 8 4 11 15 
4 9 3 6 1 7 5 2 8 7 6 8 5 9 2 3 4 1 2 1 5 4 8 3 9 6 7 4 2 7 9 3 8 8 1 6 1 8 6 2 7 5 4 9 3 9 3 5 1 4 6 2 7 5 5 9 4 8 6 1 7 3 2 8 7 1 3 2 4 5 6 9 3 6 2 7 5 9 1 8 4 9 12 
6 4 3 9 1 7 8 2 5 7 9 8 5 6 2 3 4 1 2 5 1 4 8 3 9 6 7 4 2 7 9 3 8 5 1 6 1 8 6 2 7 5 4 3 9 9 3 5 1 4 6 2 8 7 5 1 4 8 9 6 7 3 2 8 7 9 3 2 1 6 5 4 3 6 2 7 5 4 1 9 8 5 8 
6 9 3 4 1 7 8 2 5 7 5 8 6 9 2 3 4 1 2 4 1 5 8 3 9 6 7 4 2 7 9 3 8 5 1 6 1 8 6 2 7 5 4 9 3 9 3 5 1 4 6 2 7 8 5 1 4 8 6 9 7 3 2 8 7 2 3 2 1 6 5 9 3 6 9 7 5 4 1 8 4 3 4 
5 4 3 9 1 7 8 2 5 7 6 9 5 8 2 3 4 1 2 1 8 4 6 3 9 6 7 4 2 7 9 3 8 5 1 6 1 8 6 2 7 5 4 3 9 9 3 5 6 4 1 2 8 7 6 5 4 8 9 1 3 7 2 8 7 1 3 2 4 6 5 4 3 9 2 7 5 6 1 9 8 9 11 
4 9 3 5 1 7 6 2 8 7 6 5 9 8 2 3 4 1 2 1 8 4 6 3 9 7 5 4 2 7 9 3 8 5 1 6 1 8 6 2 7 5 4 9 3 9 3 5 1 4 6 2 8 7 3 5 4 8 6 1 7 3 2 8 7 1 3 2 4 6 5 9 6 2 9 7 5 9 1 8 4 10 13 
5 4 3 9 1 7 6 2 8 7 6 9 5 8 2 3 4 1 2 1 8 4 6 3 9 5 7 4 2 7 9 3 8 5 1 6 1 8 6 2 7 5 4 3 9 9 3 5 1 4 6 2 7 8 3 5 4 8 6 1 7 9 2 8 7 1 3 2 9 5 6 4 6 9 2 7 5 4 1 8 3 5 8 
6 4 3 4 1 7 8 2 5 7 5 9 6 9 2 3 4 1 2 1 8 5 8 3 9 6 7 4 2 7 9 3 8 5 1 6 1 8 6 2 7 5 4 9 3 9 3 5 1 4 6 2 7 8 5 9 4 8 6 1 7 3 2 8 7 1 3 2 4 6 5 9 3 6 2 7 5 9 1 8 4 4 4 
5 9 3 4 1 7 6 2 8 7 6 8 5 9 2 3 4 1 2 4 1 6 8 3 9 7 5 4 2 7 9 3 8 5 1 6 1 8 6 2 7 5 4 3 9 9 3 5 1 4 6 2 8 7 1 5 4 8 6 9 7 3 2 8 7 9 3 2 1 5 6 4 3 6 2 7 5 4 1 9 8 6 9 
6 5 3 9 1 7 6 2 8 7 9 8 5 8 2 3 4 1 2 4 1 4 6 3 9 5 7 4 2 7 9 3 8 5 1 6 1 8 6 2 7 5 4 9 3 9 3 5 6 4 1 2 7 8 5 6 4 8 9 1 7 3 2 8 7 1 3 2 4 5 6 9 3 2 9 7 5 6 1 8 4 10 12 
4 9 3 5 1 7 6 2 8 7 6 5 9 8 2 3 4 1 2 1 8 4 6 3 9 7 5 4 2 7 9 3 8 8 1 6 1 8 6 2 7 5 4 3 9 9 3 5 1 4 6 2 5 7 1 5 4 8 9 1 7 6 2 8 7 2 3 2 6 5 9 4 3 6 9 7 5 4 1 8 3 12 14 
5 6 3 6 1 7 8 2 5 7 8 9 5 9 2 3 4 1 2 4 1 4 8 3 9 6 7 4 2 7 9 3 8 5 1 6 1 8 6 2 7 5 4 9 3 9 3 5 1 4 6 2 8 7 6 5 4 8 6 9 7 3 2 8 7 1 3 2 1 6 5 9 3 9 2 7 5 4 1 8 4 12 13 
6 4 3 5 1 7 6 2 8 7 5 9 6 9 2 3 4 1 2 1 8 4 8 3 9 5 7 4 2 7 9 3 8 8 1 6 1 8 6 2 7 5 4 9 3 9 3 5 1 4 6 2 7 5 5 9 4 8 6 1 7 3 2 8 7 1 3 2 4 5 6 9 3 6 2 7 5 9 1 8 4 6 9 
5 4 3 4 1 7 6 2 8 7 6 9 5 9 2 3 4 1 2 1 8 6 8 3 9 7 5 4 2 7 9 3 8 8 1 6 1 8 6 2 7 5 4 3 9 9 3 5 1 4 6 2 5 7 3 5 4 8 6 1 7 9 2 8 7 1 3 2 9 5 6 4 6 9 2 7 5 4 1 8 3 6 8 
6 5 3 4 1 7 6 2 8 7 8 9 5 9 2 3 4 1 2 4 1 6 8 3 9 7 5 4 2 7 9 3 8 5 1 6 1 8 6 2 7 5 4 3 9 9 3 5 1 4 6 2 7 8 5 9 4 8 6 1 7 9 2 8 7 1 3 2 9 6 5 4 3 6 2 7 5 4 1 8 3 10 12 
6 4 3 4 1 7 6 2 5 7 8 9 6 9 2 3 4 1 2 5 1 5 8 3 9 7 8 4 2 7 9 3 8 5 1 6 1 8 6 2 7 5 4 9 3 9 3 5 6 4 1 2 8 7 5 6 4 8 6 9 7 3 2 8 7 1 3 2 1 6 5 9 3 9 2 7 5 4 1 8 4 15 13 
5 4 3 4 1 7 8 2 5 7 9 8 9 8 2 3 4 1 2 6 1 5 6 3 9 6 7 4 2 7 9 3 8 5 1 6 1 8 6 2 7 5 4 9 3 9 3 5 6 4 1 2 7 8 3 1 4 8 9 1 7 3 2 8 7 5 3 2 4 6 5 9 6 2 9 7 5 6 1 8 4 16 13 
6 9 3 9 1 7 6 2 8 7 5 8 5 8 2 3 4 1 2 4 1 4 6 3 9 5 7 4 2 7 9 3 8 5 1 6 1 8 6 2 7 5 4 3 9 9 3 5 6 4 1 2 7 8 6 5 4 8 9 1 7 9 2 8 7 1 3 2 6 6 5 4 3 9 2 7 5 4 1 8 3 18 14 
6 4 3 4 1 7 6 2 5 7 9 8 5 9 2 3 4 1 2 5 1 6 8 3 9 7 8 4 2 7 9 3 8 5 1 6 1 8 6 2 7 5 4 9 3 9 3 5 6 4 1 2 8 7 3 5 4 8 9 6 7 9 2 8 7 1 3 2 1 6 5 4 6 2 9 7 5 4 1 8 3 18 14 
6 9 3 4 1 7 8 2 5 7 5 8 6 9 2 3 4 1 2 4 1 5 8 3 9 6 7 4 2 7 9 3 8 5 1 6 1 8 6 2 7 5 4 3 9 9 3 5 1 4 6 2 7 8 5 1 4 8 6 9 7 9 2 8 7 9 3 2 1 6 5 4 3 6 2 7 5 4 1 8 3 3 3 
6 9 3 5 1 7 6 2 8 7 5 8 6 9 2 3 4 1 2 4 1 4 8 3 9 7 5 4 2 7 9 3 8 5 1 6 1 8 6 2 7 5 4 9 3 9 3 5 1 4 6 2 8 7 5 1 4 8 6 9 7 3 2 8 7 9 3 2 1 5 6 4 3 6 2 7 5 4 1 8 9 5 7 
6 9 3 5 1 7 6 2 8 7 5 8 9 8 2 3 4 1 2 4 1 4 6 3 9 7 5 4 2 7 9 3 8 5 1 6 1 8 6 2 7 5 4 3 9 9 3 5 1 4 6 2 8 7 5 6 4 8 9 1 7 6 2 8 7 1 3 2 6 5 9 4 3 9 2 7 5 4 1 8 3 12 12 
5 9 3 4 1 7 6 2 8 7 6 8 5 9 2 3 4 1 2 4 1 6 8 3 9 5 7 4 2 7 9 3 8 8 1 6 1 8 6 2 7 5 4 3 9 9 3 5 1 4 6 2 7 5 3 5 4 8 6 1 7 9 2 8 7 1 3 2 9 5 6 4 6 9 2 7 5 4 1 8 3 5 7 
5 4 3 9 1 7 6 2 8 7 6 9 5 8 2 3 4 1 2 1 8 4 6 3 9 5 7 4 2 7 9 3 8 8 1 6 1 8 6 2 7 5 4 3 9 9 3 5 6 4 1 2 7 5 6 5 4 8 9 1 7 3 2 8 7 1 3 2 6 5 9 4 3 9 2 7 5 4 1 6 8 7 10 
5 6 3 4 1 7 8 2 5 7 8 9 6 9 2 3 4 1 2 4 1 5 8 3 9 6 7 4 2 7 9 3 8 5 1 6 1 8 6 2 7 5 4 9 3 9 3 5 1 4 6 2 7 8 6 5 4 8 9 1 7 3 2 8 7 1 3 2 4 6 5 9 3 9 2 7 5 6 1 8 4 7 9 
4 9 3 6 1 7 8 2 5 7 6 8 5 9 2 3 4 1 2 5 1 4 8 3 9 6 7 4 2 7 9 3 8 5 1 6 1 8 6 2 7 5 4 9 3 9 3 5 1 4 6 2 7 8 5 1 4 8 6 9 7 3 2 8 7 9 3 2 1 6 5 4 3 6 2 7 5 4 1 8 9 3 3 
6 9 3 4 1 7 6 2 5 7 5 8 9 8 2 3 4 1 2 4 1 5 6 3 9 7 8 4 2 7 9 3 8 5 1 6 1 8 6 2 7 5 4 9 3 9 3 5 1 4 6 2 8 7 5 1 4 8 6 9 7 3 2 8 7 9 3 2 1 6 5 4 3 6 2 7 5 4 1 8 9 7 8 
5 4 3 9 1 7 8 2 5 7 6 9 5 8 2 3 4 1 2 1 8 4 6 3 9 6 7 4 2 7 9 3 8 5 1 6 1 8 6 2 7 5 4 3 9 9 3 5 6 4 1 2 7 8 3 1 4 8 6 9 7 5 2 8 7 5 3 2 1 6 9 4 6 9 2 7 5 4 1 8 3 8 10 
5 4 3 9 1 7 6 2 8 7 6 9 5 8 2 3 4 1 2 1 8 4 6 3 9 5 7 4 2 7 9 3 8 8 1 6 1 8 6 2 7 5 4 3 9 9 3 5 1 4 6 2 7 5 3 5 4 8 9 1 7 6 2 8 7 1 3 2 6 5 9 4 6 9 2 7 5 4 1 8 3 5 6 
6 5 3 4 1 7 8 2 5 7 9 8 9 6 2 3 4 1 2 4 1 5 8 3 9 6 7 4 2 7 9 3 8 5 1 6 1 8 6 2 7 5 4 9 3 9 3 5 6 4 1 2 7 8 5 1 4 8 9 1 7 3 2 8 7 2 3 2 4 6 5 9 3 6 9 7 5 6 1 8 4 8 9 
6 4 3 9 1 7 8 2 5 7 8 9 5 6 2 3 4 1 2 1 5 4 8 3 9 6 7 4 2 7 9 3 8 5 1 6 1 8 6 2 7 5 4 3 9 9 3 5 1 4 6 2 7 8 5 6 4 8 6 1 7 9 2 8 7 1 3 2 9 6 5 4 3 9 2 7 5 4 1 8 3 7 8 
5 9 3 5 1 7 6 2 8 7 6 8 9 8 2 3 4 1 2 4 1 4 6 3 9 7 5 4 2 7 9 3 8 8 1 6 1 8 6 2 7 5 4 9 3 9 3 5 1 4 6 2 5 7 6 5 4 8 9 1 7 3 2 8 7 1 3 2 4 5 6 4 3 2 9 7 5 6 1 8 9 12 12 
5 4 3 9 1 7 6 2 8 7 6 9 5 8 2 3 4 1 2 1 8 4 6 3 9 5 7 4 2 7 9 3 8 5 1 6 1 8 6 2 7 5 4 9 3 9 3 5 1 4 6 2 7 8 5 9 4 8 6 1 7 3 2 8 7 1 3 2 4 5 6 9 3 6 2 7 5 9 1 8 4 7 8 
5 4 3 9 1 7 6 2 8 7 9 8 5 8 2 3 4 1 2 6 1 4 6 3 9 5 7 4 2 7 9 3 8 8 1 6 1 8 6 2 7 5 4 3 9 9 3 5 1 4 6 2 7 5 3 1 4 8 9 6 7 9 2 8 7 5 3 2 1 5 6 4 6 2 9 7 5 4 1 3 8 13 12 
6 4 3 9 1 7 5 2 8 7 9 8 5 6 2 3 4 1 2 1 5 4 8 3 9 6 7 4 2 7 9 3 8 8 1 6 1 8 6 2 7 5 4 9 3 9 3 5 1 4 6 2 7 5 5 9 4 8 6 1 7 3 2 8 7 1 3 2 9 6 5 4 3 6 2 7 5 4 1 8 9 7 8 
5 4 3 9 1 7 6 2 8 7 9 8 5 6 2 3 4 1 2 6 1 4 8 3 9 5 7 4 2 7 9 3 8 5 1 6 1 8 6 2 7 5 4 9 3 9 3 5 1 4 6 2 7 8 1 5 4 8 6 9 7 3 2 8 7 9 3 2 1 5 6 4 3 6 2 7 5 4 1 8 9 7 8 
5 9 3 4 1 7 8 2 5 7 6 8 5 9 2 3 4 1 2 4 1 6 8 3 9 6 7 4 2 7 9 3 8 5 1 6 1 8 6 2 7 5 4 3 9 9 3 5 1 4 6 2 7 8 3 5 4 8 6 1 7 9 2 8 7 1 3 2 9 6 5 4 6 9 2 7 5 4 1 8 3 5 6 
6 4 3 9 1 7 6 2 8 7 5 9 5 8 2 3 4 1 2 1 8 4 6 3 9 7 5 4 2 7 9 3 8 5 1 6 1 8 6 2 7 5 4 9 3 9 3 5 1 4 6 2 8 7 5 9 4 8 6 1 7 3 2 8 7 1 3 2 9 6 5 4 3 6 2 7 5 4 1 9 8 8 9 
4 6 3 5 1 7 6 2 8 7 9 5 6 9 2 3 4 1 2 1 8 4 8 3 9 7 5 4 2 7 9 3 8 5 1 6 1 8 6 2 7 5 4 9 3 9 3 5 1 4 6 2 8 7 3 5 4 8 6 1 7 9 2 8 7 1 3 2 9 6 5 4 6 2 9 7 5 4 1 3 8 10 11 
6 4 3 5 1 7 8 2 5 7 9 8 6 9 2 3 4 1 2 5 1 4 8 3 9 6 7 4 2 7 9 3 8 5 1 6 1 8 6 2 7 5 4 9 3 9 3 5 1 4 6 2 7 8 5 1 4 8 6 9 7 3 2 8 7 9 3 2 1 6 5 4 3 6 2 7 5 4 1 8 9 3 2 
5 4 3 6 1 7 8 2 5 7 8 9 5 9 2 3 4 1 2 6 1 4 8 3 9 6 7 4 2 7 9 3 8 5 1 6 1 8 6 2 7 5 4 3 9 9 3 5 1 4 6 2 7 8 3 1 4 8 6 9 7 5 2 8 7 5 3 2 1 6 9 4 6 9 2 7 5 4 1 8 3 6 7 
6 4 3 9 1 7 6 2 5 7 5 9 5 8 2 3 4 1 2 1 8 4 6 3 9 8 7 4 2 7 9 3 8 5 1 6 1 8 6 2 7 5 4 9 3 9 3 5 6 4 1 2 7 8 5 6 4 8 9 1 7 3 2 8 7 1 3 2 6 5 9 4 3 9 2 7 5 4 1 6 8 9 10 
6 9 3 4 1 7 6 2 5 7 5 8 9 8 2 3 4 1 2 4 1 5 6 3 9 8 7 4 2 7 9 3 8 5 1 6 1 8 6 2 7 5 4 9 3 9 3 5 1 4 6 2 7 8 1 5 4 8 6 9 7 3 2 8 7 9 3 2 1 5 6 4 3 6 2 7 5 4 1 9 8 10 10 
4 5 3 9 1 7 5 2 8 7 9 8 5 6 2 3 4 1 2 6 1 4 8 3 9 6 7 4 2 7 9 3 8 8 1 6 1 8 6 2 7 5 4 9 3 9 3 5 6 4 1 2 7 5 6 1 4 8 9 6 7 3 2 8 7 5 3 2 1 6 5 9 3 9 2 7 5 4 1 8 4 13 12 
5 4 3 4 1 7 6 2 8 7 6 9 5 9 2 3 4 1 2 1 8 6 8 3 9 7 5 4 2 7 9 3 8 5 1 6 1 8 6 2 7 5 4 3 9 9 3 5 6 4 1 2 7 8 5 1 4 8 6 9 7 9 2 8 7 9 3 2 1 5 6 4 3 6 2 7 5 4 1 8 3 15 12 
5 4 3 9 1 7 8 2 5 7 6 9 5 8 2 3 4 1 2 1 8 4 6 3 9 6 7 4 2 7 9 3 8 5 1 6 1 8 6 2 7 5 4 9 3 9 3 5 6 4 1 2 7 8 6 5 4 8 9 1 7 3 2 8 7 1 3 2 4 6 5 9 3 9 2 7 5 6 1 8 4 5 6 
4 9 3 6 1 7 6 2 8 7 5 8 5 9 2 3 4 1 2 6 1 4 8 3 9 7 5 4 2 7 9 3 8 5 1 6 1 8 6 2 7 5 4 9 3 9 3 5 1 4 6 2 8 7 5 1 4 8 6 9 7 3 2 8 7 9 3 2 1 6 5 4 3 6 2 7 5 4 1 9 8 8 8 
5 9 3 5 1 7 6 2 8 7 6 8 9 8 2 3 4 1 2 4 1 4 6 3 9 7 5 4 2 7 9 3 8 5 1 6 1 8 6 2 7 5 4 9 3 9 3 5 1 4 6 2 7 8 6 1 4 8 6 9 7 5 2 8 7 5 3 2 1 6 9 4 3 9 2 7 5 4 1 8 3 15 11 
6 9 3 4 1 7 8 2 5 7 5 8 6 9 2 3 4 1 2 4 1 5 8 3 9 6 7 4 2 7 9 3 8 5 1 6 1 8 6 2 7 5 4 9 3 9 3 5 1 4 6 2 7 8 5 1 4 8 6 1 7 3 2 8 7 9 3 2 4 6 5 9 3 6 2 7 5 9 1 8 4 3 2 
4 9 3 9 1 7 6 2 8 7 5 8 5 6 2 3 4 1 2 6 1 4 8 3 9 7 5 4 2 7 9 3 8 8 1 6 1 8 6 2 7 5 4 3 9 9 3 5 1 4 6 2 5 7 5 1 4 8 9 1 7 3 2 8 7 9 3 2 4 6 5 9 3 6 2 7 5 6 1 8 4 16 12 
5 4 3 4 1 7 6 2 8 7 6 9 5 9 2 3 4 1 2 1 8 6 8 3 9 7 5 4 2 7 9 3 8 5 1 6 1 8 6 2 7 5 4 3 9 9 3 5 1 4 6 2 8 7 3 5 4 8 6 1 7 9 2 8 7 1 3 2 9 6 5 4 6 9 2 7 5 4 1 3 8 7 6 

