MonoObjective Genetic Algorithm
Number of Evaluations = 0
Mutation Probability = 0.0100000000000000002
Crossover Probability = 0.5
Population Size = 100
Survival Selection Type = 16

Time =  300.023540000000025

Current Evaluation = 104900
Front Size = 100
6 9 3 4 1 7 8 2 5 7 5 8 6 9 2 3 4 1 2 4 1 5 8 3 9 6 7 4 2 7 9 3 8 5 1 6 1 8 6 2 7 5 4 9 3 9 3 5 1 4 6 2 7 8 5 1 4 8 6 9 7 3 2 8 7 9 3 2 1 6 5 4 3 6 2 7 5 4 1 8 9 1 4 
5 4 3 6 1 7 8 2 5 7 6 9 5 9 2 3 4 1 2 1 8 4 8 3 9 6 7 4 2 7 9 3 8 5 1 6 1 8 6 2 7 5 4 3 9 9 3 5 1 4 6 2 7 8 3 5 4 8 6 1 7 9 2 8 7 1 3 2 9 6 5 4 6 9 2 7 5 4 1 8 3 4 20 
6 4 3 9 1 7 6 2 8 7 8 9 5 6 2 3 4 1 2 5 1 4 8 3 9 7 5 4 2 7 9 3 8 5 1 6 1 8 6 2 7 5 4 9 3 9 3 5 6 4 1 2 8 7 5 6 4 8 9 1 7 3 2 8 7 1 3 2 4 6 5 9 3 9 2 7 5 6 1 8 4 9 25 
4 9 3 4 1 7 6 2 8 7 6 5 9 8 2 3 4 1 2 1 8 5 6 3 9 7 5 5 4 7 9 3 8 8 1 6 1 2 6 2 7 5 4 9 3 9 3 8 1 4 6 2 7 5 1 6 4 8 6 1 7 3 2 8 7 5 3 2 4 5 6 4 3 9 2 7 5 9 1 9 8 123 29 
4 9 3 6 1 7 8 2 5 7 6 8 5 9 2 3 4 1 2 5 1 4 8 3 9 6 7 4 2 7 9 3 8 5 1 6 1 8 6 2 7 5 4 3 9 9 3 5 1 4 6 2 7 8 3 1 4 8 6 9 7 5 2 8 7 5 3 2 1 6 9 4 6 2 9 7 5 4 1 8 3 4 13 
4 6 3 9 1 7 6 2 8 7 9 8 5 6 2 3 4 1 2 1 5 4 8 3 9 5 7 5 4 7 9 3 8 8 1 6 1 8 6 2 7 5 4 3 9 9 3 2 6 4 1 2 7 5 5 6 4 8 6 9 3 7 2 8 7 1 3 2 1 6 5 4 3 2 9 7 5 4 1 9 8 118 25 
6 4 3 9 1 7 8 2 5 7 9 8 5 6 2 3 4 1 2 5 1 4 8 3 9 6 7 4 2 7 9 3 8 5 1 6 1 8 6 2 7 5 4 3 9 9 3 5 6 4 1 2 8 7 5 1 4 8 9 6 3 7 2 8 7 9 3 2 1 6 5 4 3 6 2 7 5 4 1 9 8 5 19 
6 4 3 5 1 7 6 2 8 7 5 9 6 9 2 3 4 1 2 1 8 4 8 3 9 7 5 4 2 7 9 3 8 8 1 6 1 8 6 2 7 5 4 9 3 9 3 5 1 4 6 2 5 7 5 9 4 8 6 1 7 3 2 8 7 1 3 2 9 5 6 4 3 6 2 7 5 4 1 8 9 6 19 
5 4 3 9 1 7 6 2 8 7 6 9 5 8 2 3 4 1 2 1 8 4 6 3 9 7 5 4 2 7 9 3 8 8 1 6 1 8 6 2 7 5 4 3 9 9 3 5 6 4 1 2 5 7 3 5 4 8 9 1 7 6 2 8 7 1 3 2 6 5 9 4 6 9 2 7 5 4 1 8 3 5 17 
6 9 3 9 1 7 6 2 5 7 8 5 5 6 2 3 4 1 2 4 1 4 8 3 9 8 7 4 8 7 1 3 9 5 1 6 5 1 6 2 7 5 4 9 3 9 3 2 6 4 8 2 8 7 1 6 4 8 6 9 5 7 2 8 7 5 3 2 1 4 6 9 3 2 9 7 5 4 1 3 8 420 27 
6 4 3 4 1 7 5 2 8 7 9 8 9 6 2 3 4 1 2 1 5 5 8 3 9 6 7 5 4 7 1 3 9 8 1 6 1 8 6 2 7 5 4 3 9 9 3 2 6 4 8 2 5 7 3 1 4 8 9 1 7 6 2 8 7 5 3 2 4 5 9 4 6 9 2 7 5 6 1 8 3 219 22 
5 9 3 4 1 7 6 2 8 7 6 8 5 9 2 3 4 1 2 4 1 6 8 3 9 7 5 4 2 7 9 3 8 5 1 6 1 8 6 2 7 5 4 3 9 9 3 5 1 4 6 2 8 7 3 5 4 8 6 1 7 9 2 8 7 1 3 2 9 5 6 4 6 2 9 7 5 4 1 8 3 5 16 
6 4 3 9 1 7 8 2 5 7 9 8 5 6 2 3 4 1 2 5 1 4 8 3 9 6 7 4 2 7 9 3 8 5 1 6 1 8 6 2 7 5 4 9 3 9 3 5 1 4 6 2 7 8 5 1 4 8 9 6 7 3 2 8 7 9 3 2 1 6 5 4 3 6 2 7 5 4 1 8 9 3 9 
4 9 3 5 1 7 6 2 8 7 5 8 9 6 2 3 4 1 2 6 1 4 8 3 9 5 7 4 2 7 9 3 8 8 1 6 1 8 6 2 7 5 4 3 9 9 3 5 6 4 1 2 7 5 5 1 4 8 9 1 7 6 2 8 7 9 3 2 6 5 9 4 3 6 2 7 5 4 1 8 3 10 19 
5 4 3 9 1 7 8 2 5 7 6 9 5 8 2 3 4 1 2 1 8 4 6 3 9 6 7 4 2 7 9 3 8 5 1 6 1 8 6 2 7 5 4 9 3 9 3 5 6 4 1 2 7 8 6 5 4 8 9 1 7 3 2 8 7 1 3 2 4 6 5 9 3 9 2 7 5 6 1 8 4 5 14 
6 4 3 5 1 7 5 2 8 7 9 5 6 9 2 3 4 1 2 1 8 4 8 3 9 6 7 4 2 7 9 3 8 5 1 6 1 8 6 2 7 5 4 3 9 9 3 5 6 4 1 2 8 7 5 6 4 8 6 1 3 7 2 8 7 1 3 2 9 6 9 5 3 2 9 7 5 4 1 8 4 15 19 
6 4 3 5 1 7 8 2 5 7 8 9 6 9 2 3 4 1 2 5 1 4 8 3 9 6 7 4 2 7 9 3 8 5 1 6 1 8 6 2 7 5 4 3 9 9 3 5 1 4 6 2 7 8 5 9 4 8 6 1 7 3 2 8 7 1 3 2 4 6 9 5 3 6 2 7 5 9 1 8 4 7 16 
6 9 3 4 1 7 8 2 5 7 5 8 6 9 2 3 4 1 2 4 1 5 8 3 9 6 7 4 2 7 9 3 8 5 1 6 1 8 6 2 7 5 4 3 9 9 3 5 1 4 6 2 8 7 5 1 4 8 6 9 3 7 2 8 7 9 3 2 1 6 5 4 3 6 2 7 5 4 1 9 8 3 8 
6 4 3 4 1 7 8 2 5 7 5 9 6 9 2 3 4 1 2 1 8 5 8 3 9 6 7 4 2 7 9 3 8 5 1 6 1 8 6 2 7 5 4 9 3 9 3 5 1 4 6 2 7 8 5 9 4 8 6 1 7 3 2 8 7 1 3 2 4 6 5 9 3 6 2 7 5 9 1 8 4 4 9 
5 9 3 4 1 7 6 2 5 7 6 8 9 8 2 3 4 1 2 4 1 5 6 3 9 7 8 4 2 7 9 3 8 5 1 6 1 8 6 2 7 5 4 9 3 9 3 5 6 4 1 2 8 7 6 5 4 8 9 1 7 3 2 8 7 1 3 2 6 5 9 4 3 2 9 7 5 4 1 6 8 10 18 
4 9 3 6 1 7 8 2 5 7 6 8 5 9 2 3 4 1 2 5 1 4 8 3 9 6 7 4 2 7 9 3 8 5 1 6 1 8 6 2 7 5 4 9 3 9 3 5 1 4 6 2 7 8 5 1 4 8 6 9 7 3 2 8 7 9 3 2 1 6 5 4 3 6 2 7 5 4 1 8 9 3 6 
5 9 3 4 1 7 6 2 8 7 6 8 5 9 2 3 4 1 2 4 1 6 8 3 9 7 5 4 2 7 9 3 8 8 1 6 1 8 6 2 7 5 4 9 3 9 3 5 1 4 6 2 5 7 1 5 4 8 6 9 7 3 2 8 7 9 3 2 1 5 6 4 3 6 2 7 5 4 1 8 9 5 13 
6 9 3 4 1 7 8 2 5 7 5 8 9 6 2 3 4 1 2 4 1 5 8 3 9 6 7 4 2 7 9 3 8 5 1 6 1 8 6 2 7 5 4 9 3 9 3 5 6 4 1 2 7 8 5 6 4 8 9 1 7 3 2 8 7 1 3 2 4 6 5 9 3 2 9 7 5 6 1 8 4 5 13 
5 4 3 9 1 7 6 2 8 7 9 8 5 6 2 3 4 1 2 6 1 4 8 3 9 5 7 4 2 7 9 3 8 5 1 6 1 8 6 2 7 5 4 9 3 9 3 5 1 4 6 2 7 8 6 5 4 8 9 1 7 3 2 8 7 1 3 2 4 5 6 9 3 2 9 7 5 6 1 8 4 7 15 
6 9 3 4 1 7 8 2 5 7 5 8 9 6 2 3 4 1 2 4 1 5 8 3 9 6 7 4 2 7 9 3 8 5 1 6 1 8 6 2 7 5 4 9 3 9 3 5 6 4 1 2 7 8 5 1 4 8 9 6 7 3 2 8 7 9 3 2 1 6 5 4 3 6 2 7 5 4 1 8 9 3 6 
6 9 3 4 1 7 8 2 5 7 5 8 6 9 2 3 4 1 2 4 1 5 8 3 9 6 7 4 2 7 9 3 8 5 1 6 1 8 6 2 7 5 4 3 9 9 3 5 1 4 6 2 7 8 3 1 4 8 6 9 7 5 2 8 7 5 3 2 1 6 9 4 6 9 2 7 5 4 1 8 3 4 8 
4 9 3 5 1 7 6 2 8 7 5 8 6 9 2 3 4 1 2 6 1 4 8 3 9 5 7 4 2 7 9 3 8 8 1 6 1 8 6 2 7 5 4 9 3 9 3 5 1 4 6 2 7 5 5 1 4 8 6 9 7 3 2 8 7 9 3 2 1 5 6 4 3 6 2 7 5 4 1 8 9 5 11 
6 4 3 5 1 7 6 2 8 7 5 9 9 8 2 3 4 1 2 1 8 4 6 3 9 7 5 5 2 7 9 3 8 8 1 6 4 1 6 2 7 5 4 3 9 9 3 8 6 4 1 2 5 7 1 6 4 8 6 9 7 5 2 8 7 5 3 2 1 6 9 4 3 9 2 7 5 4 1 8 3 114 17 
5 4 3 9 1 7 6 2 8 7 6 9 5 8 2 3 4 1 2 1 8 4 6 3 9 5 7 4 2 7 9 3 8 8 1 6 1 8 6 2 7 5 4 3 9 9 3 5 1 4 6 2 7 5 3 5 4 8 6 1 7 9 2 8 7 1 3 2 9 5 6 4 6 9 2 7 5 4 1 8 3 5 10 
6 9 3 4 1 7 8 2 5 7 5 8 6 9 2 3 4 1 2 4 1 5 8 3 9 6 7 4 2 7 9 3 8 5 1 6 1 8 6 2 7 5 4 3 9 9 3 5 1 4 6 2 7 8 5 1 4 8 6 1 7 9 2 8 7 2 3 2 9 6 5 4 3 6 9 7 5 4 1 8 3 4 8 
4 5 3 9 1 7 6 2 8 7 6 9 5 8 2 3 4 1 2 1 8 4 6 3 9 5 7 4 2 7 9 3 8 5 1 6 1 8 6 2 7 5 4 9 3 9 3 5 1 4 6 2 7 8 5 9 4 8 6 1 7 3 2 8 7 1 3 2 4 5 6 9 3 6 2 7 5 9 1 8 4 7 13 
5 4 3 9 1 7 6 2 8 7 6 9 5 8 2 3 4 1 2 1 8 4 6 3 9 7 5 4 2 7 9 3 8 5 1 6 1 8 6 2 7 5 4 9 3 9 3 5 1 4 6 2 8 7 3 5 4 8 6 1 7 9 2 8 7 1 3 2 9 6 5 4 6 9 2 7 5 4 1 3 8 6 11 
4 9 3 6 1 7 8 2 5 7 6 8 5 9 2 3 4 1 2 1 5 4 8 3 9 6 7 4 2 7 9 3 8 5 1 6 1 8 6 2 7 5 4 9 3 9 3 5 1 4 6 2 7 8 6 5 4 8 9 1 7 3 2 8 7 1 3 2 4 6 5 9 3 2 9 7 5 6 1 8 4 6 11 
6 4 3 5 1 7 8 2 5 7 5 9 6 9 2 3 4 1 2 1 8 4 8 3 9 6 7 4 2 7 9 3 8 5 1 6 1 8 6 2 7 5 4 9 3 9 3 5 1 4 6 2 7 8 5 9 4 8 6 1 7 3 2 8 7 1 3 2 9 6 5 4 3 6 2 7 5 4 1 8 9 4 6 
6 5 3 4 1 7 6 2 8 7 9 8 5 9 2 3 4 1 2 4 1 6 8 3 9 5 7 4 2 7 9 3 8 5 1 6 1 8 6 2 7 5 4 9 3 9 3 5 1 4 6 2 7 8 5 1 4 8 6 9 7 3 2 8 7 9 3 2 1 5 6 4 3 6 2 7 5 4 1 8 9 5 9 
5 4 3 9 1 7 6 2 8 7 9 8 5 6 2 3 4 1 2 6 1 4 8 3 9 7 5 4 2 7 9 3 8 5 1 6 1 8 6 2 7 5 4 3 9 9 3 5 6 4 1 2 8 7 1 5 4 8 9 6 7 9 2 8 7 2 3 2 1 5 6 4 3 6 9 7 5 4 1 8 3 10 15 
6 9 3 5 1 7 6 2 8 7 5 8 6 9 2 3 4 1 2 4 1 4 8 3 9 7 5 4 2 7 9 3 8 5 1 6 1 8 6 2 7 5 4 3 9 9 3 5 1 4 6 2 8 7 5 1 4 8 6 9 7 3 2 8 7 9 3 2 1 5 6 4 3 6 2 7 5 4 1 9 8 6 10 
6 4 3 9 1 7 8 2 5 7 9 8 5 6 2 3 4 1 2 1 5 4 8 3 9 6 7 4 2 7 9 3 8 5 1 6 1 8 6 2 7 5 4 3 9 9 3 5 1 4 6 2 8 7 5 6 4 8 9 1 7 3 2 8 7 1 3 2 6 5 9 4 3 9 2 7 5 4 1 6 8 9 14 
5 6 3 4 1 7 6 2 8 7 8 9 6 9 2 3 4 1 2 4 1 5 8 3 9 7 5 4 2 7 9 3 8 5 1 6 1 8 6 2 7 5 4 3 9 9 3 5 1 4 6 2 8 7 3 1 4 8 6 9 7 9 2 8 7 5 3 2 1 6 5 4 6 9 2 7 5 4 1 3 8 11 14 
6 9 3 4 1 7 8 2 5 7 5 8 6 9 2 3 4 1 2 4 1 5 8 3 9 6 7 4 2 7 9 3 8 5 1 6 1 8 6 2 7 5 4 9 3 9 3 5 1 4 6 2 7 8 5 1 4 8 6 1 7 3 2 8 7 9 3 2 4 6 5 9 3 6 2 7 5 9 1 8 4 3 5 
6 4 3 5 1 7 8 2 5 7 9 8 6 9 2 3 4 1 2 5 1 4 8 3 9 6 7 4 2 7 9 3 8 5 1 6 1 8 6 2 7 5 4 9 3 9 3 5 1 4 6 2 7 8 5 1 4 8 6 9 7 3 2 8 7 9 3 2 1 6 5 4 3 6 2 7 5 4 1 8 9 3 5 
6 4 3 9 1 7 8 2 5 7 9 8 5 6 2 3 4 1 2 5 1 4 8 3 9 6 7 4 2 7 9 3 8 5 1 6 1 8 6 2 7 5 4 9 3 9 3 5 1 4 6 2 7 8 5 6 4 8 9 1 7 3 2 8 7 1 3 2 4 6 5 9 3 9 2 7 5 6 1 8 4 5 8 
5 4 3 9 1 7 6 2 8 7 6 9 5 8 2 3 4 1 2 1 8 4 6 3 9 7 5 4 2 7 9 3 8 5 1 6 1 8 6 2 7 5 4 3 9 9 3 5 1 4 6 2 8 7 6 5 4 8 9 1 7 3 2 8 7 1 3 2 6 5 9 4 3 9 2 7 5 4 1 6 8 6 9 
6 8 3 9 1 7 6 2 5 7 5 9 5 8 2 3 4 1 2 4 1 4 6 3 9 7 8 4 2 7 9 3 8 8 1 6 1 8 6 2 7 5 4 9 3 9 3 5 6 4 1 2 5 7 5 6 4 8 9 1 7 3 2 8 7 1 3 2 6 5 6 4 3 9 2 7 5 4 1 8 9 12 15 
6 9 3 4 1 7 6 2 8 7 5 8 5 9 2 3 4 1 2 4 1 6 8 3 9 7 5 4 2 7 9 3 8 5 1 6 1 8 6 2 7 5 4 9 3 9 3 5 1 4 6 2 8 7 5 1 4 8 6 9 7 3 2 8 7 9 3 2 1 6 5 4 3 6 2 7 5 4 1 8 9 5 8 
6 9 3 4 1 7 8 2 5 7 5 8 6 9 2 3 4 1 2 4 1 5 8 3 9 6 7 4 2 7 9 3 8 5 1 6 1 8 6 2 7 5 4 3 9 9 3 5 1 4 6 2 7 8 5 1 4 8 6 9 7 9 2 8 7 9 3 2 1 6 5 4 3 6 2 7 5 4 1 8 3 3 4 
6 4 3 4 1 7 5 2 8 7 9 5 9 6 2 3 4 1 2 1 8 5 8 3 9 6 7 4 2 7 9 3 8 8 1 6 1 8 6 2 7 5 4 9 3 9 3 5 1 4 6 2 7 5 3 5 4 8 9 6 7 3 2 8 7 1 3 2 1 6 5 4 6 2 9 7 5 4 1 8 9 14 16 
6 9 3 4 1 7 8 2 5 7 5 8 6 9 2 3 4 1 2 4 1 5 8 3 9 6 7 4 2 7 9 3 8 5 1 6 1 8 6 2 7 5 4 9 3 9 3 5 1 4 6 2 8 7 5 1 4 8 6 9 7 3 2 8 7 9 3 2 1 6 5 4 3 6 2 7 5 4 1 9 8 3 4 
4 6 3 9 1 7 8 2 5 7 9 8 5 6 2 3 4 1 2 1 5 4 8 3 9 6 7 4 2 7 9 3 8 5 1 6 1 8 6 2 7 5 4 9 3 9 3 5 6 4 1 2 7 8 3 5 4 8 6 1 7 3 2 8 7 1 3 2 9 6 5 4 6 2 9 7 5 4 1 8 9 9 13 
4 9 3 6 1 7 8 2 5 7 6 8 5 9 2 3 4 1 2 1 5 4 8 3 9 6 7 4 2 7 9 3 8 5 1 6 1 8 6 2 7 5 4 3 9 9 3 5 1 4 6 2 7 8 3 5 4 8 6 1 7 9 2 8 7 1 3 2 9 6 5 4 6 2 9 7 5 4 1 8 3 4 6 
5 8 3 4 1 7 6 2 5 7 6 9 9 8 2 3 4 1 2 4 1 5 6 3 9 7 8 4 2 7 9 3 8 5 1 6 1 8 6 2 7 5 4 9 3 9 3 5 1 4 6 2 7 8 6 5 4 8 9 1 7 3 2 8 7 1 3 2 4 5 6 9 3 9 2 7 5 6 1 8 4 10 13 
6 9 3 5 1 7 6 2 8 7 5 8 9 8 2 3 4 1 2 4 1 4 6 3 9 5 7 4 2 7 9 3 8 5 1 6 1 8 6 2 7 5 4 9 3 9 3 5 6 4 1 2 7 8 5 1 4 8 9 1 7 3 2 8 7 9 3 2 4 5 6 4 3 6 2 7 5 6 1 8 9 11 12 
6 4 3 9 1 7 8 2 5 7 9 8 5 6 2 3 4 1 2 5 1 4 8 3 9 6 7 4 2 7 9 3 8 5 1 6 1 8 6 2 7 5 4 3 9 9 3 5 6 4 1 2 7 8 5 1 4 8 9 6 7 5 2 8 7 2 3 2 1 6 9 4 3 6 9 7 5 4 1 8 3 6 9 
5 4 3 5 1 7 6 2 8 7 6 9 6 9 2 3 4 1 2 1 8 4 8 3 9 7 5 4 2 7 9 3 8 8 1 6 1 8 6 2 7 5 4 9 3 9 3 5 1 4 6 2 5 7 3 5 4 8 6 1 7 3 2 8 7 1 3 2 4 6 5 9 6 9 2 7 5 9 1 8 4 11 12 
6 9 3 4 1 7 5 2 8 7 5 8 6 9 2 3 4 1 2 4 1 5 8 3 9 6 7 4 2 7 9 3 8 8 1 6 1 8 6 2 7 5 4 9 3 9 3 5 1 4 6 2 7 5 5 1 4 8 6 9 7 3 2 8 7 9 3 2 1 6 5 4 3 6 2 7 5 4 1 8 9 3 4 
4 9 3 5 1 7 6 2 8 7 6 5 9 6 2 3 4 1 2 1 8 4 8 3 9 5 7 4 2 7 9 3 8 5 1 6 1 8 6 2 7 5 4 9 3 9 3 5 1 4 6 2 7 8 1 5 4 8 9 6 7 3 2 8 7 9 3 2 1 5 6 4 3 6 2 7 5 4 1 8 9 11 12 
5 9 3 4 1 7 6 2 8 7 6 8 5 9 2 3 4 1 2 4 1 6 8 3 9 5 7 4 2 7 9 3 8 8 1 6 1 8 6 2 7 5 4 9 3 9 3 5 1 4 6 2 7 5 6 5 4 8 6 1 7 3 2 8 7 1 3 2 4 5 6 9 3 2 9 7 5 9 1 8 4 7 10 
6 5 3 9 1 7 8 2 5 7 9 8 5 6 2 3 4 1 2 4 1 4 8 3 9 6 7 4 2 7 9 3 8 5 1 6 1 8 6 2 7 5 4 9 3 9 3 5 1 4 6 2 8 7 1 6 4 8 6 9 7 5 2 8 7 5 3 2 1 6 9 4 3 2 9 7 5 4 1 3 8 12 14 
4 5 3 9 1 7 6 2 8 7 9 8 5 8 2 3 4 1 2 6 1 4 6 3 9 5 7 4 2 7 9 3 8 5 1 6 1 8 6 2 7 5 4 9 3 9 3 5 6 4 1 2 8 7 6 1 4 8 9 6 7 3 2 8 7 5 3 2 1 5 6 9 3 9 2 7 5 4 1 8 4 14 15 
6 9 3 4 1 7 8 2 5 7 5 8 6 9 2 3 4 1 2 4 1 5 8 3 9 6 7 4 2 7 9 3 8 5 1 6 1 8 6 2 7 5 4 3 9 9 3 5 1 4 6 2 7 8 5 1 4 8 6 9 7 5 2 8 7 2 3 2 1 6 9 4 3 6 9 7 5 4 1 8 3 4 4 
6 9 3 4 1 7 6 2 5 7 5 8 6 9 2 3 4 1 2 4 1 5 8 3 9 7 8 4 2 7 9 3 8 8 1 6 1 8 6 2 7 5 4 9 3 9 3 5 1 4 6 2 5 7 5 1 4 8 6 9 7 3 2 8 7 9 3 2 1 5 6 4 3 6 2 7 5 4 1 8 9 5 8 
5 4 3 9 1 7 6 2 8 7 6 9 5 8 2 3 4 1 2 1 8 4 6 3 9 5 7 4 2 7 9 3 8 8 1 6 1 8 6 2 7 5 4 3 9 9 3 5 6 4 1 2 7 5 1 5 4 8 9 1 3 7 2 8 7 9 3 2 4 6 5 4 3 6 2 7 5 6 1 9 8 16 15 
6 9 3 4 1 7 8 2 5 7 5 8 6 9 2 3 4 1 2 4 1 5 8 3 9 6 7 4 2 7 9 3 8 5 1 6 1 8 6 2 7 5 4 3 9 9 3 5 1 4 6 2 7 8 5 1 4 8 6 9 7 3 2 8 7 9 3 2 1 6 5 4 3 6 2 7 5 4 1 9 8 3 3 
4 9 3 9 1 7 6 2 8 7 5 8 5 8 2 3 4 1 2 6 1 4 6 3 9 5 7 4 2 7 9 3 8 5 1 6 1 8 6 2 7 5 4 3 9 9 3 5 1 4 6 2 7 8 3 5 4 8 6 9 7 3 2 8 7 1 3 2 1 6 9 5 6 9 2 7 5 4 1 8 4 17 15 
5 4 3 9 1 7 6 2 8 7 6 9 5 8 2 3 4 1 2 1 8 4 6 3 9 7 5 4 2 7 9 3 8 5 1 6 1 8 6 2 7 5 4 9 3 9 3 5 1 4 6 2 8 7 6 5 4 8 9 1 7 3 2 8 7 1 3 2 4 6 5 9 3 9 2 7 5 6 1 8 4 5 8 
6 9 3 4 1 7 8 2 5 7 5 8 6 9 2 3 4 1 2 4 1 5 8 3 9 6 7 4 2 7 9 3 8 5 1 6 1 8 6 2 7 5 4 3 9 9 3 5 1 4 6 2 7 8 5 1 4 8 6 1 7 9 2 8 7 9 3 2 4 6 5 4 3 6 2 7 5 9 1 8 3 4 3 
5 9 3 4 1 7 6 2 8 7 6 8 5 9 2 3 4 1 2 4 1 6 8 3 9 7 5 4 2 7 9 3 8 5 1 6 1 8 6 2 7 5 4 3 9 9 3 5 1 4 6 2 8 7 3 1 4 8 6 9 7 5 2 8 7 5 3 2 1 6 9 4 6 2 9 7 5 4 1 8 3 5 7 
4 9 3 5 1 7 6 2 8 7 5 8 6 9 2 3 4 1 2 6 1 4 8 3 9 5 7 4 2 7 9 3 8 8 1 6 1 8 6 2 7 5 4 3 9 9 3 5 1 4 6 2 7 5 3 5 4 8 6 1 7 9 2 8 7 1 3 2 9 5 6 4 6 9 2 7 5 4 1 8 3 7 10 
6 4 3 9 1 7 8 2 5 7 9 8 5 6 2 3 4 1 2 1 5 4 8 3 9 6 7 4 2 7 9 3 8 5 1 6 1 8 6 2 7 5 4 9 3 9 3 5 6 4 1 2 7 8 5 6 4 8 9 1 7 3 2 8 7 1 3 2 4 6 5 9 3 2 9 7 5 6 1 8 4 5 6 
6 4 3 6 1 7 8 2 5 7 9 8 5 9 2 3 4 1 2 5 1 4 8 3 9 6 7 4 2 7 9 3 8 5 1 6 1 8 6 2 7 5 4 9 3 9 3 5 1 4 6 2 7 8 5 1 4 8 6 9 7 3 2 8 7 9 3 2 1 6 5 4 3 6 2 7 5 4 1 8 9 3 2 
6 4 3 5 1 7 6 2 8 7 9 5 6 9 2 3 4 1 2 1 8 4 8 3 9 7 5 4 2 7 9 3 8 5 1 6 1 8 6 2 7 5 4 9 3 9 3 5 1 4 6 2 8 7 1 5 4 8 6 9 7 3 2 8 7 9 3 2 1 6 5 4 3 6 2 7 5 4 1 8 9 8 10 
6 9 3 5 1 7 6 2 8 7 5 8 9 6 2 3 4 1 2 4 1 4 8 3 9 7 5 4 2 7 9 3 8 5 1 6 1 8 6 2 7 5 4 9 3 9 3 5 1 4 6 2 8 7 5 1 4 8 6 1 7 3 2 8 7 9 3 2 4 6 5 9 3 6 2 7 5 9 1 8 4 9 9 
6 4 3 5 1 7 8 2 5 7 5 9 6 9 2 3 4 1 2 1 8 4 8 3 9 6 7 4 2 7 9 3 8 5 1 6 1 8 6 2 7 5 4 3 9 9 3 5 1 4 6 2 8 7 5 9 4 8 6 1 3 7 2 8 7 1 3 2 9 6 5 4 3 6 2 7 5 4 1 9 8 6 8 
6 9 3 4 1 7 6 2 5 7 5 8 9 8 2 3 4 1 2 4 1 5 6 3 9 7 8 4 2 7 9 3 8 5 1 6 1 8 6 2 7 5 4 9 3 9 3 5 1 4 6 2 8 7 5 1 4 8 9 6 7 3 2 8 7 9 3 2 1 6 5 4 3 6 2 7 5 4 1 8 9 7 8 
5 6 3 4 1 7 6 2 8 7 8 9 9 6 2 3 4 1 2 4 1 5 8 3 9 5 7 4 2 7 9 3 8 8 1 6 1 8 6 2 7 5 4 3 9 9 3 5 6 4 1 2 7 5 3 5 4 8 9 1 7 6 2 8 7 1 3 2 4 5 9 4 6 9 2 7 5 6 1 8 3 12 14 
4 9 3 4 1 7 6 2 8 7 6 5 9 8 2 3 4 1 2 1 8 5 6 3 9 5 7 4 2 7 9 3 8 5 1 6 1 8 6 2 7 5 4 9 3 9 3 5 1 4 6 2 7 8 6 5 4 8 9 1 7 3 2 8 7 1 3 2 4 5 6 9 3 2 9 7 5 6 1 8 4 10 10 
5 9 3 4 1 7 6 2 8 7 6 8 6 9 2 3 4 1 2 4 1 5 8 3 9 5 7 4 2 7 9 3 8 8 1 6 1 8 6 2 7 5 4 9 3 9 3 5 1 4 6 2 7 5 3 1 4 8 6 9 7 3 2 8 7 5 3 2 1 5 6 4 6 9 2 7 5 4 1 8 9 10 9 
5 4 3 4 1 7 8 2 5 7 6 9 5 9 2 3 4 1 2 1 8 6 8 3 9 6 7 4 2 7 9 3 8 5 1 6 1 8 6 2 7 5 4 9 3 9 3 5 1 4 6 2 8 7 6 5 4 8 6 9 7 3 2 8 7 1 3 2 1 5 9 4 3 9 2 7 5 4 1 6 8 12 13 
6 4 3 9 1 7 8 2 5 7 9 8 5 6 2 3 4 1 2 5 1 4 8 3 9 6 7 4 2 7 9 3 8 5 1 6 1 8 6 2 7 5 4 9 3 9 3 5 6 4 1 2 7 8 5 1 4 8 9 6 7 3 2 8 7 9 3 2 1 6 5 4 3 6 2 7 5 4 1 8 9 3 2 
5 4 3 9 1 7 6 2 8 7 9 8 5 6 2 3 4 1 2 6 1 4 8 3 9 5 7 4 2 7 9 3 8 5 1 6 1 8 6 2 7 5 4 3 9 9 3 5 6 4 1 2 7 8 6 5 4 8 9 1 7 3 2 8 7 1 3 2 6 6 9 5 3 2 9 7 5 4 1 8 4 10 9 
6 5 3 9 1 7 5 2 8 7 9 8 5 8 2 3 4 1 2 4 1 4 6 3 9 6 7 4 2 7 9 3 8 8 1 6 1 8 6 2 7 5 4 3 9 9 3 5 1 4 6 2 5 7 5 1 4 8 9 6 7 3 2 8 7 9 3 2 1 6 9 5 3 6 2 7 5 4 1 8 4 13 14 
6 4 3 4 1 7 5 2 8 7 9 8 5 9 2 3 4 1 2 1 5 6 8 3 9 6 7 4 2 7 9 3 8 8 1 6 1 8 6 2 7 5 4 3 9 9 3 5 1 4 6 2 5 7 3 5 4 8 6 1 7 3 2 8 7 1 3 2 9 6 9 5 6 2 9 7 5 4 1 8 4 14 14 
6 4 3 9 1 7 8 2 5 7 9 8 5 6 2 3 4 1 2 5 1 4 8 3 9 6 7 4 2 7 9 3 8 5 1 6 1 8 6 2 7 5 4 3 9 9 3 5 1 4 6 2 8 7 5 1 4 8 6 9 3 7 2 8 7 9 3 2 1 6 5 4 3 6 2 7 5 4 1 9 8 5 4 
4 9 3 5 1 7 6 2 8 7 6 8 6 9 2 3 4 1 2 5 1 4 8 3 9 7 5 4 2 7 9 3 8 5 1 6 1 8 6 2 7 5 4 9 3 9 3 5 1 4 6 2 8 7 6 1 4 8 6 9 7 3 2 8 7 5 3 2 1 5 9 4 3 9 2 7 5 4 1 6 8 11 10 
5 9 3 4 1 7 6 2 8 7 6 8 5 9 2 3 4 1 2 4 1 6 8 3 9 5 7 4 2 7 9 3 8 8 1 6 1 8 6 2 7 5 4 9 3 9 3 5 1 4 6 2 7 5 5 9 4 8 6 1 7 3 2 8 7 1 3 2 9 5 6 4 3 6 2 7 5 4 1 8 9 7 8 
6 4 3 9 1 7 6 2 8 7 9 8 5 6 2 3 4 1 2 5 1 4 8 3 9 5 7 4 2 7 9 3 8 5 1 6 1 8 6 2 7 5 4 3 9 9 3 5 1 4 6 2 8 7 5 1 4 8 9 6 7 3 2 8 7 9 3 2 1 5 6 4 3 6 2 7 5 4 1 8 9 10 9 
6 4 3 9 1 7 8 2 5 7 9 8 5 6 2 3 4 1 2 5 1 4 8 3 9 6 7 4 2 7 9 3 8 5 1 6 1 8 6 2 7 5 4 3 9 9 3 5 1 4 6 2 7 8 5 1 4 8 9 1 7 6 2 8 7 9 3 2 6 5 9 4 3 6 2 7 5 4 1 8 3 8 8 
5 4 3 6 1 7 8 2 5 7 6 9 5 9 2 3 4 1 2 1 8 4 8 3 9 6 7 4 2 7 9 3 8 5 1 6 1 8 6 2 7 5 4 9 3 9 3 5 1 4 6 2 7 8 3 5 4 8 6 1 7 3 2 8 7 1 3 2 4 6 5 9 6 9 2 7 5 9 1 8 4 6 7 
5 4 3 9 1 7 6 2 8 7 6 9 5 8 2 3 4 1 2 1 8 4 6 3 9 7 5 4 2 7 9 3 8 5 1 6 1 8 6 2 7 5 4 9 3 9 3 5 1 4 6 2 8 7 1 5 4 8 6 9 7 3 2 8 7 9 3 2 1 6 5 4 3 6 2 7 5 4 1 8 9 8 7 
4 9 3 4 1 7 6 2 8 7 6 5 6 9 2 3 4 1 2 1 8 5 8 3 9 5 7 4 2 7 9 3 8 5 1 6 1 8 6 2 7 5 4 9 3 9 3 5 1 4 6 2 7 8 3 5 4 8 6 1 7 9 2 8 7 1 3 2 9 5 6 4 6 9 2 7 5 4 1 8 3 12 10 
6 9 3 5 1 7 6 2 8 7 5 8 9 8 2 3 4 1 2 4 1 4 6 3 9 7 5 4 2 7 9 3 8 5 1 6 1 8 6 2 7 5 4 3 9 9 3 5 1 4 6 2 8 7 5 1 4 8 9 6 7 3 2 8 7 9 3 2 1 6 5 4 3 6 2 7 5 4 1 9 8 9 7 
6 9 3 4 1 7 6 2 8 7 5 8 6 9 2 3 4 1 2 4 1 5 8 3 9 5 7 4 2 7 9 3 8 5 1 6 1 8 6 2 7 5 4 9 3 9 3 5 1 4 6 2 7 8 5 1 4 8 6 1 7 3 2 8 7 9 3 2 4 5 6 9 3 6 2 7 5 9 1 8 4 7 5 
6 4 3 6 1 7 5 2 8 7 8 9 5 9 2 3 4 1 2 5 1 4 8 3 9 6 7 4 2 7 9 3 8 8 1 6 1 8 6 2 7 5 4 3 9 9 3 5 1 4 6 2 5 7 5 9 4 8 6 1 7 3 2 8 7 1 3 2 4 6 9 5 3 6 2 7 5 9 1 8 4 9 7 
5 9 3 4 1 7 6 2 8 7 6 8 5 9 2 3 4 1 2 4 1 6 8 3 9 7 5 4 2 7 9 3 8 5 1 6 1 8 6 2 7 5 4 9 3 9 3 5 1 4 6 2 8 7 1 5 4 8 6 9 7 3 2 8 7 9 3 2 1 6 5 4 3 6 2 7 5 4 1 8 9 5 4 
6 4 3 9 1 7 8 2 5 7 9 8 5 6 2 3 4 1 2 5 1 4 8 3 9 6 7 4 2 7 9 3 8 5 1 6 1 8 6 2 7 5 4 9 3 9 3 5 1 4 6 2 7 8 5 1 4 8 6 9 7 3 2 8 7 9 3 2 1 6 5 4 3 6 2 7 5 4 1 8 9 3 2 
6 9 3 4 1 7 8 2 5 7 5 8 6 9 2 3 4 1 2 4 1 5 8 3 9 6 7 4 2 7 9 3 8 5 1 6 1 8 6 2 7 5 4 3 9 9 3 5 1 4 6 2 7 8 5 1 4 8 6 9 7 3 2 8 7 9 3 2 1 6 5 4 3 6 2 7 5 4 1 8 9 3 2 
5 9 3 4 1 7 6 2 8 7 6 8 5 9 2 3 4 1 2 4 1 6 8 3 9 7 5 4 2 7 9 3 8 8 1 6 1 8 6 2 7 5 4 3 9 9 3 5 1 4 6 2 5 7 3 5 4 8 6 1 7 9 2 8 7 1 3 2 9 5 6 4 6 9 2 7 5 4 1 8 3 5 4 
6 4 3 9 1 7 8 2 5 7 5 9 5 8 2 3 4 1 2 1 8 4 6 3 9 6 7 4 2 7 9 3 8 5 1 6 1 8 6 2 7 5 4 9 3 9 3 5 6 4 1 2 7 8 5 6 4 8 9 1 7 3 2 8 7 1 3 2 4 6 5 9 3 9 2 7 5 6 1 8 4 5 4 
6 4 3 9 1 7 6 2 8 7 9 8 5 6 2 3 4 1 2 5 1 4 8 3 9 5 7 4 2 7 9 3 8 5 1 6 1 8 6 2 7 5 4 3 9 9 3 5 6 4 1 2 7 8 5 1 4 8 9 6 7 9 2 8 7 9 3 2 1 5 6 4 3 6 2 7 5 4 1 8 3 9 6 
4 6 3 5 1 7 8 2 5 7 9 8 9 8 2 3 4 1 2 5 1 4 6 3 9 6 7 5 4 7 9 3 8 8 1 6 1 8 6 2 7 5 4 3 9 9 3 2 1 4 6 2 5 7 3 1 4 8 9 6 7 5 2 8 7 5 3 2 1 6 9 4 6 2 9 7 5 4 1 8 3 112 14 

