MonoObjective Genetic Algorithm
Number of Evaluations = 0
Mutation Probability = 0.0100000000000000002
Crossover Probability = 0.5
Population Size = 100
Survival Selection Type = 16

Time =  300.117339000000015

Current Evaluation = 87300
Front Size = 100
2 9 4 8 6 3 5 1 7 7 1 5 4 2 9 6 3 8 8 6 3 7 5 1 4 9 2 1 5 2 9 4 7 8 6 3 4 7 9 3 8 6 2 5 1 6 3 8 5 1 2 9 7 4 9 8 6 1 3 4 7 2 5 5 2 1 6 7 8 3 4 9 3 4 7 2 9 5 1 8 6 1 23 
9 2 8 4 5 3 6 1 7 4 1 5 7 6 9 4 3 8 7 6 3 1 8 2 9 5 2 1 3 4 9 2 7 8 6 5 6 5 9 8 1 4 2 7 3 2 8 7 5 3 6 1 9 4 8 9 1 3 4 5 7 2 6 5 7 2 6 9 8 3 4 1 3 4 6 2 7 1 5 8 9 3 50 
9 8 2 4 6 3 5 1 7 4 1 5 7 2 9 6 3 8 7 6 3 8 1 5 4 9 2 1 3 4 9 8 7 9 5 6 8 5 9 1 4 6 2 7 3 2 7 6 5 3 2 1 8 4 6 9 7 3 5 4 8 2 1 5 2 8 6 7 1 3 4 9 3 4 1 2 9 8 7 6 5 3 40 
9 8 4 8 2 3 6 1 7 2 1 5 7 6 9 4 3 8 7 6 3 4 1 5 9 5 2 1 5 6 3 4 7 9 8 3 4 3 9 1 8 6 2 7 5 8 2 7 5 9 2 1 6 4 6 7 8 9 3 4 5 2 9 5 9 2 6 7 8 3 4 1 3 4 1 2 5 1 8 7 6 9 40 
2 8 3 4 5 3 9 1 7 4 1 5 7 6 9 2 6 8 9 6 7 8 1 2 4 3 5 1 2 4 4 9 7 5 8 3 6 5 9 3 8 6 2 7 1 7 3 8 5 2 1 6 9 4 9 7 8 4 3 5 5 2 1 5 2 1 6 7 8 3 4 9 3 4 6 2 9 1 7 8 6 219 40 
4 9 8 8 5 3 6 1 7 2 1 5 7 6 9 4 3 8 7 6 3 1 4 2 9 5 2 1 2 4 9 8 7 5 6 3 8 5 9 4 3 6 2 7 1 6 3 7 5 2 1 8 9 4 9 8 6 3 7 4 1 2 5 5 7 2 6 1 8 3 4 9 3 4 1 2 9 5 7 8 6 3 33 
4 9 2 8 6 3 5 1 7 7 1 5 7 2 9 6 3 8 8 6 3 1 5 4 4 9 2 1 5 4 9 2 7 6 8 3 6 3 9 4 1 8 2 7 5 2 8 7 5 3 6 1 9 4 9 7 6 3 4 5 8 2 1 5 2 1 6 7 8 3 4 9 3 4 8 2 9 1 7 5 6 7 33 
2 9 8 4 6 3 5 1 7 7 1 5 7 2 9 4 6 8 4 6 3 1 5 8 9 3 2 1 2 4 3 9 7 8 5 6 6 5 9 4 1 8 2 7 3 8 3 7 5 2 6 1 9 4 9 8 1 9 3 4 7 2 5 5 7 2 6 8 1 3 4 9 3 4 6 2 7 5 6 8 1 8 33 
9 3 2 4 5 3 9 1 7 7 1 5 7 6 9 4 6 8 8 6 4 8 1 2 5 3 2 1 2 3 3 8 7 6 3 5 4 5 9 4 6 1 2 7 1 7 8 6 5 9 2 9 8 4 9 8 1 4 3 5 7 2 6 5 2 7 6 9 1 3 4 1 3 4 6 2 7 8 5 8 9 133 36 
2 9 4 8 6 3 5 1 7 7 1 5 7 2 9 4 6 8 8 6 3 4 1 5 9 3 2 1 5 2 9 4 7 6 8 3 4 3 9 1 8 6 2 7 5 6 7 8 5 3 2 1 9 4 9 8 1 3 5 4 7 2 6 5 2 7 6 9 8 3 4 1 3 4 6 2 7 1 8 5 9 3 31 
9 8 4 8 6 3 9 1 7 3 1 5 4 7 9 2 6 8 7 6 2 1 2 5 4 3 5 1 3 6 9 4 7 8 5 9 4 5 9 3 6 8 2 3 1 2 8 7 5 2 1 6 7 4 6 9 1 3 5 4 5 2 6 5 2 7 6 9 8 3 4 1 3 4 8 2 7 1 7 8 9 226 37 
4 9 8 8 2 3 6 1 7 2 1 5 7 6 9 4 3 8 7 6 3 1 5 4 9 5 2 1 5 2 4 3 7 9 8 6 4 7 9 8 1 6 2 3 5 8 3 6 5 9 2 1 7 4 9 8 6 3 4 5 7 2 1 5 2 7 6 7 1 3 4 9 3 4 1 2 9 8 8 6 5 12 33 
2 9 8 4 5 3 5 1 7 4 1 5 7 6 9 6 3 8 7 6 3 1 8 2 4 9 2 1 2 4 8 9 7 9 6 3 8 5 9 3 4 1 2 7 5 6 3 7 5 2 6 1 8 4 9 7 1 9 3 4 8 2 6 5 8 2 6 7 8 3 4 1 3 4 6 2 1 5 7 5 9 10 31 
9 8 4 4 2 3 6 1 7 2 1 5 7 6 9 4 3 8 7 6 3 8 5 1 9 5 2 1 3 2 9 4 7 5 8 6 4 5 9 1 8 6 2 7 3 6 7 8 5 3 2 1 9 4 8 9 6 3 1 4 7 2 5 5 2 1 6 7 8 3 4 9 3 4 7 2 9 5 8 6 1 3 30 
2 9 8 4 5 3 6 1 7 7 1 5 7 6 9 4 3 8 4 6 3 1 8 2 5 9 2 1 5 4 9 2 7 8 6 3 6 7 9 8 3 4 2 5 1 8 3 2 5 1 6 9 7 4 9 8 7 3 4 5 1 2 6 5 2 1 6 7 8 3 4 9 3 4 6 2 9 1 7 8 5 3 29 
9 8 4 4 5 3 6 1 7 2 1 5 7 6 9 4 3 8 7 6 3 8 1 2 5 9 2 1 2 6 4 9 7 5 8 3 4 5 9 8 3 1 2 7 6 8 3 7 5 2 6 1 9 4 6 9 8 1 3 4 7 2 5 5 7 2 6 9 8 3 4 1 3 4 1 2 7 5 8 6 9 9 29 
9 2 8 4 6 3 5 1 7 7 1 5 7 2 9 4 6 8 4 6 3 1 8 5 9 3 2 1 8 4 9 4 7 6 5 3 6 5 9 8 3 6 2 7 1 2 3 7 5 1 2 9 8 4 8 9 6 3 7 4 8 2 5 5 7 2 6 9 1 3 4 1 3 4 1 2 5 8 6 7 9 12 31 
9 8 2 8 5 3 6 1 7 4 1 5 7 6 9 4 3 8 7 6 3 4 2 1 5 9 2 1 5 4 3 8 7 9 6 3 8 7 9 1 4 6 2 5 1 2 3 6 5 9 2 7 8 4 8 9 1 9 3 4 6 2 5 5 2 7 6 1 8 3 4 9 3 4 6 2 7 5 8 7 1 13 33 
9 2 8 4 6 3 6 1 7 4 1 5 7 2 9 4 3 8 7 6 3 1 5 8 5 9 2 1 5 4 3 2 7 9 8 6 6 7 9 4 8 1 2 5 3 2 3 8 5 9 6 1 7 4 6 8 7 9 3 4 5 2 9 5 9 2 6 7 8 3 4 1 3 4 1 2 1 5 7 8 6 14 31 
2 9 8 4 6 3 5 1 7 4 1 5 7 2 9 6 3 8 7 6 3 8 1 5 4 9 2 1 5 4 9 2 7 8 6 3 6 3 9 1 4 8 2 5 1 8 2 7 5 3 6 9 7 4 9 7 6 3 8 4 1 2 5 5 8 2 6 7 1 3 4 9 3 4 1 2 9 5 7 8 6 5 28 
2 9 4 8 6 3 6 1 7 7 1 5 7 2 9 4 3 8 8 6 3 4 5 1 5 9 2 1 3 6 9 2 7 8 5 3 4 5 9 8 1 4 2 7 1 7 2 8 5 3 6 9 6 4 6 9 7 3 4 8 1 2 5 5 2 8 6 9 1 3 4 9 3 4 1 2 7 5 7 8 6 17 31 
4 9 8 4 5 3 6 1 7 2 1 5 7 6 9 4 3 8 7 6 3 8 1 2 9 5 2 1 3 4 9 2 7 5 8 6 6 5 9 1 8 4 2 7 3 8 2 7 5 3 6 1 9 4 9 7 6 3 4 5 8 2 1 5 8 2 6 7 1 3 4 9 3 4 1 2 9 8 7 6 5 3 27 
2 9 8 4 6 3 5 1 7 4 1 5 7 2 9 6 3 8 7 6 3 1 5 8 4 9 2 1 8 2 9 4 7 6 5 3 4 5 9 8 3 6 2 7 1 6 7 3 5 2 1 9 8 4 9 8 6 3 1 4 7 2 5 5 2 7 6 9 8 3 4 1 3 4 1 2 7 5 8 6 9 8 28 
2 9 4 8 5 3 6 1 7 7 1 5 4 6 9 4 3 8 8 6 3 7 1 2 5 9 2 1 5 6 4 9 7 8 9 6 4 8 9 3 1 6 2 5 3 2 7 3 5 8 2 1 7 4 6 7 1 9 3 4 8 2 5 5 9 2 6 7 1 3 4 1 3 4 8 2 8 5 7 9 6 23 33 
2 9 4 8 6 3 5 1 7 7 1 5 7 2 9 4 6 8 8 6 3 1 5 4 9 3 2 1 3 2 9 3 7 8 5 6 4 5 9 4 8 6 2 7 3 6 8 7 5 1 2 1 9 4 9 7 8 3 4 1 6 2 5 5 2 1 6 7 8 3 4 9 3 4 6 2 9 5 7 8 1 6 27 
9 2 8 4 6 3 5 1 7 4 1 5 7 2 9 6 3 8 7 6 3 1 5 8 4 9 2 1 5 4 9 8 7 9 6 3 8 7 9 3 4 6 2 5 1 2 3 6 5 1 2 7 8 4 6 9 7 8 3 4 1 2 5 5 8 2 6 7 1 3 4 9 3 4 1 2 9 5 8 7 6 3 25 
9 2 8 8 5 3 6 1 7 7 1 5 4 6 9 4 3 8 4 6 3 7 2 1 5 9 2 1 5 4 9 6 7 9 8 3 6 3 9 1 8 4 2 7 5 2 8 7 5 3 2 1 6 4 8 7 6 3 4 1 5 2 9 5 9 2 6 7 8 3 4 1 3 4 1 2 9 5 7 8 6 10 28 
9 8 2 8 6 3 4 1 7 4 1 5 7 2 9 6 3 8 7 6 3 1 5 4 5 9 2 1 3 8 9 4 7 9 5 6 4 5 9 8 1 6 2 7 3 6 2 7 5 3 2 1 8 4 8 9 1 4 3 5 7 2 9 5 7 2 6 7 8 3 4 1 3 4 6 2 9 1 8 6 5 12 28 
2 9 4 8 5 3 6 1 7 7 1 5 7 6 9 4 3 8 8 6 3 4 1 2 9 5 2 1 5 8 9 4 7 5 6 3 4 7 9 1 3 6 2 8 1 6 3 2 5 2 8 9 7 4 6 9 7 3 9 4 8 2 1 5 2 8 6 7 1 3 4 9 3 4 1 2 8 5 7 6 5 14 29 
4 9 2 8 5 3 6 1 7 7 1 5 4 6 9 4 3 8 8 6 3 7 1 2 5 9 2 1 5 4 9 2 7 6 8 5 8 7 9 1 3 4 2 7 3 2 3 6 5 8 6 1 9 4 6 9 8 3 4 5 7 2 9 5 2 7 6 7 1 3 4 1 3 4 1 2 9 8 8 5 6 15 29 
9 8 4 4 2 3 6 1 7 2 1 5 7 6 9 4 3 8 7 6 3 1 5 8 9 5 2 1 5 2 9 4 7 8 6 3 4 3 9 8 1 6 2 7 5 8 7 6 5 3 2 1 9 4 6 9 8 3 7 4 5 2 1 5 2 7 6 8 1 3 4 9 3 4 1 2 9 5 7 8 6 3 24 
4 9 2 8 6 3 5 1 7 7 1 5 7 4 9 6 3 8 8 6 3 1 5 2 4 9 2 1 3 4 9 2 7 8 5 6 6 5 9 4 8 1 2 7 3 2 7 8 5 3 6 1 9 4 9 8 1 3 7 4 6 2 5 5 2 7 6 9 8 3 4 1 3 4 6 2 1 5 7 8 9 5 26 
2 9 8 8 5 3 4 1 7 7 1 5 4 6 9 6 3 8 4 6 3 7 1 2 9 5 2 1 5 4 9 2 7 8 6 3 8 3 9 1 4 6 2 7 5 6 2 7 5 3 8 1 9 4 9 8 6 3 7 4 5 2 1 5 7 2 6 8 1 3 4 9 3 4 1 2 9 5 7 8 6 4 23 
9 2 4 8 6 3 5 1 7 7 1 5 4 2 9 6 3 8 8 6 3 7 1 5 4 9 2 1 3 2 9 4 7 5 8 6 4 5 9 1 8 6 2 7 3 7 8 6 5 3 2 1 9 4 6 7 1 3 5 4 8 2 9 5 9 2 6 7 8 3 4 1 3 4 8 2 9 1 7 6 5 5 25 
2 9 8 4 6 3 5 1 7 4 1 5 7 2 9 6 3 8 7 6 3 8 1 5 4 9 2 1 5 4 9 3 7 9 8 6 8 7 9 1 4 6 2 5 3 6 3 2 5 8 2 1 7 4 9 8 6 3 5 4 7 2 1 5 2 1 6 7 8 3 4 9 3 4 7 2 9 1 8 6 5 3 22 
8 2 4 4 5 3 4 1 7 7 1 5 7 6 9 6 3 8 9 6 3 8 2 1 9 5 2 1 5 2 9 2 7 8 6 5 4 8 9 1 4 8 2 7 3 7 3 6 5 3 6 1 9 4 6 9 1 3 4 8 5 2 9 5 2 8 6 7 1 3 4 1 3 4 7 2 9 5 7 8 6 23 28 
4 9 8 4 2 3 5 1 7 2 1 5 7 6 9 6 3 8 7 6 3 8 1 5 4 9 2 1 2 4 3 4 7 8 6 3 8 5 9 1 6 8 2 5 1 6 3 7 5 9 2 9 7 4 6 9 8 9 3 4 7 2 9 5 2 7 6 8 1 3 4 1 3 4 1 2 7 5 6 8 5 24 28 
8 9 2 4 6 3 5 1 7 4 1 5 7 2 9 6 3 8 7 6 3 1 5 8 4 9 2 1 3 4 9 2 7 8 5 3 6 5 9 8 3 4 2 7 1 2 7 8 5 1 6 9 6 4 9 8 6 3 4 1 7 2 5 5 2 1 6 7 8 3 4 9 3 4 7 2 9 5 1 8 6 5 23 
2 9 4 8 5 3 6 1 7 7 1 5 7 6 9 4 3 8 8 6 3 1 2 4 9 5 2 1 8 2 9 4 7 5 6 3 4 5 9 3 8 6 2 7 1 7 3 6 5 1 2 8 9 4 6 9 8 4 3 1 7 2 5 5 2 1 6 7 8 3 4 9 3 4 7 2 9 5 1 8 6 5 23 
4 2 8 8 6 3 9 1 7 7 1 5 4 2 9 6 3 8 9 6 3 7 5 1 4 5 2 1 5 4 9 2 7 8 6 3 6 8 9 1 3 4 2 7 5 2 3 7 5 8 6 1 9 4 9 7 6 3 5 4 7 2 6 5 8 2 6 7 1 3 4 1 3 4 1 2 9 8 5 8 9 14 27 
4 8 2 8 6 3 9 1 7 7 1 5 4 2 9 6 3 8 9 6 3 7 5 1 4 5 2 1 5 4 9 4 7 8 6 3 6 3 9 1 8 6 2 7 5 2 7 8 5 3 2 1 9 4 8 9 6 3 7 4 5 2 1 5 2 7 6 1 8 3 4 9 3 4 1 2 9 5 7 8 6 6 23 
4 9 2 8 6 3 5 1 7 7 1 5 4 2 9 6 3 8 8 6 3 7 1 5 4 9 2 1 5 4 3 2 7 9 8 6 8 7 9 1 4 6 2 5 3 2 3 6 5 9 8 1 7 4 6 8 7 9 3 4 8 2 1 5 9 2 6 8 1 3 4 9 3 4 1 2 7 5 7 6 5 10 25 
8 9 2 8 6 3 4 1 7 4 1 5 4 2 9 6 3 8 7 6 3 7 5 1 5 9 2 1 3 4 8 2 7 9 5 3 6 5 9 1 3 4 2 8 6 2 8 7 5 9 6 1 7 4 9 7 6 3 4 5 8 2 1 5 2 8 6 7 1 3 4 9 3 4 1 2 9 8 7 6 5 12 26 
2 9 8 4 6 3 5 1 7 4 1 5 7 2 9 6 3 8 7 6 3 1 8 5 4 9 2 1 2 4 8 3 7 9 6 5 8 5 9 4 1 6 2 7 3 6 3 7 5 9 2 1 8 4 9 7 6 3 5 4 8 2 1 5 8 2 6 7 1 3 4 9 3 4 1 2 9 8 7 5 6 3 21 
9 2 8 4 6 3 5 1 7 7 1 5 7 2 9 4 6 8 4 6 3 1 5 8 9 3 2 1 5 2 9 4 7 8 6 3 4 7 9 8 3 6 2 5 1 8 3 6 5 1 2 7 9 4 9 8 1 7 3 4 6 2 5 5 2 7 6 8 1 3 4 9 3 4 6 2 9 5 7 8 1 12 25 
9 8 2 4 2 3 6 1 7 4 1 5 7 6 9 4 3 8 7 6 3 8 5 1 9 5 2 1 2 4 9 3 7 8 6 3 6 5 9 1 4 8 2 7 5 8 3 7 5 2 6 1 9 4 6 9 1 3 1 4 5 2 9 5 7 2 6 7 8 3 4 1 3 4 8 2 9 5 7 8 6 14 25 
9 8 2 4 6 3 5 1 7 4 1 5 7 2 9 6 3 8 7 6 3 8 5 1 4 9 2 1 3 4 9 2 7 8 6 5 6 5 9 1 4 8 2 7 3 2 7 8 5 3 6 1 9 4 8 9 6 3 1 4 7 2 5 5 2 7 6 9 8 3 4 1 3 4 1 2 7 5 9 8 6 5 22 
9 8 2 8 5 3 6 1 7 4 1 5 7 6 9 4 3 8 7 6 3 1 4 2 5 9 2 1 2 4 9 3 7 5 8 3 6 5 9 4 8 1 2 7 1 7 3 8 5 2 6 9 6 4 8 9 7 3 1 4 6 2 5 5 2 1 6 9 8 3 4 9 3 4 6 2 7 5 7 8 1 15 27 
9 8 2 8 6 3 4 1 7 4 1 5 7 2 9 6 3 8 7 6 3 1 5 4 9 5 2 1 2 4 9 3 7 5 8 6 8 5 9 4 1 6 2 7 3 6 3 7 5 8 2 1 9 4 7 9 6 3 4 5 8 2 1 5 2 8 6 7 1 3 4 9 3 4 1 2 9 8 7 6 5 5 22 
2 9 8 4 5 3 6 1 7 7 1 5 7 6 9 4 3 8 4 6 3 1 2 8 5 9 2 1 2 3 9 4 7 8 6 5 4 5 9 1 8 6 2 7 3 8 7 6 5 3 2 1 9 4 9 7 1 3 4 5 9 2 6 5 8 2 6 7 8 3 4 1 3 4 6 2 9 1 7 8 5 14 25 
9 2 4 8 6 3 5 1 7 7 1 5 4 2 9 6 3 8 8 6 3 7 1 5 4 9 2 1 2 8 3 4 7 9 6 5 4 5 9 1 8 6 2 7 3 6 7 3 5 9 2 1 8 4 7 8 1 9 3 4 7 2 6 5 9 2 6 7 8 3 4 1 3 4 6 2 5 1 8 5 9 6 22 
8 9 4 4 5 3 6 1 7 2 1 5 7 6 9 4 3 8 7 6 3 8 2 1 9 5 2 1 3 2 9 4 7 8 6 5 4 5 9 1 8 6 2 7 3 6 7 8 5 3 2 1 9 4 9 8 1 3 7 4 5 2 6 5 2 7 6 9 8 3 4 1 3 4 6 2 1 5 7 8 9 3 21 
9 2 8 8 6 3 4 1 7 4 1 5 7 2 9 6 3 8 7 6 3 1 5 4 9 5 2 1 5 4 9 2 7 8 6 3 6 8 9 4 3 1 2 7 5 2 3 7 5 8 6 1 9 4 8 9 6 3 7 4 5 2 1 5 7 2 6 1 8 3 4 9 3 4 1 2 9 5 7 8 6 5 21 
9 2 8 4 6 3 5 1 7 4 1 5 7 2 9 6 3 8 7 6 3 8 5 1 4 9 2 1 5 2 3 4 7 9 8 6 4 7 9 1 8 6 2 5 3 8 3 6 5 9 2 1 7 4 6 8 1 9 3 4 7 2 5 5 9 2 6 7 8 3 4 1 3 4 7 2 1 5 8 6 9 3 20 
4 9 2 8 5 3 6 1 7 7 1 5 7 6 9 4 3 8 8 6 3 1 2 4 9 5 2 1 5 4 9 8 7 6 9 3 7 8 9 4 1 6 2 8 5 2 3 6 5 3 2 1 7 4 9 7 1 3 4 5 8 2 6 5 2 8 6 7 1 3 4 9 3 4 6 2 9 8 7 5 1 11 24 
4 8 2 8 6 3 5 1 7 7 1 5 4 2 9 6 3 8 9 6 3 7 5 1 4 9 2 1 2 4 9 8 7 6 5 3 8 5 9 4 3 6 2 7 1 6 3 7 5 1 2 9 8 4 6 9 8 3 7 4 8 2 1 5 7 2 6 1 8 3 4 9 3 4 1 2 9 5 7 6 5 11 24 
4 9 2 4 8 3 5 1 7 7 1 5 7 6 9 6 3 8 8 6 3 1 5 2 4 9 2 1 2 4 9 8 7 9 5 6 8 5 9 3 4 6 2 7 3 6 7 3 5 2 1 1 8 4 9 7 8 1 3 4 6 2 5 5 2 1 6 7 8 3 4 9 3 4 6 2 9 5 8 7 1 16 26 
8 9 2 4 5 3 5 1 7 7 1 5 7 6 9 6 3 8 4 6 3 1 8 2 4 9 2 1 2 4 3 9 7 8 6 5 8 5 9 4 6 1 2 7 3 7 3 6 5 2 8 1 9 4 9 8 7 3 5 4 5 2 6 5 2 1 6 9 8 3 4 9 3 4 6 2 7 1 7 8 1 23 27 
9 8 2 4 6 3 5 1 7 4 1 5 7 2 9 6 3 8 7 6 3 8 5 1 4 9 2 1 5 4 9 4 7 8 5 3 8 7 9 1 3 6 2 6 1 2 3 6 5 8 2 9 7 4 6 9 8 3 7 4 1 2 5 5 2 7 6 1 8 3 4 9 3 4 1 2 9 5 7 8 6 6 22 
8 9 4 4 2 3 5 1 7 2 1 5 7 6 9 4 6 8 7 6 3 1 5 8 9 3 2 1 5 2 9 4 7 8 6 3 4 8 9 3 8 1 2 7 5 6 3 7 5 2 6 1 9 4 9 7 1 3 4 5 8 2 1 5 2 8 6 7 1 3 4 9 3 4 6 2 9 8 7 5 6 15 25 
9 2 8 8 6 3 5 1 7 7 1 5 4 2 9 6 3 8 4 6 3 7 1 5 4 9 2 1 3 4 9 2 7 9 8 5 6 5 9 1 8 4 2 7 3 2 8 7 5 3 6 1 6 4 8 9 1 3 5 4 7 2 6 5 7 2 6 9 8 3 4 1 3 4 6 2 7 1 8 5 9 7 22 
2 9 8 8 6 3 4 1 7 4 1 5 7 2 9 6 3 8 7 6 3 1 5 4 5 9 2 1 3 4 9 2 7 8 5 6 8 5 9 4 1 6 2 7 3 6 7 2 5 3 8 1 9 4 9 8 7 3 4 5 6 2 1 5 2 1 6 7 8 3 4 9 3 4 6 2 9 1 7 8 5 7 22 
8 9 2 4 6 3 5 1 7 4 1 5 7 2 9 6 3 8 7 6 3 1 5 8 4 9 2 1 2 4 9 3 7 8 6 5 6 5 9 8 1 4 2 7 3 7 3 8 5 6 2 1 9 4 9 8 1 3 4 5 7 2 6 5 2 7 6 9 8 3 4 1 3 4 6 2 7 1 5 8 9 7 22 
9 8 4 4 2 3 5 1 7 2 1 5 7 6 9 4 6 8 7 6 3 1 5 8 9 3 2 1 5 2 3 9 7 6 8 3 4 3 9 8 4 1 2 7 5 6 7 8 5 2 6 1 9 4 8 9 1 9 3 4 7 2 6 5 2 7 6 7 8 3 4 1 3 4 6 2 1 5 8 5 9 12 24 
2 9 8 4 6 3 5 1 7 7 1 5 7 2 9 6 3 8 4 6 3 8 5 1 4 9 2 1 5 2 9 4 7 8 6 3 4 8 9 3 1 6 2 7 5 6 3 7 5 8 2 1 9 4 9 8 7 4 3 5 1 2 6 5 2 1 6 9 8 3 4 9 3 4 6 2 7 1 7 8 5 13 24 
4 9 8 4 5 3 9 1 7 2 1 5 7 6 9 6 3 8 7 6 3 8 1 2 4 5 2 1 2 4 3 9 7 5 8 6 8 5 9 1 4 6 2 7 3 6 3 7 5 2 8 1 9 4 6 9 7 8 3 4 5 2 1 5 2 8 6 7 1 3 4 9 3 4 1 2 9 5 7 8 6 15 25 
2 9 4 8 6 3 5 1 7 7 1 5 4 2 9 6 3 8 8 6 3 7 1 5 4 9 2 1 5 2 9 4 7 9 8 3 4 3 9 1 8 6 2 7 5 6 8 7 5 3 2 1 6 4 9 7 1 3 5 4 8 2 6 5 2 8 6 7 1 3 4 9 3 4 6 2 9 8 7 5 1 3 20 
9 2 8 4 6 3 9 1 7 4 1 5 7 2 9 6 3 8 7 6 3 1 5 8 4 5 2 1 3 2 9 8 7 6 9 5 4 5 9 3 4 6 2 7 1 6 8 7 5 1 2 8 3 4 8 9 1 8 3 4 7 2 6 5 7 2 6 7 1 3 4 9 3 4 6 2 9 5 5 8 1 14 24 
2 9 8 4 6 3 9 1 7 4 1 5 7 2 9 6 3 8 7 6 3 8 5 1 4 5 2 1 2 4 9 3 7 5 8 6 8 5 9 1 4 6 2 7 3 6 3 7 5 8 2 1 9 4 9 8 6 3 1 4 7 2 5 5 7 2 6 9 8 3 4 1 3 4 1 2 7 5 8 6 9 3 20 
9 2 8 4 5 3 6 1 7 7 1 5 7 6 9 4 3 8 4 6 3 8 1 2 5 9 2 1 5 4 9 2 7 8 5 3 6 3 9 1 4 8 2 7 1 2 8 7 5 3 6 9 6 4 8 9 6 3 7 4 1 2 5 5 7 2 6 8 1 3 4 9 3 4 1 2 9 5 7 8 6 6 20 
9 8 4 4 5 3 6 1 7 2 1 5 7 6 9 4 3 8 7 6 3 1 2 8 5 9 2 1 2 6 9 4 7 8 5 3 4 5 9 8 3 6 2 7 1 8 3 7 5 1 2 9 6 4 6 9 8 3 7 4 1 2 5 5 7 2 6 8 1 3 4 9 3 4 1 2 9 5 7 8 6 3 19 
9 2 8 4 6 3 5 1 7 4 1 5 7 2 9 4 6 8 7 6 3 1 8 5 9 3 2 1 5 2 4 3 7 6 8 3 4 7 9 8 1 6 2 7 5 8 3 6 5 9 2 1 9 4 6 9 1 3 8 4 7 2 1 5 2 8 6 7 1 3 4 9 3 4 7 2 9 5 8 5 6 15 25 
8 9 2 8 5 3 4 1 7 7 1 5 4 6 9 6 3 8 4 6 3 7 1 2 5 9 2 1 8 4 3 9 7 9 5 6 6 5 9 1 4 8 2 7 3 2 3 7 5 2 6 1 8 4 6 9 8 9 3 4 5 2 1 5 7 2 6 8 1 3 4 9 3 4 1 2 7 5 7 8 6 14 24 
2 8 4 8 6 3 9 1 7 7 1 5 4 2 9 6 3 8 9 6 3 7 1 5 4 5 2 1 3 2 9 4 7 8 6 5 4 5 9 1 8 6 2 7 3 6 7 8 5 3 2 1 9 4 8 9 1 3 5 4 7 2 6 5 2 7 6 9 8 3 4 1 3 4 6 2 7 1 5 8 9 3 19 
8 9 2 4 5 3 6 1 7 7 1 5 7 6 9 4 3 8 4 6 3 1 8 2 9 5 2 1 5 6 9 2 7 5 8 6 4 3 9 8 1 4 2 7 3 2 8 7 5 3 6 1 9 4 9 8 6 3 5 4 8 2 9 5 2 7 6 7 8 3 4 1 3 4 1 2 9 1 7 5 6 19 25 
8 9 4 4 2 3 6 1 7 2 1 5 7 6 9 4 3 8 7 6 3 8 1 5 5 9 2 1 5 4 4 8 7 9 6 3 6 3 9 1 3 6 2 7 5 8 7 2 5 9 2 1 8 4 9 8 6 3 5 4 7 2 6 5 2 1 6 7 8 3 4 9 3 4 7 2 9 1 8 5 1 14 24 
4 9 8 8 6 3 5 1 7 2 1 5 7 2 9 4 6 8 7 6 3 1 5 4 9 3 2 1 2 4 9 8 7 5 9 6 7 5 9 4 1 6 2 3 1 8 3 6 5 3 2 7 8 4 6 9 7 3 8 4 1 2 5 5 8 2 6 9 1 3 4 9 3 4 1 2 7 5 8 7 6 17 24 
2 9 8 4 5 3 6 1 7 7 1 5 7 6 9 4 3 8 4 6 3 8 1 2 9 5 2 1 5 4 9 2 7 8 6 3 6 3 9 1 8 4 2 7 5 8 7 2 5 3 6 1 9 4 9 8 1 3 4 5 7 2 6 5 2 7 6 9 8 3 4 1 3 4 6 2 7 1 5 8 9 3 19 
8 9 4 8 2 3 6 1 7 2 1 5 7 6 9 4 3 8 7 6 3 4 1 5 9 5 2 1 2 3 9 4 7 8 6 5 4 5 9 1 8 6 2 7 3 6 7 8 5 3 2 1 9 4 9 7 6 3 5 4 7 2 1 5 8 2 6 7 1 3 4 9 3 4 1 2 9 8 5 8 6 7 22 
9 2 8 4 5 3 6 1 7 4 1 5 7 6 9 4 3 8 7 6 3 8 1 2 9 5 2 1 3 4 9 2 7 5 8 6 8 5 9 1 4 6 2 7 3 2 7 6 5 3 8 1 9 4 6 9 1 3 8 4 7 2 5 5 8 2 6 7 1 3 4 9 3 4 7 2 9 5 8 6 1 3 19 
9 8 2 8 5 3 4 1 7 4 1 5 7 6 9 6 3 8 7 6 3 1 4 2 9 5 2 1 3 4 9 2 7 5 8 6 6 5 9 4 8 1 2 7 3 2 7 8 5 3 6 1 9 4 8 9 6 3 7 4 7 2 1 5 2 1 6 9 8 3 4 9 3 4 7 2 1 5 8 6 5 7 21 
2 9 4 8 6 3 4 1 7 7 1 5 4 2 9 6 3 8 8 6 3 7 1 5 9 5 2 1 3 2 9 4 7 5 8 6 4 5 9 1 8 6 2 7 3 6 7 8 5 3 2 1 9 4 9 8 6 3 5 4 7 2 1 5 2 1 6 7 8 3 4 9 3 4 7 2 9 1 8 6 5 3 18 
4 9 2 8 6 3 5 1 7 7 1 5 4 2 9 6 3 8 8 6 3 7 1 5 4 9 2 1 2 4 9 6 7 8 5 3 8 5 9 1 3 4 2 7 6 6 3 7 5 8 2 1 9 4 9 7 8 3 4 1 6 2 5 5 2 1 6 7 8 3 4 9 3 4 6 2 9 5 7 8 1 7 21 
4 9 8 4 5 3 6 1 7 2 1 5 7 6 9 4 3 8 7 6 3 8 1 2 9 5 2 1 2 4 9 3 7 8 6 5 6 5 9 1 4 8 2 7 3 8 3 7 5 2 6 1 9 4 9 7 1 3 8 4 5 2 6 5 8 2 6 7 1 3 4 9 3 4 6 2 9 5 7 8 1 3 18 
9 8 2 4 6 3 5 1 7 4 1 5 7 2 9 6 3 8 7 6 3 8 5 1 4 9 2 1 5 4 3 2 7 9 8 6 6 7 9 1 4 8 2 5 3 2 3 8 5 9 6 1 7 4 8 9 6 1 3 4 7 2 5 5 2 1 6 7 8 3 4 9 3 4 7 2 9 5 8 6 1 5 19 
9 8 4 4 6 3 5 1 7 2 1 5 7 2 9 6 3 8 7 6 3 1 8 5 4 9 2 1 2 6 9 4 7 9 8 5 4 5 9 8 1 6 2 7 3 8 3 7 5 3 2 1 6 4 6 7 1 3 5 4 8 2 9 5 9 2 6 7 8 3 4 1 3 4 8 2 9 1 7 5 6 5 19 
2 9 8 4 6 3 5 1 7 4 1 5 7 2 9 6 3 8 7 6 3 1 5 8 4 9 2 1 2 4 9 4 7 8 5 3 6 5 9 3 8 6 2 7 1 8 3 7 5 1 2 9 6 4 9 7 6 8 3 4 1 2 5 5 8 2 6 7 1 3 4 9 3 4 1 2 9 5 7 8 6 3 17 
4 9 2 8 6 3 5 1 7 7 1 5 4 2 9 6 3 8 8 6 3 7 1 5 4 9 2 1 2 4 9 8 7 9 6 5 8 5 9 1 4 6 2 7 3 6 3 7 5 3 2 1 8 4 9 7 6 3 5 4 8 2 9 5 2 1 6 9 8 3 4 1 3 4 8 2 7 1 7 5 6 8 21 
4 9 8 4 2 3 6 1 7 2 1 5 7 6 9 4 3 8 7 6 3 1 5 8 9 5 2 1 2 4 9 3 7 5 9 6 8 5 9 8 1 4 2 3 1 6 7 3 5 2 6 8 7 4 9 8 6 3 4 1 7 2 5 5 2 7 6 9 8 3 4 1 3 4 1 2 7 5 8 6 9 15 23 
9 8 4 4 5 3 6 1 7 2 1 5 7 6 9 4 3 8 7 6 3 8 2 1 9 5 2 1 5 2 9 4 7 5 8 3 4 8 9 3 1 6 2 7 6 6 3 7 5 8 2 1 9 4 8 9 6 1 3 4 7 2 5 5 2 7 6 9 8 3 4 1 3 4 1 2 7 5 8 6 9 7 19 
9 2 8 4 5 3 6 1 7 7 1 5 7 6 9 4 3 8 4 6 3 8 1 2 9 5 2 1 3 4 9 2 7 5 8 6 6 5 9 1 8 4 2 7 3 2 8 7 5 3 6 1 9 4 8 9 6 3 4 1 7 2 5 5 7 2 6 9 8 3 4 1 3 4 1 2 7 5 8 6 9 3 16 
9 2 4 8 6 3 5 1 7 7 1 5 4 2 9 6 3 8 8 6 3 7 1 5 4 9 2 1 8 2 9 3 7 9 6 5 4 5 9 1 4 6 2 8 3 7 3 6 5 8 2 1 7 4 6 9 7 3 5 4 8 2 1 5 2 1 6 7 8 3 4 9 3 4 8 2 9 1 7 5 6 6 18 
2 9 8 4 6 3 5 1 7 4 1 5 7 2 9 6 3 8 7 6 3 8 1 5 4 9 2 1 2 4 9 8 7 9 6 5 8 5 9 1 4 6 2 7 3 6 3 7 5 3 2 1 8 4 9 8 1 3 5 4 7 2 6 5 7 2 6 9 8 3 4 1 3 4 6 2 7 1 8 5 9 3 16 
2 9 8 4 6 3 5 1 7 7 1 5 7 2 9 4 6 8 4 6 3 8 1 5 9 3 2 1 2 4 9 3 7 6 8 5 8 5 9 1 4 6 2 7 3 6 7 3 5 8 2 1 9 4 9 8 6 3 5 4 7 2 1 5 2 1 6 7 8 3 4 9 3 4 7 2 9 1 8 5 6 5 16 
2 9 4 8 6 3 4 1 7 7 1 5 4 2 9 6 3 8 8 6 3 7 5 1 9 5 2 1 5 2 9 4 7 8 6 3 4 3 9 1 8 6 2 7 5 6 7 8 5 3 2 1 9 4 9 8 1 3 7 4 5 2 6 5 2 7 6 9 8 3 4 1 3 4 6 2 1 5 7 8 9 3 15 
4 9 2 8 5 3 6 1 7 7 1 5 7 6 9 4 3 8 8 6 3 1 4 2 5 9 2 1 5 4 3 2 7 9 8 6 6 7 9 4 8 1 2 5 3 2 3 8 5 9 6 1 7 4 9 8 6 3 7 4 8 2 1 5 7 2 6 1 8 3 4 9 3 4 1 2 9 5 7 6 5 9 22 
8 9 4 4 6 3 5 1 7 2 1 5 7 2 9 6 3 8 7 6 3 1 5 8 4 9 2 1 3 2 9 4 7 8 5 3 4 5 9 8 3 6 2 7 1 6 7 8 5 1 2 9 6 4 9 8 6 3 7 4 1 2 5 5 2 7 6 8 1 3 4 9 3 4 1 2 9 5 7 8 6 5 16 
9 2 4 8 2 3 6 1 7 7 1 5 7 6 9 4 3 8 8 6 3 4 5 1 5 9 2 1 5 4 9 3 7 8 6 3 6 8 9 1 4 6 2 5 1 2 3 7 5 8 2 9 7 4 8 7 6 3 4 1 7 2 5 5 9 2 6 7 8 3 4 1 3 4 1 2 9 5 8 6 9 18 23 
2 9 4 8 6 3 9 1 7 7 1 5 4 2 9 6 3 8 8 6 3 7 5 1 4 5 2 1 3 2 9 4 7 8 6 5 4 5 9 1 8 6 2 7 3 6 7 8 5 3 2 1 9 4 9 8 6 3 1 4 5 2 1 5 2 7 6 7 8 3 4 9 3 4 1 2 9 5 7 8 6 5 14 
9 8 2 4 6 3 5 1 7 4 1 5 7 2 9 6 3 8 7 6 3 8 1 5 4 9 2 1 3 4 9 2 7 9 5 6 6 5 9 1 8 4 2 7 3 2 7 8 5 3 6 1 8 4 8 9 6 3 4 1 7 2 5 5 2 7 6 9 8 3 4 1 3 4 1 2 7 5 8 6 9 5 13 

