MonoObjective Genetic Algorithm
Number of Evaluations = 0
Mutation Probability = 0.0100000000000000002
Crossover Probability = 0.5
Population Size = 100
Survival Selection Type = 16

Time =  300.037123000000008

Current Evaluation = 172100
Front Size = 100
2 9 4 8 6 3 5 1 7 7 1 5 4 2 9 6 3 8 8 6 3 7 5 1 4 9 2 1 5 2 9 4 7 8 6 3 4 7 9 3 8 6 2 5 1 6 3 8 5 1 2 9 7 4 9 8 6 1 3 4 7 2 5 5 2 1 6 7 8 3 4 9 3 4 7 2 9 5 1 8 6 1 18 
9 2 8 4 5 3 6 1 7 4 1 5 7 6 9 4 3 8 7 6 3 1 8 2 9 5 2 1 3 4 9 2 7 5 8 6 6 5 9 8 1 4 2 7 3 2 8 7 5 3 6 1 9 4 8 9 6 3 4 1 7 2 5 5 7 2 6 9 8 3 4 1 3 4 1 2 7 5 8 6 9 3 50 
9 2 8 4 6 3 5 1 7 4 1 5 7 2 9 6 3 8 7 6 3 8 1 5 4 9 2 1 5 4 9 8 7 9 6 3 8 3 9 1 4 6 2 7 5 2 7 6 5 3 2 1 8 4 6 9 7 3 5 4 8 2 1 5 8 2 6 7 1 3 4 9 3 4 1 2 9 8 7 5 6 3 39 
4 9 8 8 5 3 6 1 7 2 1 5 7 6 9 4 3 8 7 6 3 1 4 2 9 5 2 1 5 4 9 2 7 8 9 3 8 7 9 4 3 1 2 6 5 6 3 2 5 8 6 1 7 4 9 8 1 3 7 4 5 2 6 5 2 7 6 1 8 3 4 9 3 4 6 2 9 5 7 8 1 5 37 
9 8 4 4 5 3 6 1 7 2 1 5 7 6 9 4 3 8 7 6 3 1 2 8 5 9 2 1 2 6 9 4 7 8 5 3 4 5 9 8 3 6 2 7 1 8 3 7 5 1 2 9 6 4 6 9 8 3 7 4 1 2 5 5 7 2 6 8 1 3 4 9 3 4 1 2 9 5 7 8 6 3 35 
4 2 8 8 6 3 5 1 7 7 1 5 4 2 9 6 3 8 9 6 3 7 5 1 4 9 2 1 8 4 3 2 7 9 5 6 6 5 9 8 4 1 2 7 3 2 3 7 5 9 6 1 8 4 8 7 1 9 3 4 6 2 5 5 9 2 6 7 8 3 4 1 3 4 6 2 1 5 7 8 9 8 35 
8 9 4 8 2 3 5 1 7 2 1 5 7 6 9 4 6 8 7 6 3 4 5 1 9 3 2 1 3 2 9 4 7 8 5 6 4 5 9 1 8 6 2 7 3 6 7 8 5 3 2 1 9 4 9 8 6 3 1 4 7 2 5 5 2 7 6 9 8 3 4 1 3 4 1 2 7 5 6 8 9 4 31 
9 8 2 4 5 3 6 1 7 7 1 5 7 6 9 4 3 8 4 6 3 8 1 2 5 9 2 1 5 4 3 2 7 9 8 6 8 7 9 1 4 6 2 5 3 2 3 6 5 9 8 1 7 4 6 9 7 9 3 4 8 2 5 5 2 8 6 7 1 3 4 1 3 4 1 2 8 5 7 6 9 5 31 
9 8 2 8 6 3 4 1 7 4 1 5 7 2 9 6 3 8 7 6 3 1 5 4 9 5 2 1 5 4 9 3 7 8 6 3 8 3 9 4 1 6 2 7 5 2 7 6 5 8 2 1 9 4 8 9 1 3 4 5 7 2 6 5 2 7 6 9 8 3 4 1 3 4 6 2 7 1 5 8 9 7 32 
9 8 4 8 5 3 6 1 7 2 1 5 7 6 9 4 3 8 7 6 3 1 4 2 9 5 2 1 2 6 4 9 7 5 8 3 4 5 9 3 8 1 2 7 6 8 3 7 5 2 6 1 9 4 6 7 1 9 3 4 8 2 5 5 9 2 6 7 8 3 4 1 3 4 8 2 1 5 7 6 9 3 30 
8 9 4 8 2 3 6 1 7 2 1 5 7 6 9 4 3 8 7 6 3 1 5 4 5 9 2 1 8 2 4 3 7 9 5 6 4 5 9 8 1 6 2 7 3 6 3 7 5 9 2 1 8 4 9 7 6 3 4 5 8 2 1 5 2 8 6 7 1 3 4 9 3 4 1 2 9 8 7 6 5 5 30 
8 9 2 8 5 3 4 1 7 4 1 5 7 6 9 6 3 8 7 6 3 4 1 2 5 9 2 1 5 4 9 3 7 9 8 6 6 7 9 1 8 4 2 5 3 2 3 8 5 2 6 1 7 4 9 8 7 3 4 5 6 2 9 5 2 1 6 9 8 3 4 1 3 4 6 2 7 1 7 8 5 11 31 
9 2 8 4 6 3 5 1 7 4 1 5 7 2 9 6 3 8 7 6 3 1 8 5 4 9 2 1 5 2 3 4 7 8 6 9 4 7 9 8 1 6 2 5 3 8 3 6 5 9 2 1 7 4 6 8 1 9 3 4 7 2 5 5 9 2 6 7 8 3 4 1 3 4 7 2 5 1 9 8 6 3 28 
2 8 4 8 6 3 9 1 7 7 1 5 4 2 9 6 3 8 9 6 3 7 5 1 4 5 2 1 3 2 9 4 7 8 6 5 4 5 9 1 8 6 2 7 3 8 7 6 5 3 2 1 9 4 6 9 8 3 7 4 5 2 1 5 2 7 6 1 8 3 4 9 3 4 1 2 9 5 7 8 6 3 27 
2 9 8 4 6 3 5 1 7 7 1 5 7 2 9 4 6 8 4 6 3 8 5 1 9 3 2 1 5 4 9 3 7 6 8 9 6 7 9 1 4 8 2 5 3 8 2 3 5 6 2 1 7 4 8 7 1 3 1 4 9 2 5 5 9 2 6 7 8 3 4 1 3 4 6 2 9 5 8 7 6 15 33 
9 8 4 4 2 3 6 1 7 2 1 5 7 6 9 4 3 8 7 6 3 1 5 8 9 5 2 1 3 2 9 4 7 5 8 6 4 5 9 8 1 6 2 7 3 8 7 6 5 3 2 1 9 4 6 9 1 3 8 4 7 2 5 5 2 8 6 7 1 3 4 9 3 4 7 2 9 5 8 6 1 3 26 
2 9 8 4 6 3 4 1 7 4 1 5 7 2 9 6 3 8 7 6 3 8 5 1 9 5 2 1 2 4 9 3 7 8 6 5 8 5 9 1 4 6 2 7 3 6 3 7 5 8 2 1 9 4 9 8 1 3 7 4 5 2 6 5 7 2 6 1 8 3 4 9 3 4 6 2 9 5 7 8 1 3 25 
9 2 8 8 5 3 4 1 7 7 1 5 4 6 9 6 3 8 4 6 3 1 7 2 9 5 2 1 5 4 9 2 7 8 6 3 6 8 9 3 4 1 2 7 5 2 3 7 5 8 6 1 9 4 8 9 6 7 3 4 5 2 1 5 7 2 6 1 8 3 4 9 3 4 1 2 9 5 7 8 6 4 27 
4 9 2 8 6 3 5 1 7 7 1 5 4 2 9 6 3 8 8 6 3 7 5 1 4 9 2 1 3 4 9 2 7 5 8 6 6 5 9 1 8 4 2 7 3 2 8 7 5 3 6 1 9 4 9 7 6 3 4 5 8 2 1 5 2 1 6 7 8 3 4 9 3 4 8 2 9 1 7 6 5 5 28 
4 9 8 8 5 3 6 1 7 2 1 5 7 6 9 4 3 8 7 6 3 4 1 2 9 5 2 1 5 4 9 2 7 8 6 3 6 3 9 1 8 4 2 7 5 8 2 7 5 3 6 1 9 4 9 8 1 3 4 5 7 2 6 5 7 2 6 9 8 3 4 1 3 4 6 2 7 1 5 8 9 3 25 
8 9 4 8 5 3 4 1 7 2 1 5 7 6 9 6 3 8 7 6 3 4 2 1 9 5 2 1 5 2 8 4 7 9 6 3 4 8 9 1 3 6 2 7 5 6 7 3 5 9 2 1 8 4 9 8 7 9 3 4 5 2 6 5 2 1 6 7 8 3 4 9 3 4 6 2 1 5 8 7 1 13 30 
9 8 2 8 5 3 5 1 7 4 1 5 7 6 9 4 6 8 7 6 3 1 4 2 9 3 2 1 5 2 3 2 7 9 6 3 4 8 9 4 8 6 2 5 1 6 3 7 5 9 1 7 8 4 9 7 6 1 3 4 8 2 6 5 2 8 6 9 8 3 4 1 3 4 1 2 7 5 7 5 9 27 31 
2 8 4 8 6 3 9 1 7 7 1 5 7 4 9 6 3 8 9 6 3 1 5 2 4 5 2 1 5 8 4 2 7 6 8 3 4 3 9 3 1 6 2 7 5 7 2 6 5 9 8 1 9 4 8 9 1 9 3 4 5 2 6 5 2 7 6 7 1 3 4 9 3 4 6 2 8 5 8 7 1 16 30 
4 9 8 8 2 3 6 1 7 2 1 5 7 6 9 4 3 8 7 6 3 4 1 5 5 9 2 1 2 4 3 8 7 9 5 6 8 5 9 1 4 6 2 7 3 7 3 6 5 9 2 1 8 4 6 8 1 9 3 4 7 2 5 5 9 2 6 7 8 3 4 1 3 4 7 2 5 1 8 6 9 5 27 
4 2 8 8 6 3 5 1 7 7 1 5 4 2 9 6 3 8 9 6 3 7 5 1 4 9 2 1 5 4 9 4 7 9 8 3 7 3 9 1 8 6 2 5 6 2 8 6 5 3 2 1 7 4 8 9 6 3 1 4 7 2 5 5 7 2 6 9 8 3 4 1 3 4 1 2 7 5 8 6 9 9 28 
2 8 4 8 5 3 9 1 7 7 1 5 7 6 9 4 6 8 9 6 3 1 2 4 5 3 2 1 3 4 3 9 7 8 5 6 6 5 9 4 8 1 2 7 3 8 2 7 5 6 2 1 9 4 8 9 1 9 3 4 5 2 6 5 7 2 6 7 8 3 4 9 3 4 6 2 1 5 7 8 1 17 30 
2 9 8 4 5 3 6 1 7 7 1 5 7 6 9 4 3 8 4 6 3 1 8 2 5 9 2 1 5 4 9 2 7 8 6 3 6 7 9 8 3 4 2 5 1 8 3 2 5 1 6 9 7 4 9 8 7 3 4 5 1 2 6 5 2 1 6 7 8 3 4 9 3 4 6 2 9 1 7 8 5 3 24 
9 8 2 4 5 3 6 1 7 7 1 5 7 6 9 4 3 8 4 6 3 8 2 1 9 5 2 1 3 4 9 8 7 5 6 3 8 5 9 3 4 6 2 7 1 2 7 6 5 1 2 8 9 4 6 9 8 1 3 4 7 2 5 5 2 1 6 7 8 3 4 9 3 4 7 2 9 5 1 8 6 5 26 
8 9 4 8 2 3 5 1 7 2 1 5 4 6 9 6 3 8 7 6 3 7 1 5 4 9 2 1 5 2 9 4 7 6 8 3 4 3 9 1 8 6 2 7 5 6 8 7 5 3 2 1 9 4 9 7 1 3 5 4 8 2 6 5 2 8 6 7 1 3 4 9 3 4 6 2 9 8 7 5 1 6 27 
8 9 4 8 6 3 5 1 7 2 1 5 7 4 9 6 3 8 7 6 3 1 5 2 4 9 2 1 3 6 4 2 7 9 8 5 4 5 9 3 8 1 2 7 6 2 7 8 5 9 6 1 3 4 6 8 1 4 3 5 7 2 9 5 9 2 6 7 8 3 4 1 3 4 7 2 9 1 8 6 5 10 28 
9 8 2 8 4 3 5 1 7 4 1 5 7 6 9 6 3 8 7 6 3 1 5 2 4 9 2 1 5 4 9 2 7 8 5 3 6 3 9 4 8 6 2 7 1 7 2 8 5 3 1 9 6 4 8 7 6 3 1 4 1 2 5 5 9 2 6 7 8 3 4 9 3 4 1 2 9 5 7 8 6 10 28 
9 8 2 8 6 3 4 1 7 7 1 5 4 2 9 6 3 8 4 6 3 7 1 5 9 5 2 1 2 4 9 3 7 5 8 6 8 5 9 1 4 6 2 7 3 6 3 7 5 8 2 1 9 4 7 9 6 3 5 4 8 2 1 5 2 8 6 7 1 3 4 9 3 4 1 2 9 8 7 6 5 5 25 
2 9 4 8 5 3 6 1 7 7 1 5 7 6 9 4 3 8 8 6 3 1 2 4 9 5 2 1 5 2 9 4 7 8 6 3 4 8 9 3 1 6 2 7 5 6 3 7 5 8 2 1 9 4 9 7 1 4 3 8 5 2 6 5 2 8 6 7 1 3 4 9 3 4 6 2 9 5 7 8 1 3 24 
9 2 8 4 6 3 5 1 7 4 1 5 7 2 9 6 3 8 7 6 3 1 5 8 4 9 2 1 8 2 3 4 7 9 5 6 4 5 9 8 1 6 2 7 3 6 3 7 5 9 2 1 8 4 8 9 6 9 3 4 7 2 1 5 7 2 6 8 1 3 4 9 3 4 1 2 7 5 8 6 5 5 25 
9 8 4 4 6 3 5 1 7 2 1 5 7 2 9 4 6 8 7 6 3 8 1 5 9 3 2 1 3 2 9 4 7 6 8 5 4 5 9 1 8 6 2 7 3 8 7 6 5 3 2 1 9 4 6 9 7 3 5 4 8 2 1 5 2 1 6 7 8 3 4 9 3 4 8 2 9 1 7 5 6 4 23 
8 9 4 4 5 3 6 1 7 2 1 5 7 6 9 4 3 8 7 6 3 8 2 1 9 5 2 1 2 8 9 4 7 5 8 3 4 5 9 3 1 6 2 7 6 6 3 7 5 8 2 1 9 4 9 8 6 1 3 4 7 2 5 5 7 2 6 9 8 3 4 1 3 4 1 2 7 5 8 6 9 5 24 
9 8 2 4 5 3 6 1 7 4 1 5 7 6 9 4 3 8 7 6 3 1 8 2 9 5 2 1 3 4 9 2 7 8 6 5 6 5 9 8 4 1 2 7 3 2 7 8 5 3 6 1 9 4 8 9 1 3 7 4 5 2 6 5 2 7 6 1 8 3 4 9 3 4 6 2 9 5 7 8 1 3 22 
2 8 4 4 5 3 9 1 7 7 1 5 7 6 9 6 3 8 9 6 3 1 2 8 4 5 2 1 3 8 9 4 7 5 8 3 4 5 9 8 1 6 2 6 1 6 7 2 5 3 2 9 7 4 8 9 6 3 4 1 7 2 5 5 2 7 6 9 8 3 4 9 3 4 1 2 7 5 1 8 6 17 28 
4 9 2 8 5 3 6 1 7 7 1 5 7 6 9 4 3 8 8 6 3 4 1 2 9 5 2 1 3 4 9 2 7 5 8 6 6 5 9 1 4 8 2 7 3 2 7 8 5 3 6 1 9 4 6 9 7 3 9 4 8 2 1 5 8 2 6 7 1 3 4 9 3 4 1 2 8 5 7 6 5 8 25 
9 2 4 8 6 3 4 1 7 7 1 5 4 2 9 6 3 8 8 6 3 7 5 1 9 5 2 1 5 2 9 4 7 8 6 3 4 3 9 1 8 6 2 7 5 6 8 7 5 3 2 1 9 4 8 7 1 3 9 4 5 2 6 5 9 2 6 7 8 3 4 1 3 4 6 2 1 5 7 8 9 5 24 
9 8 2 8 6 3 9 1 7 4 1 5 4 2 9 4 6 8 7 6 3 7 5 1 5 3 2 1 2 8 9 6 7 5 8 6 4 5 9 8 1 4 2 7 1 6 3 7 5 3 2 9 3 4 8 9 6 3 4 5 7 2 5 5 2 7 6 7 8 3 4 1 3 4 1 2 9 1 8 6 9 31 29 
9 2 8 8 6 3 4 1 7 4 1 5 4 2 9 6 3 8 7 6 3 7 1 5 9 5 2 1 3 2 8 9 7 8 5 3 4 5 9 4 3 6 2 7 1 6 7 8 5 1 2 9 6 4 6 9 8 3 7 4 5 2 6 5 7 2 6 9 8 3 4 1 3 4 1 2 5 1 7 8 9 25 27 
9 2 4 8 5 3 5 1 7 7 1 5 7 6 9 6 3 8 8 6 3 4 1 2 4 9 2 1 3 4 4 2 7 8 6 5 6 5 9 3 8 1 2 3 1 2 8 7 5 9 6 9 7 4 9 7 6 3 5 4 7 2 5 5 2 1 6 7 8 3 4 1 3 4 8 2 9 1 8 9 6 29 28 
2 9 8 4 6 3 5 1 7 4 1 5 7 2 9 6 3 8 7 6 3 8 1 5 4 9 2 1 5 4 9 3 7 8 6 9 8 7 9 1 4 6 2 5 3 6 3 2 5 8 2 1 7 4 9 8 1 3 5 4 7 2 6 5 2 7 6 9 8 3 4 1 3 4 6 2 7 1 9 8 5 3 21 
2 9 8 8 4 3 5 1 7 4 1 5 7 6 9 6 3 8 7 6 3 1 5 2 4 9 2 1 2 4 9 3 7 5 6 9 6 5 9 4 8 1 2 7 3 8 3 7 5 2 6 1 8 4 8 7 1 3 7 4 9 2 6 5 9 2 6 1 8 3 4 1 3 4 6 2 9 5 8 7 5 13 26 
4 9 8 4 5 3 5 1 7 2 1 5 7 6 9 6 3 8 7 6 3 1 2 8 4 9 2 1 5 4 9 6 7 9 5 3 8 3 9 8 1 4 2 7 6 7 2 6 5 3 2 1 8 4 6 9 7 3 4 8 7 2 5 5 8 2 6 9 1 3 4 1 3 4 1 2 7 5 8 6 9 15 26 
2 9 4 8 4 3 5 1 7 7 1 5 7 6 9 6 3 8 8 6 3 1 5 2 4 9 2 1 5 4 9 2 7 9 5 6 8 7 9 4 3 1 2 7 3 6 3 2 5 8 6 1 8 4 9 8 6 3 5 4 7 2 1 5 2 1 6 7 8 3 4 9 3 4 7 2 9 1 8 6 5 15 26 
2 9 8 4 8 3 5 1 7 7 1 5 7 6 9 4 6 8 4 6 3 1 5 2 9 3 2 1 3 4 9 2 7 6 5 9 6 5 9 8 1 4 2 8 3 8 7 2 5 3 6 1 7 4 9 7 6 1 3 4 8 2 5 5 2 8 6 7 8 3 4 1 3 4 1 2 9 5 7 9 6 16 26 
9 2 4 8 5 3 9 1 7 7 1 5 4 6 9 6 3 8 8 6 3 7 1 2 4 5 2 1 5 2 3 2 7 9 6 3 4 7 9 1 4 6 2 8 5 6 3 8 5 9 8 1 7 4 9 8 6 3 5 4 8 2 5 5 2 1 6 7 8 3 4 1 3 4 7 2 9 1 7 6 9 22 26 
8 9 4 4 5 3 5 1 7 2 1 5 7 6 9 6 3 8 7 6 3 8 1 2 4 9 2 1 5 2 9 3 7 9 8 6 4 8 9 1 4 6 2 5 3 6 3 7 5 2 8 1 7 4 9 7 6 3 8 4 7 2 5 5 2 8 6 9 1 3 4 1 3 4 1 2 7 5 8 6 9 10 25 
2 9 4 8 5 3 6 1 7 7 1 5 7 6 9 4 3 8 8 6 3 4 1 2 5 9 2 1 8 2 9 4 7 6 5 3 4 5 9 3 8 6 2 7 1 6 3 7 5 2 1 9 8 4 9 7 6 1 3 4 8 2 5 5 2 1 6 7 8 3 4 9 3 4 8 2 9 5 7 6 1 5 24 
9 8 2 4 6 3 5 1 7 4 1 5 7 2 9 6 3 8 7 6 3 1 5 8 4 9 2 1 5 4 9 8 7 9 6 3 8 7 9 3 4 6 2 5 1 2 3 6 5 1 2 7 8 4 6 9 7 8 3 4 1 2 5 5 2 8 6 7 1 3 4 9 3 4 1 2 9 5 8 7 6 3 21 
2 9 4 8 5 3 6 1 7 7 1 5 4 6 9 4 3 8 8 6 3 7 2 1 9 5 2 1 3 2 9 4 7 5 8 6 4 5 9 1 8 6 2 7 3 6 7 8 5 3 2 1 9 4 9 8 6 3 1 4 7 2 5 5 2 1 6 7 8 3 4 9 3 4 7 2 9 5 8 6 1 3 20 
9 2 8 4 6 3 9 1 7 4 1 5 7 2 9 6 3 8 7 6 3 8 5 1 4 5 2 1 3 4 9 2 7 5 8 6 8 5 9 1 4 6 2 7 3 2 7 6 5 3 8 1 9 4 6 8 1 3 9 4 7 2 5 5 9 2 6 7 8 3 4 1 3 4 7 2 1 5 8 6 9 5 24 
8 9 2 4 6 3 6 1 7 7 1 5 7 2 9 4 3 8 4 6 3 1 5 8 9 5 2 1 8 2 9 4 7 5 6 3 4 5 9 8 3 6 2 7 1 6 3 7 5 1 2 9 8 4 9 7 8 3 7 4 1 2 6 5 2 1 6 8 1 3 4 9 3 4 6 2 9 5 8 7 5 11 25 
2 9 8 4 2 3 6 1 7 7 1 5 7 6 9 4 3 8 4 6 3 1 8 5 5 9 2 1 3 4 9 3 7 8 5 6 6 5 9 8 4 6 2 7 3 8 7 2 5 1 2 1 9 4 9 8 6 3 5 4 7 2 1 5 2 7 6 7 1 3 4 9 3 4 1 2 9 8 6 8 5 12 25 
9 8 2 4 6 3 5 1 7 4 1 5 7 2 9 6 3 8 7 6 3 1 5 8 4 9 2 1 2 4 8 6 7 9 5 3 8 5 9 3 4 1 2 7 6 6 3 7 5 9 2 1 8 4 6 7 1 9 3 4 8 2 5 5 9 2 6 7 8 3 4 1 3 4 8 2 1 5 7 6 9 5 22 
8 9 2 4 5 3 6 1 7 7 1 5 7 6 9 4 3 8 4 6 3 8 1 2 9 5 2 1 8 4 9 2 7 5 8 6 6 5 9 1 3 4 2 7 3 2 3 7 5 8 6 1 9 4 9 7 6 3 4 1 8 2 5 5 2 1 6 7 8 3 4 9 3 4 8 2 9 5 7 6 1 5 21 
9 8 2 4 5 3 6 1 7 7 1 5 7 6 9 4 3 8 4 6 3 1 8 2 5 9 2 1 8 4 3 2 7 9 5 6 6 5 9 8 4 1 2 7 3 2 7 3 5 9 6 1 8 4 8 9 6 9 3 4 7 2 1 5 2 1 6 7 8 3 4 9 3 4 7 2 1 5 8 6 5 7 24 
2 9 8 4 6 3 5 1 7 4 1 5 7 2 9 6 3 8 7 6 3 1 8 5 4 9 2 1 2 4 8 3 7 9 5 6 8 5 9 4 1 6 2 7 3 6 3 7 5 9 2 1 8 4 9 7 6 3 5 4 8 2 1 5 8 2 6 7 1 3 4 9 3 4 1 2 9 8 7 6 5 3 20 
9 2 8 4 6 3 5 1 7 4 1 5 7 2 9 6 3 8 7 6 3 8 5 1 4 9 2 1 3 4 9 2 7 8 5 9 6 5 9 1 4 8 2 7 3 2 8 7 5 3 6 1 6 4 8 7 6 3 1 4 9 2 5 5 9 2 6 7 8 3 4 1 3 4 1 2 9 5 7 8 6 5 21 
2 9 8 4 6 3 5 1 7 4 1 5 7 2 9 6 3 8 7 6 3 8 5 1 4 9 2 1 3 4 9 2 7 8 5 6 6 5 9 1 8 4 2 7 3 8 7 2 5 3 6 1 9 4 9 8 6 3 4 5 7 2 9 5 2 7 6 9 8 3 4 1 3 4 1 2 7 1 6 8 5 7 22 
2 9 8 4 2 3 5 1 7 4 1 5 7 6 9 6 3 8 7 6 3 1 8 5 4 9 2 1 5 4 3 4 7 5 8 9 8 7 9 8 1 6 2 6 3 6 3 2 5 9 2 1 7 4 9 8 7 4 3 1 8 2 6 5 2 1 6 7 8 3 4 9 3 4 6 2 9 5 7 5 1 15 25 
2 8 4 8 5 3 9 1 7 7 1 5 4 6 9 6 3 8 9 6 3 7 1 2 4 5 2 1 5 4 9 2 7 5 8 6 8 3 9 1 4 6 2 7 3 7 2 6 5 3 8 1 9 4 6 9 1 3 7 4 8 2 5 5 8 2 6 9 1 3 4 1 3 4 7 2 8 5 7 6 9 11 24 
8 9 4 4 6 3 5 1 7 2 1 5 7 2 9 6 3 8 7 6 3 1 8 5 4 9 2 1 5 2 9 4 7 8 6 3 4 7 9 8 3 6 2 5 1 6 3 8 5 1 2 9 7 4 9 8 7 3 5 4 1 2 6 5 2 1 6 7 8 3 4 9 3 4 6 2 9 1 7 8 5 3 19 
9 8 4 4 2 3 6 1 7 2 1 5 7 6 9 4 3 8 7 6 3 1 8 5 9 5 2 1 5 2 3 4 7 5 8 9 4 7 9 8 1 6 2 6 3 6 3 8 5 9 2 1 7 4 8 9 6 9 3 4 7 2 5 5 2 7 6 7 8 3 4 1 3 4 1 2 5 1 8 9 6 8 22 
4 9 2 8 6 3 5 1 7 7 1 5 4 2 9 4 6 8 8 6 3 7 5 1 9 3 2 1 8 4 9 6 7 8 5 3 6 5 9 1 3 4 2 7 1 2 3 7 5 8 2 9 6 4 9 7 6 3 4 8 6 2 1 5 2 8 6 7 1 3 4 9 3 4 1 2 9 5 7 8 5 13 23 
9 2 8 4 2 3 5 1 7 4 1 5 7 6 9 6 3 8 7 6 3 8 1 5 4 9 2 1 3 2 9 4 7 8 5 3 4 5 9 8 1 6 2 7 6 6 8 7 5 3 2 1 9 4 8 7 1 3 9 4 6 2 5 5 9 2 6 7 8 3 4 1 3 4 6 2 5 1 7 8 9 11 22 
2 9 8 4 5 3 6 1 7 4 1 5 7 6 9 4 3 8 7 6 3 8 2 1 5 9 2 1 2 4 9 4 7 9 8 6 7 5 9 1 8 6 2 5 3 8 3 6 5 3 2 1 7 4 6 9 8 3 9 4 7 2 5 5 2 1 6 7 8 3 4 9 3 4 7 2 1 5 8 6 1 13 22 
9 8 2 8 5 3 4 1 7 4 1 5 7 6 9 6 3 8 7 6 3 1 2 4 5 9 2 1 3 4 8 3 7 9 5 6 8 5 9 4 1 6 2 7 3 2 7 6 5 9 2 1 8 4 9 7 1 3 4 8 5 2 6 5 2 8 6 7 1 3 4 9 3 4 6 2 9 5 7 8 1 14 24 
8 2 4 8 6 3 9 1 7 7 1 5 4 2 9 6 3 8 9 6 3 7 1 5 4 5 2 1 3 6 9 4 7 5 8 6 4 5 9 1 8 6 2 7 3 2 8 7 5 3 2 1 9 4 6 7 1 3 5 4 8 2 9 5 9 2 6 7 8 3 4 1 3 4 8 2 9 1 7 6 5 5 21 
4 9 8 4 5 3 6 1 7 2 1 5 7 6 9 4 3 8 7 6 3 1 8 2 9 5 2 1 3 4 9 2 7 5 6 9 8 5 9 8 4 6 2 7 3 6 7 2 5 3 1 1 8 4 9 8 6 3 1 4 7 2 5 5 2 7 6 9 8 3 4 1 3 4 1 2 7 5 8 9 6 6 21 
2 9 8 4 5 3 6 1 7 4 1 5 7 6 9 4 3 8 7 6 3 8 1 2 9 5 2 1 5 4 9 2 7 8 6 3 6 3 9 1 4 8 2 7 5 8 2 7 5 3 6 1 9 4 9 8 6 3 7 4 5 2 1 5 7 2 6 8 1 3 4 9 3 4 1 2 9 5 7 8 6 3 19 
2 9 8 4 6 3 9 1 7 4 1 5 7 2 9 6 3 8 7 6 3 1 5 8 4 5 2 1 2 8 9 4 7 6 9 5 4 5 9 8 1 6 2 7 3 6 3 7 5 3 2 1 8 4 8 9 1 3 4 1 5 2 6 5 2 7 6 9 8 3 4 1 3 4 6 2 7 5 7 8 9 16 23 
4 9 8 8 5 3 6 1 7 2 1 5 7 6 9 4 3 8 7 6 3 1 2 4 5 9 2 1 2 4 9 8 7 9 6 3 8 5 9 3 4 6 2 7 5 6 3 7 5 1 2 1 8 4 9 8 1 4 3 5 7 2 6 5 7 2 6 9 8 3 4 1 3 4 6 2 7 1 8 5 9 6 21 
8 9 4 4 6 3 6 1 7 2 1 5 7 2 9 4 3 8 7 6 3 1 8 5 9 5 2 1 5 2 3 4 7 8 6 9 4 7 9 8 1 6 2 5 3 8 3 6 5 9 2 1 7 4 9 7 6 3 8 4 5 2 1 5 2 8 6 7 1 3 4 9 3 4 1 2 9 5 7 8 6 14 22 
4 9 8 4 5 3 9 1 7 2 1 5 7 6 9 6 3 8 7 6 3 8 2 1 4 5 2 1 3 4 9 8 7 8 5 6 8 5 9 4 1 6 2 7 3 6 2 7 5 3 2 1 9 4 6 9 1 3 7 4 7 2 5 5 8 2 6 1 8 3 4 9 3 4 7 2 9 5 1 8 6 17 23 
2 9 8 4 6 3 5 1 7 4 1 5 7 2 9 6 3 8 7 6 3 8 1 5 4 9 2 1 3 4 9 8 7 9 5 6 8 5 9 1 4 6 2 7 3 6 7 2 5 3 2 1 8 4 9 8 6 3 5 4 7 2 1 5 2 1 6 7 8 3 4 9 3 4 7 2 9 1 8 6 5 3 18 
4 9 2 8 6 3 5 1 7 7 1 5 4 2 9 6 3 8 8 6 3 7 1 5 4 9 2 1 5 4 9 2 7 8 6 3 6 3 9 1 4 8 2 7 5 2 7 8 5 3 6 1 9 4 9 8 6 3 5 4 7 2 1 5 2 1 6 7 8 3 4 9 3 4 7 2 9 1 5 8 6 5 20 
9 2 4 8 6 3 4 1 7 7 1 5 7 2 9 6 3 8 8 6 3 4 5 1 9 5 2 1 2 8 9 4 7 9 5 6 4 5 9 1 3 6 2 7 3 7 3 6 5 8 2 1 8 4 6 8 1 1 3 4 7 2 5 5 9 2 6 7 8 3 4 1 3 4 7 2 9 5 8 6 9 15 22 
9 8 4 4 5 3 9 1 7 2 1 5 7 6 9 6 3 8 7 6 3 8 1 2 4 5 2 1 2 6 9 4 7 9 8 6 4 5 9 8 3 1 2 5 3 8 3 7 5 6 2 1 7 4 6 9 7 9 3 4 8 2 5 5 2 8 6 7 1 3 4 1 3 4 1 2 8 5 6 7 9 24 22 
2 9 4 8 6 3 5 1 7 7 1 5 7 2 9 4 6 8 8 6 3 4 5 1 9 3 2 1 5 2 9 4 7 6 8 3 4 8 9 3 1 6 2 7 5 6 3 7 5 8 2 1 9 4 9 7 6 1 3 4 8 2 6 5 2 8 6 9 8 3 4 1 3 4 1 2 7 5 7 5 9 7 21 
9 8 4 4 6 3 5 1 7 2 1 5 7 2 9 6 3 8 7 6 3 8 5 1 4 9 2 1 5 2 9 4 7 8 6 9 4 7 9 1 8 6 2 5 3 6 3 8 5 3 2 1 7 4 8 9 6 3 1 4 7 2 5 5 2 7 6 9 8 3 4 1 3 4 1 2 7 5 9 8 6 5 20 
9 2 8 4 5 3 6 1 7 7 1 5 7 6 9 4 3 8 4 6 3 1 8 2 9 5 2 1 5 4 9 2 7 8 6 3 6 3 9 8 4 1 2 7 5 2 8 7 5 3 6 1 9 4 8 7 1 3 9 4 5 2 6 5 9 2 6 7 8 3 4 1 3 4 6 2 1 5 7 8 9 3 18 
2 9 8 4 6 3 5 1 7 4 1 5 7 2 9 6 3 8 7 6 3 8 5 1 4 9 2 1 5 4 9 2 7 9 8 3 8 7 9 1 3 4 2 6 5 6 3 2 5 8 6 1 7 4 9 8 7 3 1 4 5 2 6 5 2 1 6 7 8 3 4 9 3 4 6 2 9 5 8 7 1 7 21 
8 9 4 4 2 3 6 1 7 2 1 5 7 6 9 4 3 8 7 6 3 8 1 5 9 5 2 1 5 2 9 4 7 8 6 3 4 3 9 1 8 6 2 7 5 6 7 8 5 3 2 1 9 4 9 8 1 3 5 4 7 2 6 5 2 7 6 9 8 3 4 1 3 4 6 2 7 1 5 8 9 3 18 
9 8 2 4 6 3 5 1 7 4 1 5 7 2 9 6 3 8 7 6 3 1 8 5 4 9 2 1 3 4 9 6 7 9 8 5 6 5 9 8 4 1 2 7 3 2 7 8 5 3 2 1 6 4 8 9 6 3 5 4 8 2 1 5 2 1 6 7 8 3 4 9 3 4 7 2 9 1 7 5 6 7 20 
4 9 8 4 2 3 6 1 7 2 1 5 7 6 9 4 3 8 7 6 3 8 1 5 9 5 2 1 2 4 9 3 7 5 8 6 6 5 9 1 4 6 2 7 3 8 3 7 5 8 2 1 9 4 9 7 6 3 5 4 8 2 1 5 8 2 6 7 1 3 4 9 3 4 1 2 9 8 7 6 5 5 18 
4 9 8 8 5 3 6 1 7 2 1 5 7 6 9 4 3 8 7 6 3 1 4 2 9 5 2 1 2 4 9 3 7 5 8 6 6 5 9 4 8 1 2 7 3 8 3 7 5 2 6 1 9 4 9 8 6 3 1 4 7 2 5 5 7 2 6 9 8 3 4 1 3 4 1 2 7 5 8 6 9 3 17 
4 9 2 4 6 3 6 1 7 7 1 5 7 2 9 4 3 8 8 6 3 1 8 5 9 5 2 1 5 4 9 2 7 8 5 6 6 3 9 1 8 4 2 7 3 2 7 8 5 3 6 1 9 4 9 8 7 3 4 1 5 2 6 5 2 1 6 7 8 3 4 9 3 4 6 2 9 5 7 8 1 14 21 
9 8 2 8 6 3 4 1 7 4 1 5 7 2 9 6 3 8 7 6 3 1 5 4 9 5 2 1 5 4 9 2 7 5 8 3 8 3 9 4 1 6 2 7 6 2 7 6 5 3 8 1 9 4 6 9 1 3 7 4 8 2 5 5 2 7 6 8 1 3 4 9 3 4 8 2 9 5 7 6 1 7 20 
2 9 8 4 6 3 5 1 7 4 1 5 7 2 9 6 3 8 7 6 3 8 5 1 4 9 2 1 2 4 9 3 7 9 5 6 8 5 9 1 4 6 2 7 3 6 3 7 5 8 2 1 8 4 9 8 6 3 1 4 7 2 5 5 7 2 6 9 8 3 4 1 3 4 1 2 7 5 8 6 9 3 17 
2 9 4 8 6 3 5 1 7 7 1 5 4 2 9 6 3 8 8 6 3 7 1 5 4 9 2 1 3 2 9 4 7 8 5 6 4 5 9 1 8 6 2 7 3 6 8 7 5 3 2 1 9 4 9 7 6 3 5 4 8 2 1 5 2 8 6 7 1 3 4 9 3 4 1 2 9 8 7 6 5 3 16 
8 9 4 4 6 3 5 1 7 2 1 5 7 2 9 6 3 8 7 6 3 1 8 5 4 9 2 1 5 2 4 3 7 9 8 6 4 7 9 8 1 6 2 5 3 8 3 6 5 9 2 1 7 4 6 9 1 3 7 4 8 2 5 5 2 7 6 9 8 3 4 1 3 4 8 2 5 1 7 6 9 7 20 
9 2 4 8 5 3 6 1 7 7 1 5 7 6 9 4 3 8 8 6 3 4 2 1 9 5 2 1 8 2 9 4 7 5 9 6 4 5 9 1 8 6 2 7 3 7 3 6 5 3 2 1 8 4 6 9 1 3 7 4 8 2 5 5 7 2 6 1 8 3 4 9 3 4 8 2 9 5 7 6 1 7 20 
9 2 8 4 5 3 6 1 7 7 1 5 7 6 9 4 3 8 4 6 3 1 8 2 5 9 2 1 5 4 9 2 7 8 6 3 6 3 9 8 4 1 2 5 1 2 8 7 5 3 6 9 7 4 8 9 6 3 1 4 7 2 5 5 7 2 6 9 8 3 4 1 3 4 1 2 7 5 9 8 6 7 17 
9 8 2 4 6 3 5 1 7 4 1 5 7 2 9 6 3 8 7 6 3 8 5 1 4 9 2 1 3 4 9 2 7 9 5 6 8 5 9 1 4 6 2 8 3 2 7 6 5 3 8 1 7 4 6 9 7 3 8 4 8 2 5 5 2 8 6 7 1 3 4 9 3 4 1 2 9 5 7 6 1 8 20 
9 2 8 4 6 3 4 1 7 4 1 5 7 2 9 6 3 8 7 6 3 8 5 1 9 5 2 1 3 4 9 2 7 8 6 5 8 5 9 1 3 4 2 7 3 2 7 6 5 8 6 1 9 4 6 8 1 3 4 5 7 2 9 5 9 2 6 7 8 3 4 1 3 4 7 2 9 1 5 8 6 7 17 
8 9 4 4 2 3 6 1 7 2 1 5 7 6 9 4 3 8 7 6 3 1 5 8 9 5 2 1 5 2 9 4 7 8 6 3 4 3 9 8 1 6 2 7 5 6 8 7 5 3 2 1 9 4 9 7 6 3 8 4 5 2 1 5 2 8 6 7 1 3 4 9 3 4 1 2 9 5 7 8 6 3 14 
9 8 2 8 5 3 6 1 7 4 1 5 7 6 9 4 3 8 7 6 3 1 4 2 9 5 2 1 5 4 3 2 7 9 6 3 8 7 9 4 8 6 2 5 1 2 3 6 5 9 1 7 8 4 6 9 8 9 3 4 1 2 5 5 2 7 6 1 8 3 4 9 3 4 1 2 7 5 8 7 6 10 20 

