MonoObjective Genetic Algorithm
Number of Evaluations = 0
Mutation Probability = 0.0100000000000000002
Crossover Probability = 0.5
Population Size = 100
Survival Selection Type = 16

Time =  300.005995999999982

Current Evaluation = 192600
Front Size = 100
4 3 6 5 1 7 2 8 9 9 5 1 8 2 3 6 7 4 7 8 2 9 4 6 5 3 1 8 6 9 2 7 4 1 5 3 2 7 3 1 5 8 4 9 6 1 4 5 3 6 9 7 2 8 3 2 7 4 8 1 9 6 5 6 1 8 7 9 5 3 4 2 5 9 4 6 3 2 8 1 7 1 9 
4 5 6 2 1 7 2 8 9 3 2 9 9 8 3 6 7 4 7 1 8 4 5 6 5 3 1 8 7 5 1 8 4 7 5 3 2 9 3 7 9 5 4 1 6 1 4 6 3 6 2 9 2 8 4 3 7 4 2 8 9 6 5 6 2 8 5 7 9 4 3 1 5 9 1 6 3 1 8 2 7 726 38 
4 5 6 2 1 7 3 8 9 9 8 2 3 9 5 6 7 4 7 3 1 8 4 6 5 1 2 8 6 9 1 7 4 2 5 3 2 7 5 9 8 3 1 4 6 1 4 3 5 6 2 7 9 8 3 1 7 4 2 8 9 6 5 6 2 8 7 5 9 4 3 1 5 9 4 6 3 1 8 2 7 3 33 
4 5 6 3 1 7 2 8 9 9 3 1 2 5 8 6 7 4 7 8 2 9 4 6 5 3 1 8 6 9 1 2 4 7 5 3 2 7 5 8 9 3 4 1 6 1 4 3 7 6 5 9 2 8 3 2 7 4 8 9 1 6 5 6 1 8 5 7 2 3 9 7 5 9 4 6 3 1 8 4 2 3 28 
4 5 6 3 1 7 3 8 9 3 8 1 8 5 2 6 7 4 7 2 9 9 4 6 5 1 2 8 6 9 7 9 1 4 5 3 2 7 3 8 5 4 1 9 6 1 4 5 2 6 3 2 7 8 3 1 7 4 8 9 3 6 5 6 2 8 7 2 5 4 9 7 5 9 4 6 3 1 8 1 2 24 31 
4 5 6 2 1 7 3 8 9 9 3 2 9 5 8 6 7 4 7 8 1 3 4 6 5 2 1 8 6 9 1 2 4 7 5 3 2 7 3 8 9 5 1 4 6 1 4 5 7 6 3 2 9 8 3 2 7 4 8 1 9 6 5 6 1 8 5 7 9 4 3 2 5 9 4 6 3 2 8 1 7 3 24 
4 5 6 3 1 7 2 8 9 3 1 9 2 8 5 6 7 4 7 8 2 9 4 6 5 3 1 8 6 9 1 7 2 4 5 3 2 7 3 9 8 4 7 1 6 1 4 5 5 6 3 2 9 8 3 1 7 4 9 8 3 6 5 6 2 8 7 5 1 9 4 2 5 9 4 6 3 2 8 1 7 13 28 
4 5 6 2 1 7 3 8 9 9 1 2 8 5 3 6 7 4 7 8 3 9 4 6 5 1 2 8 6 9 7 2 4 1 5 3 2 7 3 5 8 1 4 9 6 1 4 5 3 6 9 7 2 8 3 1 7 4 9 8 2 6 5 6 2 8 1 7 5 9 3 7 5 9 4 6 3 2 8 4 1 5 26 
4 2 6 5 1 7 3 8 9 9 1 5 3 8 2 6 7 4 7 8 3 9 4 6 5 2 1 8 6 9 1 7 4 2 5 3 2 7 3 8 5 9 4 1 6 1 4 5 2 6 3 7 9 8 3 1 7 4 2 8 9 6 5 6 2 8 7 9 5 1 3 2 5 9 4 6 3 1 8 4 7 7 25 
4 5 6 3 1 7 3 8 9 9 3 1 5 8 2 6 7 4 7 8 2 9 4 6 5 1 2 8 6 9 2 7 4 1 5 3 2 7 5 8 5 1 4 9 6 1 4 3 9 6 3 2 7 8 3 2 7 4 9 8 9 6 5 6 1 8 7 2 5 3 4 7 5 9 4 6 3 1 8 2 1 12 24 
4 2 6 2 1 7 3 8 9 8 5 1 8 5 3 6 7 4 7 3 9 9 4 6 5 1 2 8 6 9 2 7 4 7 5 3 2 7 5 1 9 8 1 4 6 1 4 3 3 6 5 9 2 8 3 1 7 4 8 2 3 6 5 6 2 8 7 5 9 9 4 2 5 9 4 6 3 1 8 7 1 22 26 
4 5 6 3 1 7 2 8 9 9 8 1 5 9 2 6 7 4 7 3 2 8 4 6 5 3 1 8 6 9 2 7 4 1 5 3 2 7 3 1 8 5 4 9 6 1 4 5 9 6 3 7 2 8 3 1 7 4 2 8 9 6 5 6 2 8 7 5 9 3 4 1 5 9 4 6 3 1 8 7 2 5 22 
4 3 6 5 1 7 2 8 9 9 5 2 3 9 8 6 7 4 7 8 1 2 4 6 5 3 1 8 6 9 7 2 1 9 5 3 2 7 3 8 5 4 1 4 6 1 4 5 9 6 3 7 2 8 3 1 7 4 8 9 3 6 5 6 2 8 1 7 5 4 9 2 5 9 4 6 3 2 8 1 7 7 23 
4 5 6 2 1 7 3 8 9 9 1 2 8 5 3 6 7 4 7 8 3 9 4 6 5 1 2 8 6 9 1 6 2 7 5 3 2 7 3 5 9 4 1 4 6 1 4 5 3 7 8 2 9 8 3 1 7 4 8 9 9 6 5 6 2 8 7 2 5 4 3 1 5 9 4 6 3 1 8 2 7 8 22 
4 5 6 5 1 7 3 8 9 9 8 2 3 2 8 6 7 4 7 3 1 9 4 6 5 1 2 8 6 9 1 6 2 4 5 3 2 7 3 8 5 4 1 9 6 1 4 5 7 9 3 7 2 8 3 2 7 4 8 1 9 6 5 6 1 8 7 9 5 2 3 7 5 9 4 6 3 2 8 4 1 12 24 
4 5 6 3 1 7 2 8 9 9 3 1 8 2 5 6 7 4 7 8 2 9 4 6 5 3 1 8 6 9 2 7 4 1 5 3 2 7 5 1 8 3 9 4 6 1 4 3 5 6 9 7 2 8 3 1 7 4 9 8 3 6 5 6 2 8 7 5 1 4 9 2 5 9 4 6 3 2 8 1 7 3 19 
4 5 6 3 1 7 2 8 9 9 3 1 2 8 5 6 7 4 7 8 2 9 4 6 5 3 1 8 6 9 1 2 4 7 5 3 2 7 3 8 5 9 1 4 6 1 4 5 7 6 3 9 2 8 3 2 7 4 9 8 3 6 5 6 1 8 5 7 1 4 9 2 5 9 4 6 3 2 8 1 7 3 18 
4 5 6 2 1 7 3 8 9 9 3 2 9 5 8 6 7 4 7 8 1 3 4 6 5 1 2 8 6 9 2 6 1 4 5 3 2 7 5 3 9 4 7 1 6 1 4 3 8 7 5 9 2 8 3 2 7 4 9 8 2 6 5 6 1 8 1 7 5 3 9 7 5 9 4 6 3 2 8 4 1 18 24 
4 3 6 5 1 7 2 8 9 9 5 1 8 2 3 6 7 4 7 8 2 9 4 6 5 3 1 8 6 9 1 7 4 2 5 3 2 7 5 3 9 8 4 1 6 1 4 3 2 6 5 7 9 8 3 1 7 4 8 2 9 6 5 6 2 8 7 5 9 3 4 1 5 9 4 6 3 1 8 2 7 3 18 
4 5 6 3 1 7 2 8 9 9 8 2 9 8 5 6 7 4 7 3 1 2 4 6 5 3 1 8 6 9 7 6 4 2 5 3 2 7 5 1 9 8 1 4 6 1 4 3 5 2 3 7 9 8 3 2 7 4 8 1 9 6 5 6 1 8 7 5 9 3 4 2 5 9 4 6 3 2 8 1 7 12 22 
4 3 6 5 1 7 2 8 9 8 5 1 2 9 3 6 7 4 7 2 9 8 4 6 5 3 1 8 6 9 7 2 4 1 5 3 2 7 3 1 5 8 9 4 6 1 4 5 3 6 9 7 2 8 3 2 7 4 9 8 1 6 5 6 1 8 5 7 2 9 3 7 5 9 4 6 3 1 8 4 2 13 22 
4 5 6 2 1 7 3 8 9 9 3 1 8 5 9 6 7 4 7 8 2 3 4 6 5 2 1 8 6 9 1 7 4 2 5 3 2 7 5 9 8 3 4 1 6 1 4 3 5 6 2 7 9 8 3 2 7 4 9 8 1 6 5 6 1 8 7 2 5 9 3 2 5 9 4 6 3 1 8 4 7 5 21 
4 5 6 2 1 7 3 8 9 9 3 2 9 5 8 6 7 4 7 8 1 3 4 6 5 1 2 8 6 9 8 4 2 1 5 3 2 7 5 1 7 3 4 9 6 1 4 3 5 6 9 7 2 8 3 1 7 4 8 9 2 6 5 6 2 8 7 2 5 9 3 1 5 9 4 6 3 1 8 4 7 9 21 
4 5 6 2 1 7 2 8 9 9 8 2 3 9 5 6 7 4 7 3 1 8 4 6 5 3 1 8 6 9 1 7 2 4 5 3 2 7 3 5 8 4 9 1 6 1 4 5 3 6 9 7 2 8 3 2 7 4 9 8 1 6 5 6 1 8 7 5 1 3 9 2 5 9 4 6 3 2 8 4 7 10 21 
4 3 6 5 1 7 2 8 9 9 5 1 2 8 3 6 7 4 7 8 2 9 4 6 5 3 1 8 6 9 1 7 2 4 5 3 2 7 3 8 5 4 9 1 6 1 4 5 3 6 9 7 2 8 3 2 7 4 9 8 1 6 5 6 1 8 7 2 5 3 9 7 5 9 4 6 3 1 8 4 2 3 17 
4 5 6 3 1 7 2 8 9 9 3 1 2 5 8 6 7 4 7 8 2 9 4 6 5 3 1 8 6 9 1 2 4 4 5 3 2 7 5 8 7 3 1 9 6 1 4 3 5 6 9 7 2 8 3 2 7 4 8 1 9 6 5 6 1 8 7 9 5 3 4 2 5 9 4 6 3 2 8 1 7 3 16 
4 5 6 2 1 7 3 8 9 9 8 1 3 5 9 6 7 4 7 3 2 8 4 6 5 1 2 8 6 9 1 7 2 4 5 3 2 7 3 5 8 4 1 9 6 1 4 5 9 6 3 2 7 8 3 1 7 4 2 8 9 6 5 6 2 8 7 9 5 3 4 1 5 9 4 6 3 1 8 2 7 5 19 
4 3 6 5 1 7 2 8 9 9 5 1 3 2 8 6 7 4 7 8 2 9 4 6 5 3 1 8 6 9 1 7 4 2 5 3 2 7 3 8 9 5 1 4 6 1 4 5 2 6 3 7 9 8 3 2 7 4 8 1 9 6 5 6 1 8 7 5 9 4 3 2 5 9 4 6 3 2 8 1 7 3 16 
4 5 6 3 1 7 2 8 9 9 3 1 5 2 8 6 7 4 7 8 2 9 4 6 5 3 1 8 6 9 2 6 1 4 5 3 2 7 3 8 5 4 9 1 6 1 4 5 7 9 3 7 2 8 3 2 7 4 8 9 1 6 5 6 1 8 1 7 5 3 9 2 5 9 4 6 3 2 8 4 7 5 19 
4 5 6 3 1 7 3 8 9 9 3 1 5 2 8 6 7 4 7 8 2 9 4 6 5 1 2 8 6 9 2 9 4 7 5 3 2 7 3 1 7 5 1 4 6 1 4 5 8 6 3 2 9 8 3 1 7 4 8 2 9 6 5 6 2 8 7 5 9 4 3 1 5 9 4 6 3 1 8 2 7 7 19 
4 5 6 5 1 7 3 8 9 9 3 2 3 8 2 6 7 4 7 8 1 9 4 6 5 1 2 8 6 9 2 6 4 4 5 3 2 7 5 1 8 5 1 9 6 1 4 3 7 9 3 7 2 8 3 1 7 4 9 8 3 6 5 6 2 8 1 7 5 9 4 2 5 9 4 6 3 2 8 1 7 21 22 
4 5 6 2 1 7 3 8 9 8 1 2 3 5 9 6 7 4 7 3 9 8 4 6 5 2 1 8 6 9 7 2 4 2 5 3 2 7 5 1 9 3 4 1 6 1 4 3 5 6 8 7 9 8 3 2 7 4 8 1 9 6 5 6 1 8 5 7 9 3 4 2 5 9 4 6 3 2 8 7 1 12 20 
4 5 6 2 1 7 3 8 9 9 8 2 8 5 3 6 7 4 7 3 1 9 4 6 5 2 1 8 6 9 1 2 4 7 5 3 2 7 5 3 9 8 4 1 6 1 4 3 7 6 5 2 9 8 3 1 7 4 8 2 9 6 5 6 2 8 5 7 9 1 3 2 5 9 4 6 3 1 8 4 7 5 18 
4 5 6 2 1 7 3 8 9 9 8 1 3 5 8 6 7 4 7 3 2 9 4 6 5 2 1 8 6 9 7 4 2 1 5 3 2 7 3 5 8 1 4 9 6 1 4 5 3 6 9 7 2 8 3 2 7 4 8 1 9 6 5 6 1 8 9 7 5 4 3 2 5 9 4 6 3 2 8 1 7 11 19 
4 5 6 2 1 7 3 8 9 3 2 1 5 8 3 6 7 4 7 8 9 9 4 6 5 2 1 8 6 9 7 2 4 1 5 3 2 7 5 8 5 1 9 4 6 1 4 3 3 6 9 2 7 8 3 2 7 4 8 1 3 6 5 6 1 8 5 7 9 4 9 2 5 9 4 6 3 2 8 1 7 16 20 
4 5 6 3 1 7 3 8 9 9 3 1 5 2 8 6 7 4 7 8 2 9 4 6 5 2 1 8 6 9 2 7 4 1 5 3 2 7 5 1 8 3 4 9 6 1 4 3 9 6 5 7 2 8 3 2 7 4 8 1 9 6 5 6 1 8 7 5 9 1 3 7 5 9 4 6 3 2 8 4 2 11 19 
4 3 6 5 1 7 2 8 9 9 5 1 2 8 3 6 7 4 7 8 2 9 4 6 5 3 1 8 6 9 7 2 1 4 5 3 2 7 3 8 5 4 1 9 6 1 4 5 3 6 9 7 2 8 3 1 7 4 9 8 9 6 5 6 2 8 1 7 5 3 4 2 5 9 4 6 3 2 8 1 7 3 15 
4 5 6 3 1 7 2 8 9 9 3 2 8 9 5 6 7 4 7 8 1 2 4 6 5 3 1 8 6 9 7 2 4 1 5 3 2 7 3 1 5 8 4 9 6 1 4 5 9 6 3 7 2 8 3 2 7 4 8 1 9 6 5 6 1 8 5 7 9 3 4 2 5 9 4 6 3 2 8 1 7 3 15 
4 3 6 5 1 7 2 8 9 9 5 1 3 8 2 6 7 4 7 8 2 9 4 6 5 3 1 8 6 9 1 2 4 7 5 3 2 7 3 8 5 9 4 1 6 1 4 5 7 6 3 2 9 8 3 2 7 4 9 8 3 6 5 6 1 8 2 7 5 9 4 1 5 9 4 6 3 1 8 2 7 5 16 
4 5 6 2 1 7 3 8 9 9 1 2 5 8 3 6 7 4 7 8 3 9 4 6 5 1 2 8 6 9 1 7 4 2 5 3 2 7 3 8 5 9 1 4 6 1 4 5 3 6 2 7 9 8 3 1 7 4 2 8 9 6 5 6 2 8 7 9 5 4 3 1 5 9 4 6 3 1 8 2 7 3 14 
4 5 6 5 1 7 3 8 9 9 8 2 3 8 9 6 7 4 7 3 1 2 4 6 5 2 1 8 6 9 7 2 1 2 5 3 2 7 3 8 5 4 4 1 6 1 4 5 3 6 9 7 9 8 3 2 7 4 9 8 1 6 5 6 1 8 1 7 5 9 3 2 5 9 4 6 3 2 8 4 7 13 19 
4 5 6 2 1 7 3 8 9 9 3 2 8 9 5 6 7 4 7 8 1 3 4 6 5 1 2 8 6 9 9 2 4 1 5 3 2 7 5 1 7 3 9 4 6 1 4 3 5 6 8 2 7 8 3 2 7 4 8 9 9 6 5 6 1 8 7 5 2 4 3 1 5 9 4 6 3 1 8 2 7 10 18 
4 3 6 5 1 7 2 8 9 9 5 1 8 2 3 6 7 4 7 8 2 9 4 6 5 3 1 8 6 9 1 6 4 7 5 3 2 7 5 3 8 9 1 4 6 1 4 3 2 7 5 9 2 8 3 2 7 4 9 8 3 6 5 6 1 8 7 5 1 4 9 2 5 9 4 6 3 2 8 1 7 5 16 
4 5 6 2 1 7 3 8 9 9 3 1 9 8 5 6 7 4 7 8 2 3 4 6 5 2 1 8 6 9 1 6 4 2 5 3 2 7 3 8 5 9 4 1 6 1 4 5 7 2 3 7 9 8 3 1 7 4 9 8 9 6 5 6 2 8 5 7 1 3 4 2 5 9 4 6 3 2 8 1 7 9 17 
4 5 6 5 1 7 3 8 9 8 2 1 3 2 9 6 7 4 7 3 9 8 4 6 5 1 2 8 6 9 1 7 2 1 5 3 2 7 5 5 8 4 9 4 6 1 4 3 3 6 9 7 2 8 3 2 7 4 2 8 9 6 5 6 1 8 5 7 9 4 3 2 5 9 4 6 3 1 8 7 1 24 22 
4 5 6 3 1 7 2 8 9 9 3 1 8 5 2 6 7 4 7 8 2 9 4 6 5 3 1 8 6 9 2 7 4 1 5 3 2 7 5 1 8 3 4 9 6 1 4 3 5 6 9 7 2 8 3 1 7 4 2 8 9 6 5 6 2 8 7 9 5 3 4 7 5 9 4 6 3 1 8 1 2 3 13 
4 5 6 3 1 7 2 8 9 9 3 1 8 5 2 6 7 4 7 8 2 9 4 6 5 3 1 8 6 9 1 2 4 7 5 3 2 7 3 8 9 5 4 1 6 1 4 5 7 6 3 2 9 8 3 1 7 4 8 9 9 6 5 6 2 8 7 5 1 3 4 1 5 9 4 6 3 2 8 2 7 10 17 
4 5 6 2 1 7 2 8 9 9 3 1 8 5 3 6 7 4 7 8 2 9 4 6 5 3 1 8 6 9 7 2 4 1 5 3 2 7 3 1 8 5 4 9 6 1 4 5 3 6 9 7 2 8 3 2 7 4 9 8 3 6 5 6 1 8 5 7 1 9 4 2 5 9 4 6 3 2 8 1 7 5 15 
4 5 6 2 1 7 3 8 9 9 1 2 3 5 8 6 7 4 7 8 3 9 4 6 5 2 1 8 6 9 7 2 1 4 5 3 2 7 3 5 9 4 7 1 6 1 4 5 8 6 3 2 9 8 3 2 7 4 8 9 1 6 5 6 1 8 1 7 5 9 3 2 5 9 4 6 3 2 8 4 7 7 16 
4 5 6 2 1 7 3 8 9 3 1 2 5 9 8 6 7 4 7 8 9 3 4 6 5 2 1 8 6 9 1 2 4 2 5 3 2 7 3 8 5 9 4 1 6 1 4 5 7 6 3 7 9 8 3 2 7 4 8 1 1 6 5 6 1 8 9 7 5 9 3 7 5 9 4 6 3 2 8 4 2 11 18 
4 3 6 5 1 7 2 8 9 9 5 1 9 8 3 6 7 4 7 8 2 2 4 6 5 3 1 8 6 9 7 2 8 1 5 3 2 7 5 1 9 4 4 9 6 1 4 3 3 6 5 7 2 8 3 1 7 4 8 2 9 6 5 6 2 8 5 7 9 3 1 2 5 9 4 6 3 1 8 4 7 11 17 
4 5 6 2 1 7 2 8 9 3 2 1 8 9 5 6 7 4 7 8 9 3 4 6 5 3 1 8 6 9 7 2 4 7 5 3 2 7 5 1 5 8 1 4 6 1 4 3 9 6 3 2 9 8 3 2 7 4 8 2 9 6 5 6 1 8 7 9 5 3 4 1 5 9 4 6 3 1 8 2 7 19 20 
4 5 6 2 1 7 3 8 9 9 8 1 5 9 3 6 7 4 7 3 2 8 4 6 5 2 1 8 6 9 1 7 4 2 5 3 2 7 3 9 8 5 4 1 6 1 4 5 3 6 2 7 9 8 3 1 7 4 2 8 9 6 5 6 2 8 7 5 9 1 3 7 5 9 4 6 3 1 8 4 2 5 15 
4 5 6 3 1 7 2 8 9 9 3 1 8 5 2 6 7 4 7 8 2 9 4 6 5 3 1 8 6 9 1 2 4 7 5 3 2 7 3 5 8 9 4 1 6 1 4 5 7 6 3 9 2 8 3 2 7 4 9 8 1 6 5 6 1 8 2 7 5 3 9 2 5 9 4 6 3 1 8 4 7 3 13 
4 2 6 5 1 7 3 8 9 8 5 1 9 2 3 6 7 4 7 3 9 8 4 6 5 1 2 8 6 9 1 7 4 2 5 3 2 7 5 3 9 8 1 4 6 1 4 3 2 6 5 7 9 8 3 1 7 4 8 2 9 6 5 6 2 8 7 5 9 4 3 1 5 9 4 6 3 1 8 2 7 4 13 
4 5 6 2 1 7 3 8 9 9 3 1 8 5 9 6 7 4 7 8 2 3 4 6 5 1 2 8 6 9 7 2 4 1 5 3 2 7 5 1 8 3 4 9 6 1 4 3 9 6 5 7 2 8 3 1 7 4 9 8 2 6 5 6 2 8 5 7 2 9 3 1 5 9 4 6 3 1 8 4 7 5 15 
4 5 6 2 1 7 3 8 9 9 2 1 3 5 8 6 7 4 7 8 3 9 4 6 5 1 2 8 6 9 1 2 4 7 5 3 2 7 3 8 9 5 1 4 6 1 4 5 7 6 3 2 9 8 3 1 7 4 8 2 9 6 5 6 2 8 5 7 9 4 3 1 5 9 4 6 3 1 8 2 7 3 12 
4 5 6 3 1 7 2 8 9 9 3 1 8 5 2 6 7 4 7 8 2 9 4 6 5 3 1 8 6 9 7 2 4 1 5 3 2 7 5 1 9 8 9 4 6 1 4 3 5 6 3 7 2 8 3 2 7 4 8 9 3 6 5 6 1 8 2 7 5 4 9 2 5 9 4 6 3 1 8 1 7 6 15 
4 5 6 2 1 7 3 8 9 9 8 2 9 5 3 6 7 4 7 3 1 8 4 6 5 2 1 8 6 9 7 2 1 4 5 3 2 7 3 5 8 4 1 9 6 1 4 5 3 6 9 7 2 8 3 1 7 4 9 8 9 6 5 6 2 8 1 7 5 4 3 2 5 9 4 6 3 2 8 1 7 7 15 
4 5 6 2 1 7 3 8 9 9 8 1 9 5 3 6 7 4 7 3 2 8 4 6 5 2 1 8 6 9 1 2 4 7 5 3 2 7 5 3 9 8 1 4 6 1 4 3 7 6 5 2 9 8 3 2 7 4 8 1 9 6 5 6 1 8 5 7 9 4 3 2 5 9 4 6 3 2 8 1 7 3 11 
4 5 6 2 1 7 3 8 9 9 8 2 8 5 3 6 7 4 7 3 1 9 4 6 5 2 1 8 6 9 1 4 2 7 5 3 2 7 3 5 8 9 1 4 6 1 4 5 7 6 3 2 9 8 3 1 7 4 2 8 9 6 5 6 2 8 7 9 5 4 3 2 5 9 4 6 3 1 8 1 7 8 16 
4 5 6 3 1 7 2 8 9 9 3 1 2 8 5 6 7 4 7 8 2 9 4 6 5 3 1 8 6 9 1 7 2 4 5 3 2 7 3 5 8 4 1 9 6 1 4 5 9 6 3 7 2 8 3 1 7 4 2 8 9 6 5 6 2 8 7 5 9 3 4 1 5 9 4 6 3 1 8 2 7 5 14 
4 5 6 2 1 7 3 8 9 9 3 1 5 8 3 6 7 4 7 8 2 9 4 6 5 1 2 8 6 9 7 2 4 1 5 3 2 7 3 1 5 8 9 4 6 1 4 5 3 6 9 7 2 8 3 2 7 4 8 1 9 6 5 6 1 8 7 9 5 4 3 2 5 9 4 6 3 2 8 7 1 8 16 
4 5 6 3 1 7 2 8 9 9 3 1 5 2 8 6 7 4 7 8 2 9 4 6 5 3 1 8 6 9 2 7 1 4 5 3 2 7 3 8 5 4 1 9 6 1 4 5 9 6 3 7 2 8 3 2 7 4 8 1 9 6 5 6 1 8 7 9 5 3 4 2 5 9 4 6 3 2 8 1 7 3 11 
4 5 6 2 1 7 3 8 9 3 2 1 8 9 5 6 7 4 7 8 9 3 4 6 5 2 1 8 6 9 7 2 4 1 5 3 2 7 3 1 5 8 9 4 6 1 4 5 9 6 3 7 2 8 3 1 7 4 9 8 2 6 5 6 2 8 5 7 1 9 3 7 5 9 4 6 3 2 8 4 1 12 18 
4 3 6 5 1 7 3 8 9 9 5 1 8 2 3 6 7 4 7 8 2 9 4 6 5 1 2 8 6 9 2 7 4 1 5 3 2 7 3 1 5 9 7 4 6 1 4 5 3 6 8 2 9 8 3 1 7 4 8 2 9 6 5 6 2 8 7 9 5 4 3 1 5 9 4 6 3 1 8 2 7 5 14 
4 5 6 3 1 7 2 8 9 9 3 1 2 5 8 6 7 4 7 8 2 9 4 6 5 3 1 8 6 9 1 2 4 7 5 3 2 7 5 8 9 3 4 1 6 1 4 3 7 6 5 2 9 8 3 2 7 4 8 1 9 6 5 6 1 8 5 7 9 3 4 2 5 9 4 6 3 2 8 1 7 3 10 
4 3 6 3 1 7 2 8 9 8 5 1 9 2 5 6 7 4 7 2 9 8 4 6 5 3 1 8 6 9 2 6 4 1 5 3 2 7 3 8 7 1 4 9 6 1 4 5 5 9 3 7 2 8 3 1 7 4 8 2 9 6 5 6 2 8 7 5 9 3 4 7 5 9 4 6 3 1 8 1 2 13 18 
4 5 6 2 1 7 3 8 9 9 3 2 5 8 3 6 7 4 7 8 1 9 4 6 5 2 1 8 6 9 1 7 4 2 5 3 2 7 3 8 5 9 4 1 6 1 4 5 3 6 2 7 9 8 3 2 7 4 9 8 1 6 5 6 1 8 7 2 5 9 3 7 5 9 4 6 3 1 8 4 2 5 14 
4 5 6 2 1 7 3 8 9 9 3 2 8 5 9 6 7 4 7 8 1 3 4 6 5 1 2 8 6 9 2 7 4 1 5 3 2 7 3 5 8 1 4 9 6 1 4 5 9 6 3 7 2 8 3 1 7 4 2 8 9 6 5 6 2 8 7 9 5 2 3 1 5 9 4 6 3 1 8 4 7 7 15 
4 3 6 5 1 7 3 8 9 9 5 1 3 8 2 6 7 4 7 8 2 9 4 6 5 1 2 8 6 9 2 6 4 1 5 3 2 7 3 1 7 5 4 9 6 1 4 5 8 9 3 2 7 8 3 2 7 4 8 1 9 6 5 6 1 8 9 7 5 3 4 1 5 9 4 6 3 2 8 2 7 15 18 
4 5 6 3 1 7 2 8 9 9 3 1 8 2 5 6 7 4 7 8 2 9 4 6 5 3 1 8 6 9 2 7 4 1 5 3 2 7 5 1 8 3 4 9 6 1 4 3 5 6 9 7 2 8 3 2 7 4 8 1 9 6 5 6 1 8 7 5 9 3 4 2 5 9 4 6 3 2 8 1 7 3 10 
4 5 6 3 1 7 3 8 9 9 3 1 8 2 5 6 7 4 7 8 2 9 4 6 5 2 1 8 6 9 1 9 4 2 5 3 2 7 3 7 5 8 1 4 6 1 4 5 2 6 3 7 9 8 3 2 7 4 8 1 9 6 5 6 1 8 5 7 9 4 3 2 5 9 4 6 3 2 8 1 7 5 13 
4 5 6 5 1 7 3 8 9 8 1 2 2 8 3 6 7 4 7 3 9 9 4 6 5 1 2 8 6 9 7 2 4 4 5 3 2 7 3 1 8 3 1 9 6 1 4 5 9 6 5 7 2 8 3 2 7 4 8 1 9 6 5 6 1 8 5 7 9 3 2 1 5 9 4 6 3 2 8 4 7 22 20 
4 5 6 3 1 7 3 8 9 9 3 1 8 2 5 6 7 4 7 8 2 9 4 6 5 1 2 8 6 9 1 7 4 2 5 3 2 7 3 5 9 8 1 4 6 1 4 5 2 6 3 7 9 8 3 1 7 4 8 2 9 6 5 6 2 8 7 5 9 4 3 1 5 9 4 6 3 1 8 2 7 3 10 
4 5 6 2 1 7 3 8 9 9 3 1 8 5 3 6 7 4 7 8 2 9 4 6 5 1 2 8 6 9 1 7 4 2 5 3 2 7 5 3 8 9 1 4 6 1 4 3 5 6 2 7 9 8 3 1 7 4 2 8 9 6 5 6 2 8 7 9 5 4 3 1 5 9 4 6 3 1 8 2 7 3 10 
4 5 6 3 1 7 3 8 9 9 3 1 5 2 8 6 7 4 7 8 2 9 4 6 5 2 1 8 6 9 1 7 4 2 5 3 2 7 5 8 9 3 1 4 6 1 4 3 2 6 5 7 9 8 3 2 7 4 8 1 9 6 5 6 1 8 7 5 9 4 3 2 5 9 4 6 3 2 8 1 7 3 10 
4 5 6 2 1 7 3 8 9 9 8 2 3 9 5 6 7 4 7 3 1 8 4 6 5 2 1 8 6 9 1 2 4 7 5 3 2 7 3 9 5 8 1 4 6 1 4 5 7 6 3 2 9 8 3 2 7 4 8 1 9 6 5 6 1 8 5 7 9 4 3 2 5 9 4 6 3 2 8 1 7 3 9 
4 5 6 2 1 7 3 8 9 9 8 1 3 5 9 6 7 4 7 3 2 8 4 6 5 2 1 8 6 9 7 2 4 1 5 3 2 7 3 1 9 8 7 4 6 1 4 5 5 6 3 2 9 8 3 2 7 4 8 1 9 6 5 6 1 8 9 7 5 4 3 2 5 9 4 6 3 2 8 1 7 5 12 
4 5 6 2 1 7 3 8 9 9 3 2 8 5 3 6 7 4 7 8 1 9 4 6 5 1 2 8 6 9 1 2 4 7 5 3 2 7 5 3 9 8 1 4 6 1 4 3 7 6 5 2 9 8 3 1 7 4 8 2 9 6 5 6 2 8 5 7 9 4 3 1 5 9 4 6 3 1 8 2 7 3 9 
4 5 6 2 1 7 3 8 9 9 1 2 3 8 5 6 7 4 7 8 3 9 4 6 5 1 2 8 6 9 1 7 2 4 5 3 2 7 5 8 4 3 1 9 6 1 4 3 5 6 9 7 2 8 3 1 7 4 9 8 2 6 5 6 2 8 7 2 5 9 3 1 5 9 4 6 3 1 8 4 7 7 14 
4 5 6 2 1 7 3 8 9 9 8 1 5 9 3 6 7 4 7 3 2 8 4 6 5 1 2 8 6 9 7 2 4 1 5 3 2 7 3 1 5 8 4 9 6 1 4 5 3 6 9 7 2 8 3 1 7 4 8 9 2 6 5 6 2 8 5 7 1 9 3 7 5 9 4 6 3 2 8 4 1 7 14 
4 3 6 2 1 7 3 8 9 9 5 2 5 8 3 6 7 4 7 8 1 9 4 6 5 2 1 8 6 9 1 7 2 4 5 3 2 7 5 8 9 4 7 1 6 1 4 3 3 6 5 2 9 8 3 1 7 4 2 8 9 6 5 6 2 8 7 5 9 1 3 2 5 9 4 6 3 1 8 4 7 8 16 
4 3 6 5 1 7 2 8 9 9 5 1 3 2 8 6 7 4 7 8 2 9 4 6 5 3 1 8 6 9 2 6 4 1 5 3 2 7 3 1 9 5 7 4 6 1 4 5 8 7 3 9 2 8 3 2 7 4 8 9 3 6 5 6 1 8 7 5 1 4 9 2 5 9 4 6 3 2 8 1 7 6 13 
4 5 6 3 1 7 3 8 9 9 3 1 5 2 9 6 7 4 7 8 2 8 4 6 5 1 2 8 6 9 2 9 4 1 5 3 2 7 3 1 5 8 4 9 6 1 4 5 7 6 3 7 2 8 3 1 7 4 8 2 9 6 5 6 2 8 9 7 5 3 4 1 5 9 4 6 3 1 8 7 2 10 16 
4 5 6 3 1 7 2 8 9 9 3 1 2 5 8 6 7 4 7 8 2 9 4 6 5 3 1 8 6 9 1 2 4 7 5 3 2 7 3 8 9 5 1 4 6 1 4 5 7 6 3 9 2 8 3 2 7 4 8 1 9 6 5 6 1 8 5 7 9 4 3 2 5 9 4 6 3 2 8 1 7 3 9 
4 5 6 3 1 7 2 8 9 9 3 1 2 5 8 6 7 4 7 8 2 9 4 6 5 3 1 8 6 9 1 2 4 7 5 3 2 7 5 8 7 9 4 1 6 1 4 3 5 6 3 2 9 8 3 1 7 4 8 2 9 6 5 6 2 8 7 9 5 3 4 1 5 9 4 6 3 1 8 2 7 5 11 
4 3 6 5 1 7 2 8 9 9 5 1 3 2 8 6 7 4 7 8 2 9 4 6 5 3 1 8 6 9 2 4 9 1 5 3 2 7 5 1 8 3 4 9 6 1 4 3 7 6 5 7 2 8 3 2 7 4 9 8 9 6 5 6 1 8 5 7 1 3 4 2 5 9 4 6 3 2 8 1 7 8 14 
4 5 6 3 1 7 2 8 9 9 3 1 2 5 8 6 7 4 7 8 2 9 4 6 5 3 1 8 6 9 7 2 4 1 5 3 2 7 5 1 8 3 4 9 6 1 4 3 9 6 5 7 2 8 3 2 7 4 8 1 9 6 5 6 1 8 5 7 9 3 4 2 5 9 4 6 3 2 8 1 7 3 8 
4 5 6 3 1 7 2 8 9 9 3 1 5 8 2 6 7 4 7 8 2 9 4 6 5 3 1 8 6 9 7 2 4 1 5 3 2 7 3 1 5 3 9 4 6 1 4 5 8 6 9 7 2 8 3 2 7 4 9 8 3 6 5 6 1 8 2 7 5 4 9 7 5 9 4 6 3 1 8 1 2 6 12 
4 5 6 2 1 7 3 8 9 3 1 2 5 9 8 6 7 4 7 8 9 3 4 6 5 2 1 8 6 9 1 2 4 7 5 3 2 7 3 8 5 9 1 4 6 1 4 5 7 6 3 2 9 8 3 2 7 4 8 1 9 6 5 6 1 8 9 7 5 4 3 2 5 9 4 6 3 2 8 1 7 4 9 
4 5 6 2 1 7 2 8 9 9 8 1 9 5 3 6 7 4 7 3 2 8 4 6 5 3 1 8 6 9 1 7 2 4 5 3 2 7 3 5 4 9 1 9 6 1 4 5 3 6 8 2 7 8 3 2 7 4 8 1 9 6 5 6 1 8 7 9 5 3 4 2 5 9 4 6 3 2 8 1 7 10 16 
4 3 6 5 1 7 2 8 9 9 5 1 3 2 8 6 7 4 7 8 2 9 4 6 5 3 1 8 6 9 1 7 9 4 5 3 2 7 3 5 8 4 1 9 6 1 4 5 2 6 3 7 2 8 3 1 7 4 9 8 9 6 5 6 2 8 7 5 1 3 4 2 5 9 4 6 3 2 8 1 7 7 13 
4 5 6 3 1 7 2 8 9 9 3 1 8 5 9 6 7 4 7 8 2 2 4 6 5 3 1 8 6 9 7 2 1 4 5 3 2 7 3 5 8 4 1 9 6 1 4 5 9 6 3 7 2 8 3 1 7 4 9 8 9 6 5 6 2 8 1 7 5 3 1 2 5 9 4 6 3 2 8 4 7 7 13 
4 5 6 2 1 7 3 8 9 9 3 2 8 5 3 6 7 4 7 8 1 9 4 6 5 1 2 8 6 9 7 2 4 1 5 3 2 7 3 1 9 5 4 9 6 1 4 5 3 6 8 7 2 8 3 1 7 4 8 9 2 6 5 6 2 8 5 7 1 9 3 1 5 9 4 6 3 2 8 4 7 7 12 
4 5 6 3 1 7 3 8 9 9 3 1 5 8 2 6 7 4 7 8 2 9 4 6 5 1 2 8 6 9 7 6 4 2 5 3 2 7 5 1 9 8 1 4 6 1 4 3 5 2 3 7 9 8 3 2 7 4 8 9 9 6 5 6 1 8 2 7 5 3 4 7 5 9 4 6 3 1 8 2 1 13 16 
4 3 6 5 1 7 2 8 9 9 5 1 3 8 2 6 7 4 7 8 2 9 4 6 5 3 1 8 6 9 1 7 4 2 5 3 2 7 5 8 9 3 1 4 6 1 4 3 2 6 5 7 9 8 3 1 7 4 8 9 3 6 5 6 2 8 7 5 1 4 9 2 5 9 4 6 3 2 8 1 7 7 12 
4 5 6 2 1 7 2 8 9 9 8 1 9 5 3 6 7 4 7 3 2 8 4 6 5 3 1 8 6 9 1 2 4 9 5 3 2 7 3 3 9 5 4 1 6 1 4 5 7 6 8 7 2 8 3 2 7 4 8 9 1 6 5 6 1 8 5 7 2 3 9 7 5 9 4 6 3 1 8 4 2 10 13 
4 5 6 3 1 7 2 8 9 9 8 3 5 2 8 6 7 4 7 2 1 9 4 6 5 3 1 8 6 9 7 9 1 4 5 3 2 7 3 8 5 4 1 9 6 1 4 5 3 6 2 7 2 8 3 2 7 4 8 9 3 6 5 6 1 8 2 7 5 4 9 7 5 9 4 6 3 1 8 1 2 14 17 
4 5 6 3 1 7 2 8 9 9 3 1 5 2 8 6 7 4 7 8 2 9 4 6 5 3 1 8 6 9 1 2 4 7 5 3 2 7 5 8 9 3 1 4 6 1 4 3 7 6 5 9 2 8 3 2 7 4 8 9 3 6 5 6 1 8 7 5 1 4 9 2 5 9 4 6 3 2 8 1 7 5 11 

