MonoObjective Genetic Algorithm
Number of Evaluations = 0
Mutation Probability = 0.0100000000000000002
Crossover Probability = 0.5
Population Size = 100
Survival Selection Type = 16

Time =  300.015098000000023

Current Evaluation = 199700
Front Size = 100
4 3 6 5 1 7 2 8 9 9 5 1 8 2 3 6 7 4 7 8 2 9 4 6 5 3 1 8 6 9 2 7 4 1 5 3 2 7 3 1 5 8 4 9 6 1 4 5 3 6 9 7 2 8 3 2 7 4 8 1 9 6 5 6 1 8 7 9 5 3 4 2 5 9 4 6 3 2 8 1 7 1 27 
4 5 6 2 1 7 3 8 9 9 3 2 9 5 8 6 7 4 7 8 1 3 4 6 5 1 2 8 6 9 1 2 4 7 5 3 2 7 5 8 9 3 1 4 6 1 4 3 7 6 5 2 9 8 3 1 7 4 8 2 9 6 5 6 2 8 5 7 9 4 3 1 5 9 4 6 3 1 8 2 7 3 37 
4 8 6 3 1 7 3 8 9 9 1 5 8 9 5 6 7 4 7 2 3 4 2 6 5 2 1 8 6 9 2 7 8 1 5 3 2 3 7 5 9 1 8 4 6 1 4 5 6 4 3 7 2 9 4 3 7 4 8 1 6 1 5 6 2 8 7 2 5 9 2 3 5 9 1 6 3 9 8 4 7 1135 36 
4 5 6 2 1 7 3 8 9 9 3 2 3 5 9 6 7 4 7 8 1 8 4 6 5 2 1 8 6 9 7 2 4 1 5 3 2 7 3 1 8 5 4 9 6 1 4 5 9 6 3 7 2 8 3 2 7 4 9 8 1 6 5 6 1 8 7 5 2 9 3 7 5 9 4 6 3 1 8 4 2 11 28 
4 3 6 5 1 7 2 8 9 8 5 1 2 9 8 6 7 4 7 2 9 3 4 6 5 3 1 8 6 9 1 7 4 2 5 3 2 7 5 8 9 3 1 4 6 1 4 3 5 6 2 9 7 8 3 1 7 4 8 9 3 6 5 6 2 8 7 5 1 4 9 7 5 9 4 6 3 2 8 1 2 14 28 
4 5 6 3 1 7 2 8 9 9 8 1 2 5 9 6 7 4 7 3 2 8 4 6 5 3 1 8 6 9 1 2 8 4 5 3 2 7 3 5 9 4 1 9 6 1 4 5 7 6 3 7 2 8 3 1 7 4 8 2 9 6 5 6 2 8 9 7 5 3 1 2 5 9 4 6 3 1 8 4 7 8 26 
4 5 6 2 1 7 3 8 9 9 3 1 8 5 3 6 7 4 7 8 2 9 4 6 5 2 1 8 6 9 7 2 4 1 5 3 2 7 5 3 8 1 9 4 6 1 4 3 5 6 9 2 7 8 3 1 7 4 9 8 3 6 5 6 2 8 1 7 5 4 9 2 5 9 4 6 3 2 8 1 7 7 25 
4 5 6 3 1 7 2 8 9 9 3 1 5 8 2 6 7 4 7 8 2 9 4 6 5 3 1 8 6 9 2 7 4 1 5 3 2 7 3 1 9 5 7 4 6 1 4 5 8 6 3 2 9 8 3 1 7 4 2 8 9 6 5 6 2 8 7 5 9 4 3 1 5 9 4 6 3 1 8 2 7 6 24 
4 2 6 5 1 7 3 8 9 3 5 1 2 9 8 6 7 4 7 8 9 3 4 6 5 1 2 8 6 9 2 7 1 4 5 3 2 7 3 5 8 4 9 1 6 1 4 5 9 6 3 7 2 8 3 2 7 4 8 2 1 6 5 6 1 8 7 5 9 3 9 2 5 9 4 6 3 1 8 4 7 14 26 
4 2 6 5 1 7 3 8 9 9 5 1 2 8 3 6 7 4 7 8 3 9 4 6 5 1 2 8 6 9 7 2 4 1 5 3 2 7 3 8 5 1 4 9 6 1 4 5 3 6 9 7 2 8 3 1 7 4 9 8 2 6 5 6 2 8 1 7 5 9 3 7 5 9 4 6 3 2 8 4 1 5 23 
4 5 6 3 1 7 3 8 9 9 8 2 8 2 5 6 7 4 7 3 1 9 4 6 5 1 2 8 6 9 1 4 2 7 5 3 2 7 3 5 8 9 4 1 6 1 4 5 7 6 3 9 2 8 3 2 7 4 8 1 9 6 5 6 1 8 9 7 5 2 3 7 5 9 4 6 3 2 8 4 1 14 25 
4 5 6 3 1 7 2 8 9 9 3 1 2 5 8 6 7 4 7 8 2 9 4 6 5 3 1 8 6 9 1 2 4 7 5 3 2 7 5 8 9 3 4 1 6 1 4 3 7 6 5 9 2 8 3 2 7 4 8 9 1 6 5 6 1 8 5 7 2 3 9 7 5 9 4 6 3 1 8 4 2 3 22 
4 5 6 3 1 7 2 8 9 3 1 2 8 5 9 6 7 4 7 8 9 2 4 6 5 3 1 8 6 9 1 2 4 2 5 3 2 7 5 7 9 8 1 4 6 1 4 3 5 6 3 7 9 8 3 2 7 4 8 1 9 6 5 6 1 8 7 5 9 3 4 7 5 9 4 6 3 2 8 1 2 14 23 
4 5 6 2 1 7 3 8 9 9 2 1 8 5 3 6 7 4 7 8 3 9 4 6 5 1 2 8 6 9 7 2 4 1 5 3 2 7 3 1 9 5 7 4 6 1 4 5 3 6 8 2 9 8 3 2 7 4 8 1 9 6 5 6 1 8 5 7 9 4 3 2 5 9 4 6 3 2 8 7 1 7 22 
4 5 6 3 1 7 2 8 9 9 3 1 2 8 5 6 7 4 7 8 2 9 4 6 5 3 1 8 6 9 1 2 4 7 5 3 2 7 3 8 5 9 1 4 6 1 4 5 7 6 3 9 2 8 3 1 7 4 9 8 3 6 5 6 2 8 5 7 1 4 9 2 5 9 4 6 3 2 8 1 7 3 20 
4 5 6 2 1 7 3 8 9 9 1 2 3 5 8 6 7 4 7 8 3 9 4 6 5 2 1 8 6 9 1 7 2 4 5 3 2 7 3 8 9 4 7 1 6 1 4 5 5 6 3 2 9 8 3 2 7 4 8 9 1 6 5 6 1 8 7 2 5 9 3 2 5 9 4 6 3 1 8 4 7 7 22 
4 5 6 2 1 7 2 8 9 9 3 1 9 8 3 6 7 4 7 8 2 4 5 6 5 3 1 8 6 9 2 7 4 1 5 3 2 7 5 1 9 8 7 4 6 1 4 3 3 6 5 2 9 8 3 1 7 4 9 1 1 2 5 6 2 8 5 7 2 7 9 3 5 9 4 6 3 8 8 6 4 626 23 
4 3 6 5 1 7 2 8 9 8 5 1 2 9 3 6 7 4 7 2 9 8 4 6 5 3 1 8 6 9 1 7 2 4 5 3 2 7 5 3 8 4 1 9 6 1 4 3 9 6 5 7 2 8 3 1 7 4 2 8 9 6 5 6 2 8 7 5 9 3 4 2 5 9 4 6 3 1 8 1 7 6 21 
4 5 6 2 1 7 3 8 9 9 8 1 8 5 3 6 7 4 7 3 2 9 4 6 5 1 2 8 6 9 1 7 4 2 5 3 2 7 5 3 8 9 1 4 6 1 4 3 5 6 2 7 9 8 3 1 7 4 2 8 9 6 5 6 2 8 7 9 5 4 3 1 5 9 4 6 3 1 8 2 7 3 20 
4 5 6 3 1 7 3 8 9 9 3 1 5 2 8 6 7 4 7 8 2 9 4 6 5 2 1 8 6 9 1 7 4 2 5 3 2 7 5 8 9 3 1 4 6 1 4 3 2 6 5 7 9 8 3 2 7 4 8 1 9 6 5 6 1 8 7 5 9 4 3 2 5 9 4 6 3 2 8 1 7 3 19 
4 3 6 2 1 7 3 8 9 9 5 1 3 5 8 6 7 4 7 8 2 9 4 6 5 1 2 8 6 9 7 2 1 4 5 3 2 7 5 8 9 4 7 1 6 1 4 3 5 6 3 9 2 8 3 1 7 4 8 9 2 6 5 6 2 8 1 7 5 3 9 1 5 9 4 6 3 2 8 4 7 10 22 
4 5 6 3 1 7 2 8 9 9 8 1 5 2 9 6 7 4 7 3 2 8 4 6 5 3 1 8 6 9 2 7 4 1 5 3 2 7 5 1 8 3 9 4 6 1 4 3 9 6 5 7 2 8 3 1 7 4 9 8 3 6 5 6 2 8 7 5 1 4 9 2 5 9 4 6 3 2 8 1 7 5 20 
4 5 6 3 1 7 2 8 9 9 3 2 5 8 9 6 7 4 7 8 1 2 4 6 5 3 1 8 6 9 1 7 2 4 5 3 2 7 3 8 5 4 1 9 6 1 4 5 9 6 3 7 2 8 3 1 7 4 2 8 9 6 5 6 2 8 7 9 5 3 4 1 5 9 4 6 3 1 8 7 2 5 20 
4 5 6 2 1 7 3 8 9 9 8 2 3 9 5 6 7 4 7 3 1 8 4 6 5 2 1 8 6 9 7 2 4 1 5 3 2 7 3 1 5 8 4 9 6 1 4 5 9 6 3 2 7 8 3 2 7 4 8 1 9 6 5 6 1 8 5 7 9 3 4 2 5 9 4 6 3 2 8 1 7 5 20 
4 5 6 2 1 7 2 8 9 9 8 1 9 5 3 6 7 4 7 3 2 8 4 6 5 3 1 8 6 9 1 7 2 4 5 3 2 7 5 3 4 8 9 1 6 1 4 3 5 6 9 7 2 8 3 1 7 4 8 2 1 6 5 6 2 8 7 9 5 3 9 7 5 9 4 6 3 1 8 4 2 10 20 
4 5 6 3 1 7 2 8 9 9 3 1 8 5 2 6 7 4 7 8 2 9 4 6 5 3 1 8 6 9 2 7 4 1 5 3 2 7 5 1 8 3 4 9 6 1 4 3 5 6 9 7 2 8 3 1 7 4 2 8 9 6 5 6 2 8 7 9 5 3 1 7 5 9 4 6 3 1 8 4 2 3 18 
4 2 6 5 1 7 3 8 9 8 5 1 3 9 2 6 7 4 7 3 9 8 4 6 5 1 2 8 6 9 2 7 4 1 5 3 2 7 3 1 8 5 4 9 6 1 4 5 9 6 3 7 2 8 3 1 7 4 2 8 9 6 5 6 2 8 7 5 9 2 3 1 5 9 4 6 3 1 8 4 7 6 19 
4 3 6 2 1 7 2 8 9 8 5 1 3 5 9 6 7 4 7 2 9 8 4 6 5 3 1 8 6 9 2 7 8 7 5 3 2 7 3 1 5 4 1 4 6 1 4 5 9 6 3 2 9 8 3 1 7 4 8 1 9 6 5 6 2 8 9 7 5 3 4 1 5 9 4 6 3 2 8 7 2 21 22 
4 3 6 5 1 7 2 8 9 9 5 1 2 8 3 6 7 4 7 8 2 9 4 6 5 3 1 8 6 9 1 7 2 4 5 3 2 7 3 8 5 4 9 1 6 1 4 5 3 6 9 7 2 8 3 2 7 4 9 8 1 6 5 6 1 8 7 2 5 3 9 7 5 9 4 6 3 1 8 4 2 3 18 
4 5 6 2 1 7 3 8 9 9 3 2 8 5 9 6 7 4 7 8 1 3 4 6 5 2 1 8 6 9 1 2 4 7 5 3 2 7 3 5 9 8 1 4 6 1 4 5 7 6 3 2 9 8 3 2 7 4 8 1 9 6 5 6 1 8 9 7 5 4 3 2 5 9 4 6 3 2 8 1 7 3 17 
4 5 6 2 1 7 3 8 9 9 2 1 5 8 3 6 7 4 7 8 3 9 4 6 5 2 1 8 6 9 1 7 4 2 5 3 2 7 3 8 5 9 4 1 6 1 4 5 3 6 2 7 9 8 3 1 7 4 2 8 9 6 5 6 2 8 7 9 5 1 3 2 5 9 4 6 3 1 8 4 7 5 17 
4 5 6 3 1 7 3 8 9 9 3 1 8 5 2 6 7 4 7 8 2 9 4 6 5 1 2 8 6 9 2 6 4 1 5 3 2 7 3 1 8 5 9 4 6 1 4 5 7 9 3 7 2 8 3 1 7 4 8 9 2 6 5 6 2 8 5 7 1 3 9 1 5 9 4 6 3 2 8 4 7 11 21 
4 5 6 3 1 7 2 8 9 9 3 1 5 2 8 6 7 4 7 8 2 9 4 6 5 3 1 8 6 9 1 7 4 2 5 3 2 7 3 8 5 9 4 1 6 1 4 5 2 6 3 7 9 8 3 1 7 4 8 2 9 6 5 6 2 8 7 9 5 3 4 1 5 9 4 6 3 1 8 2 7 3 15 
4 5 6 3 1 7 2 8 9 9 3 1 5 2 8 6 7 4 7 8 2 9 4 6 5 3 1 8 6 9 2 7 1 4 5 3 2 7 3 8 5 4 1 9 6 1 4 5 9 6 3 7 2 8 3 2 7 4 8 9 3 6 5 6 1 8 1 7 5 9 4 2 5 9 4 6 3 2 8 1 7 5 17 
4 5 6 2 1 7 3 8 9 8 1 2 9 5 3 6 7 4 7 3 9 8 4 6 5 2 1 8 6 9 7 2 1 2 5 3 2 7 5 8 9 4 1 4 6 1 4 3 3 6 5 9 7 8 3 1 7 4 8 9 9 6 5 6 2 8 1 7 5 4 3 2 5 9 4 6 3 2 8 1 7 13 20 
4 5 6 2 1 7 3 8 9 8 2 1 3 9 5 6 7 4 7 3 9 8 4 6 5 1 2 8 6 9 1 7 4 2 5 3 2 7 5 9 8 3 1 4 6 1 4 3 5 6 2 7 9 8 3 1 7 4 8 9 2 6 5 6 2 8 7 5 1 9 3 7 5 9 4 6 3 2 8 4 1 10 19 
4 5 6 3 1 7 2 8 9 9 3 1 2 5 8 6 7 4 7 8 2 9 4 6 5 3 1 8 6 9 7 2 4 1 5 3 2 7 3 1 9 5 4 9 6 1 4 5 8 6 3 7 2 8 3 2 7 4 8 1 9 6 5 6 1 8 5 7 9 3 4 2 5 9 4 6 3 2 8 1 7 3 15 
4 3 6 5 1 7 3 8 9 9 5 1 3 2 8 6 7 4 7 8 2 9 4 6 5 2 1 8 6 9 1 7 4 2 5 3 2 7 3 8 9 5 4 1 6 1 4 5 2 6 3 7 9 8 3 2 7 4 8 9 1 6 5 6 1 8 7 5 2 9 3 7 5 9 4 6 3 1 8 4 2 5 16 
4 2 6 5 1 7 3 8 9 3 5 1 2 9 8 6 7 4 7 8 9 3 4 6 5 1 2 8 6 9 1 2 4 7 5 3 2 7 3 8 5 9 1 4 6 1 4 5 7 6 3 2 9 8 3 1 7 4 8 2 9 6 5 6 2 8 9 7 5 4 3 1 5 9 4 6 3 1 8 2 7 4 15 
4 2 6 5 1 7 3 8 9 9 5 1 3 8 2 6 7 4 7 8 3 9 4 6 5 1 2 8 6 9 1 7 4 2 5 3 2 7 3 8 9 5 1 4 6 1 4 5 2 6 3 7 9 8 3 1 7 4 2 8 9 6 5 6 2 8 7 5 9 4 3 1 5 9 4 6 3 1 8 2 7 3 14 
4 5 6 3 1 7 2 8 9 9 3 1 8 2 5 6 7 4 7 8 2 9 4 6 5 3 1 8 6 9 1 7 4 2 5 3 2 7 3 5 9 8 4 1 6 1 4 5 2 6 3 7 9 8 3 2 7 4 8 1 9 6 5 6 1 8 7 5 9 3 4 2 5 9 4 6 3 2 8 1 7 3 13 
4 3 6 5 1 7 2 8 9 9 5 1 3 2 8 6 7 4 7 8 2 9 4 6 5 3 1 8 6 9 1 7 4 2 5 3 2 7 3 8 5 9 1 4 6 1 4 5 2 6 3 7 9 8 3 2 7 4 8 1 9 6 5 6 1 8 7 9 5 4 3 2 5 9 4 6 3 2 8 1 7 3 13 
4 5 6 3 1 7 2 8 9 9 3 2 8 5 9 6 7 4 7 8 1 2 4 6 5 3 1 8 6 9 7 2 4 1 5 3 2 7 5 1 8 3 4 9 6 1 4 3 9 6 5 7 2 8 3 1 7 4 9 8 3 6 5 6 2 8 5 7 1 9 4 2 5 9 4 6 3 2 8 1 7 5 15 
4 5 6 2 1 7 3 8 9 9 8 1 3 9 5 6 7 4 7 3 2 8 4 6 5 1 2 8 6 9 7 2 4 1 5 3 2 7 5 1 8 3 4 9 6 1 4 3 5 6 9 7 2 8 3 2 7 4 8 1 9 6 5 6 1 8 9 7 5 2 3 1 5 9 4 6 3 2 8 4 7 7 18 
4 5 6 2 1 7 3 8 9 3 2 1 9 5 3 6 7 4 7 8 9 8 4 6 5 1 2 8 6 9 1 7 4 7 5 3 2 7 5 8 9 3 1 4 6 1 4 3 5 6 2 9 2 8 3 2 7 4 8 9 3 6 5 6 1 8 7 2 5 4 9 7 5 9 4 6 3 1 8 2 1 15 19 
4 5 6 2 1 7 3 8 9 9 2 1 8 5 3 6 7 4 7 8 3 9 4 6 5 2 1 8 6 9 1 6 2 7 5 3 2 7 3 8 9 4 1 4 6 1 4 5 3 7 5 2 9 8 3 2 7 4 2 8 9 6 5 6 1 8 7 5 9 4 3 2 5 9 4 6 3 1 8 1 7 10 18 
4 5 6 3 1 7 2 8 9 9 3 1 2 8 5 6 7 4 7 8 2 9 4 6 5 3 1 8 6 9 1 6 2 7 5 3 2 7 3 8 9 4 4 1 6 1 4 5 7 5 3 2 9 8 3 1 7 4 2 8 9 6 5 6 2 8 5 7 9 3 4 1 5 9 4 6 3 1 8 7 2 7 17 
4 5 6 2 1 7 3 8 9 9 8 2 5 8 9 6 7 4 7 3 1 3 4 6 5 2 1 8 6 9 1 2 4 7 5 3 2 7 3 8 7 5 4 1 6 1 4 5 9 6 3 2 9 8 3 1 7 4 9 8 2 6 5 6 2 8 7 5 1 9 3 7 5 9 4 6 3 2 8 4 1 11 18 
4 5 6 2 1 7 3 8 9 9 8 2 3 9 5 6 7 4 7 3 1 8 4 6 5 1 2 8 6 9 9 7 4 1 5 3 2 7 5 1 8 3 4 9 6 1 4 3 5 6 2 2 7 8 3 1 7 4 2 8 9 6 5 6 2 8 7 5 9 4 3 1 5 9 4 6 3 1 8 2 7 7 16 
4 3 6 5 1 7 3 8 9 9 5 1 8 2 3 6 7 4 7 8 2 9 4 6 5 1 2 8 6 9 1 7 4 2 5 3 2 7 5 3 9 8 1 4 6 1 4 3 2 6 5 7 9 8 3 1 7 4 8 2 9 6 5 6 2 8 7 5 9 4 3 1 5 9 4 6 3 1 8 2 7 3 12 
4 3 6 5 1 7 3 8 9 9 5 1 8 2 9 6 7 4 7 8 2 3 4 6 5 1 2 8 6 9 2 7 4 1 5 3 2 7 3 1 5 8 4 9 6 1 4 5 9 6 3 2 7 8 3 1 7 4 8 2 9 6 5 6 2 8 7 9 5 3 4 1 5 9 4 6 3 1 8 2 7 6 15 
4 5 6 2 1 7 3 8 9 9 8 1 3 9 5 6 7 4 7 3 2 8 4 6 5 1 2 8 6 9 7 2 4 1 5 3 2 7 3 1 5 8 7 4 6 1 4 5 9 6 3 2 9 8 3 1 7 4 8 2 9 6 5 6 2 8 5 7 9 4 3 1 5 9 4 6 3 1 8 7 2 7 16 
4 5 6 3 1 7 2 8 9 9 3 1 8 2 5 6 7 4 7 8 2 9 4 6 5 3 1 8 6 9 2 7 4 1 5 3 2 7 5 1 9 3 7 4 6 1 4 3 5 6 8 9 2 8 3 2 7 4 8 1 3 6 5 6 1 8 7 5 9 4 9 2 5 9 4 6 3 2 8 1 7 5 14 
4 5 6 3 1 7 3 8 9 9 3 1 8 2 5 6 7 4 7 8 2 9 4 6 5 1 2 8 6 9 2 7 4 1 5 3 2 7 3 5 8 1 4 9 6 1 4 5 9 6 3 7 2 8 3 1 7 4 9 8 2 6 5 6 2 8 7 5 1 9 3 7 5 9 4 6 3 2 8 4 1 7 16 
4 5 6 3 1 7 2 8 9 9 3 1 8 5 9 6 7 4 7 8 2 2 4 6 5 3 1 8 6 9 1 2 4 7 5 3 2 7 5 7 9 3 4 1 6 1 4 3 5 6 8 2 9 8 3 1 7 4 8 2 9 6 5 6 2 8 9 7 5 3 4 1 5 9 4 6 3 1 8 7 2 8 17 
4 5 6 2 1 7 3 8 9 9 1 2 8 5 3 6 7 4 7 8 3 9 4 6 5 2 1 8 6 9 7 2 4 2 5 3 2 7 5 1 8 9 4 1 6 1 4 3 3 6 5 7 9 8 3 2 7 4 9 8 1 6 5 6 1 8 5 7 2 9 3 2 5 9 4 6 3 1 8 4 7 8 17 
4 5 6 2 1 7 3 8 9 9 8 1 3 5 8 6 7 4 7 3 2 9 4 6 5 2 1 8 6 9 1 2 4 7 5 3 2 7 3 8 9 5 1 4 6 1 4 5 7 6 3 2 9 8 3 2 7 4 8 1 9 6 5 6 1 8 5 7 9 4 3 2 5 9 4 6 3 2 8 1 7 3 11 
4 5 6 3 1 7 2 8 9 9 3 1 5 2 8 6 7 4 7 8 2 9 4 6 5 3 1 8 6 9 2 7 4 7 5 3 2 7 3 1 9 5 4 1 6 1 4 5 8 6 3 9 2 8 3 2 7 4 8 9 1 6 5 6 1 8 7 5 1 3 9 2 5 9 4 6 3 2 8 4 7 6 14 
4 3 6 5 1 7 3 8 9 9 5 1 3 8 2 6 7 4 7 8 2 9 4 6 5 1 2 8 6 9 7 2 4 1 5 3 2 7 3 1 5 3 4 9 6 1 4 5 8 6 9 7 2 8 3 2 7 4 9 8 9 6 5 6 1 8 2 7 5 3 4 1 5 9 4 6 3 1 8 2 7 9 17 
4 5 6 2 1 7 3 8 9 9 3 1 5 8 9 6 7 4 7 8 2 3 4 6 5 1 2 8 6 9 1 7 2 4 5 3 2 7 3 8 5 4 1 9 6 1 4 5 9 6 3 2 7 8 3 1 7 4 2 8 9 6 5 6 2 8 7 9 5 4 3 1 5 9 4 6 3 1 8 2 7 5 13 
4 3 6 2 1 7 3 8 9 9 5 1 3 5 9 6 7 4 7 8 2 8 4 6 5 2 1 8 6 9 9 2 4 1 5 3 2 7 5 1 7 8 4 9 6 1 4 3 5 6 3 2 7 8 3 2 7 4 9 8 9 6 5 6 1 8 7 2 5 4 3 2 5 9 4 6 3 1 8 1 7 16 19 
4 5 6 3 1 7 2 8 9 9 3 1 8 2 5 6 7 4 7 8 2 9 4 6 5 3 1 8 6 9 2 7 4 4 5 3 2 7 3 1 8 9 1 9 6 1 4 5 5 6 3 7 2 8 3 1 7 4 9 8 9 6 5 6 2 8 7 5 1 3 4 2 5 9 4 6 3 2 8 1 7 7 14 
4 5 6 3 1 7 2 8 9 9 3 1 5 8 2 6 7 4 7 8 2 9 4 6 5 3 1 8 6 9 1 7 4 2 5 3 2 7 5 8 9 3 4 1 6 1 4 3 2 6 5 7 9 8 3 1 7 4 2 8 9 6 5 6 2 8 7 5 9 3 4 1 5 9 4 6 3 1 8 2 7 3 11 
4 3 6 5 1 7 2 8 9 9 5 1 3 8 2 6 7 4 7 8 2 9 4 6 5 3 1 8 6 9 2 7 4 1 5 3 2 7 5 1 8 3 4 9 6 1 4 3 9 6 5 7 2 8 3 1 7 4 2 8 9 6 5 6 2 8 7 5 9 3 4 2 5 9 4 6 3 1 8 1 7 5 13 
4 5 6 3 1 7 2 8 9 9 3 1 2 5 8 6 7 4 7 8 2 9 4 6 5 3 1 8 6 9 2 7 4 1 5 3 2 7 5 1 8 3 4 9 6 1 4 3 5 6 9 7 2 8 3 2 7 4 8 1 9 6 5 6 1 8 7 9 5 3 4 2 5 9 4 6 3 2 8 1 7 3 11 
4 3 6 5 1 7 2 8 9 8 5 1 9 2 3 6 7 4 7 2 9 8 4 6 5 3 1 8 6 9 2 7 4 1 5 3 2 7 5 1 9 8 4 9 6 1 4 3 3 6 5 7 2 8 3 2 7 4 8 9 3 6 5 6 1 8 7 5 2 9 4 7 5 9 4 6 3 1 8 1 2 9 17 
4 5 6 3 1 7 3 8 9 8 2 1 8 2 5 6 7 4 7 3 9 9 4 6 5 2 1 8 6 9 2 7 1 7 5 3 2 7 3 5 8 4 1 4 6 1 4 5 9 6 3 2 9 8 3 2 7 4 8 1 1 6 5 6 1 8 9 7 5 3 9 2 5 9 4 6 3 2 8 4 7 25 19 
4 5 6 2 1 7 3 8 9 9 2 1 5 8 3 6 7 4 7 8 3 9 4 6 5 1 2 8 6 9 2 6 4 7 5 3 2 7 3 1 5 9 1 4 6 1 4 5 3 7 8 2 9 8 3 1 7 4 8 2 9 6 5 6 2 8 7 9 5 4 3 1 5 9 4 6 3 1 8 2 7 8 16 
4 5 6 3 1 7 2 8 9 9 3 1 8 9 5 6 7 4 7 8 2 2 4 6 5 3 1 8 6 9 7 2 4 1 5 3 2 7 3 1 5 8 9 4 6 1 4 5 9 6 3 7 2 8 3 1 7 4 8 9 3 6 5 6 2 8 5 7 1 4 9 2 5 9 4 6 3 2 8 1 7 5 12 
4 5 6 2 1 7 3 8 9 9 8 2 3 5 9 6 7 4 7 3 1 8 4 6 5 1 2 8 6 9 7 2 4 1 5 3 2 7 3 1 8 5 4 9 6 1 4 5 9 6 3 7 2 8 3 1 7 4 9 8 2 6 5 6 2 8 5 7 1 9 3 7 5 9 4 6 3 2 8 4 1 5 12 
4 5 6 3 1 7 2 8 9 9 3 1 2 5 8 6 7 4 7 8 2 9 4 6 5 3 1 8 6 9 1 2 4 7 5 3 2 7 5 8 9 3 1 4 6 1 4 3 7 6 5 9 2 8 3 2 7 4 8 1 9 6 5 6 1 8 5 7 9 4 3 2 5 9 4 6 3 2 8 1 7 3 11 
4 2 6 5 1 7 3 8 9 3 5 1 9 2 8 6 7 4 7 8 9 3 4 6 5 2 1 8 6 9 1 7 4 2 5 3 2 7 3 8 9 5 1 4 6 1 4 5 2 6 3 7 9 8 3 2 7 4 8 1 9 6 5 6 1 8 7 5 9 4 3 2 5 9 4 6 3 2 8 1 7 4 11 
4 3 6 5 1 7 2 8 9 9 5 1 2 8 3 6 7 4 7 8 2 9 4 6 5 3 1 8 6 9 1 7 4 2 5 3 2 7 3 8 5 9 4 1 6 1 4 5 3 6 2 7 9 8 3 1 7 4 2 8 9 6 5 6 2 8 7 9 5 3 4 1 5 9 4 6 3 1 8 2 7 3 10 
4 5 6 3 1 7 3 8 9 9 3 1 5 2 8 6 7 4 7 8 2 9 4 6 5 1 2 8 6 9 1 7 2 4 5 3 2 7 5 3 8 4 1 9 6 1 4 3 5 6 9 7 2 8 3 1 7 4 8 2 9 6 5 6 2 8 7 9 5 3 4 1 5 9 4 6 3 1 8 2 7 9 15 
4 3 6 2 1 7 3 8 9 9 5 1 8 5 9 6 7 4 7 8 2 3 4 6 5 1 2 8 6 9 1 7 4 4 5 3 2 7 3 8 9 3 1 9 6 1 4 5 5 6 2 7 2 8 3 1 7 4 8 1 9 6 5 6 2 8 9 7 5 2 3 1 5 9 4 6 3 2 8 4 7 16 18 
4 5 6 3 1 7 2 8 9 9 3 1 8 2 5 6 7 4 7 8 2 9 4 6 5 3 1 8 6 9 2 6 4 1 5 3 2 7 3 1 5 8 4 9 6 1 4 5 7 9 3 7 2 8 3 2 7 4 8 1 9 6 5 6 1 8 5 7 9 3 4 2 5 9 4 6 3 2 8 1 7 3 9 
4 3 6 3 1 7 2 8 9 9 5 1 2 8 5 6 7 4 7 8 2 9 4 6 5 3 1 8 6 9 1 2 4 2 5 3 2 7 5 8 5 9 1 4 6 1 4 3 7 6 3 7 9 8 3 1 7 4 8 2 1 6 5 6 2 8 7 5 9 3 9 7 5 9 4 6 3 1 8 4 2 19 18 
4 5 6 2 1 7 3 8 9 9 3 2 8 5 9 6 7 4 7 8 1 3 4 6 5 1 2 8 6 9 2 8 1 7 5 3 2 7 3 5 9 4 1 4 6 1 4 5 7 6 3 2 9 8 3 1 7 4 2 8 9 6 5 6 2 8 9 7 5 4 3 1 5 9 4 6 3 1 8 2 7 7 13 
4 5 6 2 1 7 3 8 9 9 8 2 3 5 8 6 7 4 7 3 1 9 4 6 5 1 2 8 6 9 1 7 2 4 5 3 2 7 3 8 9 4 7 1 6 1 4 5 5 6 3 2 9 8 3 1 7 4 2 8 9 6 5 6 2 8 7 9 5 4 3 1 5 9 4 6 3 1 8 2 7 9 13 
4 5 6 3 1 7 2 8 9 9 3 1 2 8 5 6 7 4 7 8 2 9 4 6 5 3 1 8 6 9 1 2 4 7 5 3 2 7 3 8 5 9 4 1 6 1 4 5 7 6 3 9 2 8 3 2 7 4 9 8 1 6 5 6 1 8 5 7 2 3 9 7 5 9 4 6 3 1 8 4 2 3 9 
4 5 6 2 1 7 3 8 9 9 3 2 8 9 5 6 7 4 7 8 1 3 4 6 5 2 1 8 6 9 7 6 4 1 5 3 2 7 5 1 8 9 7 4 6 1 4 3 5 2 3 2 9 8 3 2 7 4 8 1 9 6 5 6 1 8 9 7 5 4 3 2 5 9 4 6 3 2 8 1 7 9 13 
4 3 6 5 1 7 3 8 9 9 5 1 8 2 9 6 7 4 7 8 2 3 4 6 5 2 1 8 6 9 2 8 4 7 5 3 2 7 5 1 9 3 1 4 6 1 4 3 7 6 5 2 9 8 3 2 7 4 9 8 9 6 5 6 1 8 5 7 1 4 3 2 5 9 4 6 3 2 8 1 7 10 17 
4 5 6 2 1 7 3 8 9 9 3 1 8 9 5 6 7 4 7 8 2 3 4 6 5 2 1 8 6 9 2 7 4 1 5 3 2 7 3 1 5 9 7 4 6 1 4 5 3 6 8 2 9 8 3 2 7 4 8 1 9 6 5 6 1 8 5 7 9 4 3 2 5 9 4 6 3 2 8 1 7 9 12 
4 5 6 2 1 7 3 8 9 9 8 1 3 5 8 6 7 4 7 3 2 9 4 6 5 1 2 8 6 9 1 2 4 7 5 3 2 7 3 8 9 5 1 4 6 1 4 5 7 6 3 2 9 8 3 1 7 4 8 2 9 6 5 6 2 8 5 7 9 4 3 1 5 9 4 6 3 1 8 2 7 3 8 
4 3 6 5 1 7 2 8 9 9 5 1 2 8 3 6 7 4 7 8 2 9 4 6 5 3 1 8 6 9 7 2 1 4 5 3 2 7 3 8 5 4 1 9 6 1 4 5 3 6 9 7 2 8 3 2 7 4 8 1 9 6 5 6 1 8 9 7 5 3 4 2 5 9 4 6 3 2 8 1 7 4 11 
4 5 6 3 1 7 2 8 9 9 3 1 2 8 5 6 7 4 7 8 2 9 4 6 5 3 1 8 6 9 1 2 8 4 5 3 2 7 3 5 7 4 1 9 6 1 4 5 9 6 3 7 2 8 3 2 7 4 8 1 9 6 5 6 1 8 7 5 9 3 4 2 5 9 4 6 3 2 8 1 7 5 11 
4 5 6 3 1 7 2 8 9 9 3 1 8 2 5 6 7 4 7 8 2 9 4 6 5 3 1 8 6 9 2 7 4 1 5 3 2 7 5 1 9 8 4 9 6 1 4 3 5 6 3 7 2 8 3 2 7 4 8 1 9 6 5 6 1 8 7 5 9 3 4 2 5 9 4 6 3 2 8 1 7 3 8 
4 5 6 2 1 7 3 8 9 9 1 2 3 5 8 6 7 4 7 8 3 9 4 6 5 2 1 8 6 9 1 2 4 7 5 3 2 7 3 8 9 5 4 1 6 1 4 5 7 6 3 2 9 8 3 2 7 4 8 9 1 6 5 6 1 8 5 7 2 9 3 7 5 9 4 6 3 1 8 4 2 5 11 
4 3 6 5 1 7 2 8 9 9 5 1 3 8 2 6 7 4 7 8 2 9 4 6 5 3 1 8 6 9 1 7 4 2 5 3 2 7 3 8 9 5 4 1 6 1 4 5 2 6 3 7 9 8 3 1 7 4 2 8 9 6 5 6 2 8 7 5 9 3 4 1 5 9 4 6 3 1 8 2 7 3 8 
4 2 6 5 1 7 3 8 9 8 5 1 3 2 9 6 7 4 7 3 9 8 4 6 5 1 2 8 6 9 7 9 4 1 5 3 2 7 3 1 5 8 4 9 6 1 4 5 2 6 3 2 7 8 3 2 7 4 8 1 9 6 5 6 1 8 9 7 5 3 2 1 5 9 4 6 3 2 8 4 7 10 17 
4 5 6 2 1 7 3 8 9 9 2 1 3 9 5 6 7 4 7 8 3 8 4 6 5 2 1 8 6 9 1 2 4 7 5 3 2 7 3 5 8 9 1 4 6 1 4 5 7 6 3 2 9 8 3 1 7 4 8 2 9 6 5 6 2 8 7 5 9 4 3 2 5 9 4 6 3 1 8 1 7 10 15 
4 3 6 5 1 7 2 8 9 9 5 1 3 2 8 6 7 4 7 8 2 9 4 6 5 3 1 8 6 9 1 7 2 4 5 3 2 7 3 8 5 4 1 9 6 1 4 5 9 6 3 7 2 8 3 2 7 4 8 1 9 6 5 6 1 8 7 9 5 3 4 2 5 9 4 6 3 2 8 1 7 3 8 
4 3 6 3 1 7 2 8 9 9 5 1 5 2 8 6 7 4 7 8 2 9 4 6 5 3 1 8 6 9 7 2 4 1 5 3 2 7 3 8 5 1 4 9 6 1 4 5 3 6 9 7 2 8 3 2 7 4 9 8 1 6 5 6 1 8 1 7 5 3 9 2 5 9 4 6 3 2 8 4 7 10 14 
4 5 6 2 1 7 3 8 9 9 3 1 3 5 8 6 7 4 7 8 2 9 4 6 5 1 2 8 6 9 2 7 1 7 5 3 2 7 3 8 5 4 1 4 6 1 4 5 3 6 9 2 9 8 3 1 7 4 8 1 9 6 5 6 2 8 7 9 5 3 4 2 5 9 4 6 3 2 8 1 7 16 17 
4 5 6 2 1 7 3 8 9 9 3 2 5 9 8 6 7 4 7 8 1 3 4 6 5 1 2 8 6 9 1 2 4 7 5 3 2 7 3 8 5 9 1 4 6 1 4 5 7 6 3 2 9 8 3 1 7 4 8 2 9 6 5 6 2 8 9 7 5 4 3 1 5 9 4 6 3 1 8 2 7 3 7 
4 3 6 5 1 7 2 8 9 9 5 1 3 9 8 6 7 4 7 8 2 2 4 6 5 3 1 8 6 9 1 2 4 7 5 3 2 7 3 8 5 9 1 4 6 1 4 5 7 6 3 9 2 8 3 2 7 4 8 1 9 6 5 6 1 8 9 7 5 3 4 2 5 9 4 6 3 2 8 1 7 5 11 
4 5 6 2 1 7 3 8 9 9 1 2 3 5 8 6 7 4 7 8 3 9 4 6 5 2 1 8 6 9 1 2 4 7 5 3 2 7 3 8 7 9 1 4 6 1 4 5 5 6 3 2 9 8 3 2 7 4 8 1 9 6 5 6 1 8 7 9 5 4 3 2 5 9 4 6 3 2 8 1 7 5 10 
4 5 6 3 1 7 2 8 9 9 3 1 8 2 5 6 7 4 7 8 2 9 4 6 5 3 1 8 6 9 7 9 4 2 5 3 2 7 5 1 8 3 1 4 6 1 4 3 2 6 5 7 9 8 3 2 7 4 8 1 9 6 5 6 1 8 5 7 9 4 3 2 5 9 4 6 3 2 8 1 7 7 10 
4 5 6 5 1 7 2 8 9 9 3 1 3 9 2 6 7 4 7 8 2 8 4 6 5 3 1 8 6 9 2 6 1 4 5 3 2 7 3 8 5 4 1 9 6 1 4 5 7 9 3 7 2 8 3 1 7 4 2 8 9 6 5 6 2 8 7 5 9 2 3 1 5 9 4 6 3 1 8 4 7 17 17 
4 5 6 2 1 7 2 8 9 9 8 2 9 5 3 6 7 4 7 3 1 8 4 6 5 3 1 8 6 9 1 7 4 7 5 3 2 7 5 8 9 3 4 1 6 1 4 3 2 6 5 2 9 8 3 1 7 4 8 9 1 6 5 6 2 8 5 7 2 9 3 2 5 9 4 6 3 1 8 4 7 18 17 

