MonoObjective Genetic Algorithm
Number of Evaluations = 0
Mutation Probability = 0.0100000000000000002
Crossover Probability = 0.5
Population Size = 100
Survival Selection Type = 16

Time =  300.00012700000002

Current Evaluation = 194900
Front Size = 100
4 3 6 5 1 7 2 8 9 9 5 1 8 2 3 6 7 4 7 8 2 9 4 6 5 3 1 8 6 9 2 7 4 1 5 3 2 7 3 1 5 8 4 9 6 1 4 5 3 6 9 7 2 8 3 2 7 4 8 1 9 6 5 6 1 8 7 9 5 3 4 2 5 9 4 6 3 2 8 1 7 1 4 
4 5 6 2 1 7 3 8 9 9 8 2 5 8 3 6 7 4 7 3 1 9 4 6 5 1 2 8 7 6 1 2 4 2 5 3 2 5 3 5 7 8 1 4 6 1 4 9 9 6 3 7 9 8 4 3 7 4 8 2 1 6 5 6 1 8 9 7 5 9 3 7 5 9 2 6 3 1 8 4 2 227 38 
4 2 6 5 1 7 3 8 9 3 5 1 9 2 8 6 7 4 7 8 9 3 4 6 5 1 2 8 6 9 1 6 4 7 5 3 2 7 3 8 9 5 1 4 6 1 4 5 2 7 3 2 9 8 3 1 7 4 8 2 9 6 5 6 2 8 7 5 9 4 3 1 5 9 4 6 3 1 8 2 7 6 32 
4 5 6 3 1 7 2 8 9 9 3 1 5 8 2 6 7 4 7 8 2 9 4 6 5 3 1 8 6 9 1 7 4 2 5 3 2 7 5 8 9 3 4 1 6 1 4 3 2 6 5 7 9 8 3 1 7 4 2 8 9 6 5 6 2 8 7 5 9 3 4 1 5 9 4 6 3 1 8 2 7 3 26 
4 5 6 2 1 7 3 8 9 3 1 2 8 5 9 6 7 4 7 8 9 3 4 6 5 2 1 8 6 9 1 7 2 4 5 3 2 7 5 9 8 4 7 1 6 1 4 3 5 6 3 2 9 8 3 2 7 4 9 8 1 6 5 6 1 8 7 2 5 9 3 7 5 9 4 6 3 1 8 4 2 8 31 
4 5 6 2 1 7 3 8 9 9 8 1 9 5 3 6 7 4 7 3 2 8 4 6 5 1 2 8 6 9 1 2 8 4 5 3 2 7 5 3 9 4 1 9 6 1 4 3 7 6 5 7 2 8 3 1 7 4 8 9 2 6 5 6 2 8 5 7 1 9 3 1 5 9 4 6 3 2 8 4 7 8 29 
4 5 6 2 1 7 3 8 9 8 2 1 3 5 9 6 7 4 7 3 9 8 4 6 5 2 1 8 6 9 1 2 4 7 5 3 2 7 3 5 9 8 1 4 6 1 4 5 7 6 3 2 9 8 3 2 7 4 8 1 9 6 5 6 1 8 9 7 5 4 3 2 5 9 4 6 3 2 8 1 7 4 25 
4 5 6 2 1 7 3 8 9 9 3 1 9 8 3 6 7 4 7 8 2 4 5 6 5 1 2 7 8 5 8 6 1 1 5 3 2 9 3 7 2 4 7 4 6 1 4 6 5 3 9 2 9 8 4 3 7 4 9 1 1 2 5 6 2 8 5 7 2 7 9 3 5 9 1 6 3 8 8 6 4 1334 37 
4 5 6 3 1 7 2 8 9 9 3 1 8 5 9 6 7 4 7 8 2 2 4 6 5 3 1 8 6 9 7 2 4 1 5 3 2 7 3 1 8 5 9 4 6 1 4 5 9 6 3 7 2 8 3 2 7 4 9 8 3 6 5 6 1 8 5 7 2 4 9 7 5 9 4 6 3 1 8 1 2 6 25 
4 5 6 3 1 7 3 8 9 9 8 2 8 2 5 6 7 4 7 3 1 9 4 6 5 2 1 8 6 9 1 6 4 2 5 3 2 7 3 7 8 9 4 1 6 1 4 5 2 5 3 7 9 8 3 1 7 4 9 8 2 6 5 6 2 8 1 7 5 9 3 7 5 9 4 6 3 2 8 4 1 14 26 
4 5 6 2 1 7 3 8 9 9 8 2 3 9 5 6 7 4 7 3 1 8 4 6 5 1 2 8 6 9 1 7 4 2 5 3 2 7 5 9 8 3 1 4 6 1 4 3 5 6 2 7 9 8 3 1 7 4 2 8 9 6 5 6 2 8 7 5 9 4 3 1 5 9 4 6 3 1 8 2 7 3 20 
4 5 6 3 1 7 2 8 9 3 8 1 9 5 2 6 7 4 7 2 9 8 4 6 5 3 1 8 6 9 1 9 2 4 5 3 2 7 3 8 5 4 1 9 6 1 4 5 7 6 3 7 2 8 3 2 7 4 2 8 9 6 5 6 1 8 5 7 9 3 1 2 5 9 4 6 3 1 8 4 7 12 25 
4 5 6 2 1 7 3 8 9 9 3 1 5 9 8 6 7 4 7 8 2 3 4 6 5 1 2 8 6 9 1 7 2 4 5 3 2 7 3 8 4 5 1 9 6 1 4 5 9 6 3 7 2 8 3 2 7 4 8 1 9 6 5 6 1 8 7 5 9 2 3 7 5 9 4 6 3 2 8 4 1 7 24 
4 3 6 5 1 7 2 8 9 9 5 1 2 8 3 6 7 4 7 8 2 9 4 6 5 3 1 8 6 9 1 7 2 4 5 3 2 7 3 8 5 4 9 1 6 1 4 5 3 6 9 7 2 8 3 2 7 4 9 8 1 6 5 6 1 8 7 2 5 3 9 7 5 9 4 6 3 1 8 4 2 3 18 
4 3 6 5 1 7 2 8 9 8 5 1 3 2 9 6 7 4 7 2 9 8 4 6 5 3 1 8 6 9 2 4 1 7 5 3 2 7 5 9 5 8 4 1 6 1 4 3 7 6 3 9 2 8 3 1 7 4 8 2 9 6 5 6 2 8 9 7 5 3 4 1 5 9 4 6 3 1 8 2 7 12 24 
4 3 6 5 1 7 3 8 9 9 5 1 3 2 8 6 7 4 7 8 2 9 4 6 5 2 1 8 6 9 1 7 4 2 5 3 2 7 3 8 9 5 1 4 6 1 4 5 2 6 3 7 9 8 3 2 7 4 8 1 9 6 5 6 1 8 7 5 9 4 3 2 5 9 4 6 3 2 8 1 7 3 17 
4 5 6 5 1 7 3 8 9 9 8 2 8 2 3 6 7 4 7 3 1 9 4 6 5 2 1 8 6 9 7 2 1 4 5 3 2 7 5 8 5 4 9 1 6 1 4 3 9 6 3 2 7 8 3 2 7 4 8 9 1 6 5 6 1 8 5 7 2 3 9 2 5 9 4 6 3 1 8 4 7 17 25 
4 3 6 5 1 7 3 8 9 9 5 1 3 8 2 6 7 4 7 8 2 9 4 6 5 1 2 8 6 9 2 6 4 1 5 3 2 7 5 1 9 3 9 4 6 1 4 3 8 7 5 2 7 8 3 2 7 4 9 8 1 6 5 6 1 8 1 7 5 3 9 2 5 9 4 6 3 2 8 4 7 19 25 
4 5 6 5 1 7 2 8 9 8 1 2 8 2 3 6 7 4 7 3 9 9 4 6 5 3 1 8 6 9 7 6 2 1 5 3 2 7 5 1 8 4 4 9 6 1 4 3 3 5 9 7 2 8 3 2 7 4 2 8 9 6 5 6 1 8 5 7 9 4 3 1 5 9 4 6 3 1 8 2 7 21 24 
9 4 6 2 1 7 2 8 9 3 5 2 5 4 8 6 7 4 7 8 1 3 9 6 5 3 1 8 6 3 7 6 1 1 5 3 2 7 9 3 5 4 7 4 6 1 4 5 2 8 9 2 9 8 3 1 7 4 8 1 9 2 5 6 2 8 7 9 5 4 6 3 5 9 4 6 3 2 8 7 1 629 31 
4 5 6 3 1 7 2 8 9 9 3 1 8 5 2 6 7 4 7 8 2 9 4 6 5 3 1 8 6 9 1 2 4 7 5 3 2 7 5 3 9 8 4 1 6 1 4 3 7 6 5 9 2 8 3 2 7 4 8 9 1 6 5 6 1 8 5 7 1 3 9 2 5 9 4 6 3 2 8 4 7 5 21 
4 5 6 2 1 7 3 8 9 9 3 1 8 5 9 6 7 4 7 8 2 3 4 6 5 1 2 8 6 9 1 7 2 4 5 3 2 7 3 5 8 4 1 9 6 1 4 5 9 6 3 2 7 8 3 1 7 4 2 8 9 6 5 6 2 8 7 9 5 3 4 1 5 9 4 6 3 1 8 2 7 5 20 
4 5 6 2 1 7 3 8 9 9 8 1 8 5 3 6 7 4 7 3 2 9 4 6 5 2 1 8 6 9 1 7 4 2 5 3 2 7 3 5 9 8 4 1 6 1 4 5 3 6 2 7 9 8 3 2 7 4 8 9 1 6 5 6 1 8 7 2 5 9 3 7 5 9 4 6 3 1 8 4 2 5 20 
4 5 6 2 1 7 3 8 9 9 1 2 3 8 5 6 7 4 7 8 3 9 4 6 5 2 1 8 6 9 1 2 4 7 5 3 2 7 3 8 5 9 4 1 6 1 4 5 7 6 3 2 9 8 3 2 7 4 9 8 1 6 5 6 1 8 5 7 1 9 3 2 5 9 4 6 3 2 8 4 7 5 20 
4 2 6 5 1 7 3 8 9 9 5 1 8 2 3 6 7 4 7 8 3 9 4 6 5 2 1 8 6 9 1 7 4 2 5 3 2 7 5 3 8 9 4 1 6 1 4 3 2 6 5 7 9 8 3 2 7 4 9 8 1 6 5 6 1 8 7 5 2 9 3 2 5 9 4 6 3 1 8 4 7 5 19 
4 5 6 2 1 7 3 8 9 9 2 1 8 5 3 6 7 4 7 8 3 9 4 6 5 1 2 8 6 9 1 2 4 7 5 3 2 7 5 3 9 8 1 4 6 1 4 3 7 6 5 2 9 8 3 1 7 4 8 2 9 6 5 6 2 8 5 7 9 4 3 1 5 9 4 6 3 1 8 2 7 3 17 
4 5 6 3 1 7 2 8 9 9 3 1 2 8 5 6 7 4 7 8 2 9 4 6 5 3 1 8 6 9 7 2 1 4 5 3 2 7 3 8 5 4 1 9 6 1 4 5 9 6 3 7 2 8 3 2 7 4 8 1 9 6 5 6 1 8 5 7 9 3 4 2 5 9 4 6 3 2 8 1 7 4 17 
4 5 6 3 1 7 3 8 9 9 3 2 8 9 5 6 7 4 7 8 1 2 4 6 5 2 1 8 6 9 1 4 2 1 5 3 2 7 5 8 5 9 9 4 6 1 4 3 7 6 3 7 2 8 3 1 7 4 8 2 9 6 5 6 2 8 9 7 5 1 3 7 5 9 4 6 3 1 8 4 2 20 23 
4 5 6 2 1 7 3 8 9 9 3 1 8 5 3 6 7 4 7 8 2 9 4 6 5 1 2 8 6 9 7 2 4 1 5 3 2 7 3 1 8 5 4 9 6 1 4 5 3 6 9 7 2 8 3 1 7 4 9 8 2 6 5 6 2 8 5 7 1 9 3 7 5 9 4 6 3 2 8 4 1 5 19 
4 5 6 2 1 7 3 8 9 9 8 2 5 9 3 6 7 4 7 3 1 8 4 6 5 1 2 8 6 9 7 2 4 1 5 3 2 7 3 1 5 8 9 4 6 1 4 5 3 6 9 7 2 8 3 1 7 4 8 2 9 6 5 6 2 8 9 7 5 4 3 1 5 9 4 6 3 1 8 2 7 5 19 
4 5 6 2 1 7 2 8 9 9 8 1 3 5 9 6 7 4 7 3 2 8 4 6 5 3 1 8 6 9 1 6 4 7 5 3 2 7 5 9 8 3 1 4 6 1 4 3 5 7 2 9 2 8 3 2 7 4 9 8 3 6 5 6 1 8 7 2 5 4 9 2 5 9 4 6 3 1 8 1 7 9 21 
4 5 6 3 1 7 3 8 9 9 1 2 2 9 5 6 7 4 7 8 3 8 4 6 5 2 1 8 6 9 1 6 2 7 5 3 2 7 3 9 8 4 1 4 6 1 4 5 5 7 3 2 9 8 3 1 7 4 8 9 9 6 5 6 2 8 7 5 1 4 3 2 5 9 4 6 3 2 8 1 7 14 22 
4 2 6 5 1 7 3 8 9 9 5 1 3 2 8 6 7 4 7 8 3 9 4 6 5 1 2 8 6 9 1 6 2 4 5 3 2 7 3 8 5 4 1 9 6 1 4 5 7 9 3 7 2 8 3 1 7 4 8 9 2 6 5 6 2 8 2 7 5 9 3 1 5 9 4 6 3 1 8 4 7 7 20 
4 3 6 5 1 7 2 8 9 9 5 2 3 8 9 6 7 4 7 8 1 2 4 6 5 3 1 8 6 9 1 9 2 4 5 3 2 7 3 8 5 4 7 1 6 1 4 5 7 6 3 2 9 8 3 1 7 4 2 8 9 6 5 6 2 8 9 7 5 3 4 1 5 9 4 6 3 1 8 2 7 7 19 
4 3 6 5 1 7 2 8 9 9 5 1 8 2 3 6 7 4 7 8 2 9 4 6 5 3 1 8 6 9 2 4 1 7 5 3 2 7 5 3 9 8 1 4 6 1 4 3 7 6 5 9 2 8 3 1 7 4 8 9 3 6 5 6 2 8 1 7 5 4 9 2 5 9 4 6 3 2 8 1 7 5 17 
4 5 6 2 1 7 3 8 9 9 1 2 3 5 8 6 7 4 7 8 3 9 4 6 5 1 2 8 6 9 7 2 4 1 5 3 2 7 5 1 8 3 4 9 6 1 4 3 5 6 9 7 2 8 3 2 7 4 8 1 9 6 5 6 1 8 9 7 5 2 3 1 5 9 4 6 3 2 8 4 7 7 19 
4 5 6 3 1 7 2 8 9 9 3 1 2 8 5 6 7 4 7 8 2 9 4 6 5 3 1 8 6 9 1 2 4 4 5 3 2 7 5 8 7 3 1 9 6 1 4 3 5 6 9 7 2 8 3 1 7 4 9 8 3 6 5 6 2 8 7 5 1 9 4 2 5 9 4 6 3 2 8 1 7 5 17 
4 5 6 5 1 7 3 8 9 8 1 2 9 2 3 6 7 4 7 3 9 8 4 6 5 2 1 8 6 9 2 9 1 4 5 3 2 7 5 3 5 4 7 1 6 1 4 3 7 6 8 9 2 8 3 1 7 4 8 9 9 6 5 6 2 8 1 7 5 4 3 7 5 9 4 6 3 2 8 1 2 17 21 
4 5 6 2 1 7 3 8 9 9 3 1 5 9 8 6 7 4 7 8 2 3 4 6 5 2 1 8 6 9 7 2 4 1 5 3 2 7 3 8 5 1 9 4 6 1 4 5 9 6 3 2 7 8 3 2 7 4 8 9 3 6 5 6 1 8 1 7 5 4 9 2 5 9 4 6 3 2 8 1 7 7 19 
4 2 6 5 1 7 3 8 9 8 5 1 9 2 3 6 7 4 7 3 9 8 4 6 5 2 1 8 6 9 1 6 4 2 5 3 2 7 5 3 8 9 1 4 6 1 4 3 7 5 2 7 9 8 3 2 7 4 9 8 9 6 5 6 1 8 2 7 5 4 3 7 5 9 4 6 3 1 8 1 2 9 19 
4 3 6 5 1 7 2 8 9 9 5 1 2 8 3 6 7 4 7 8 2 9 4 6 5 3 1 8 6 9 7 2 4 1 5 3 2 7 3 8 5 1 9 4 6 1 4 5 3 6 9 7 2 8 3 1 7 4 9 8 3 6 5 6 2 8 1 7 5 4 9 2 5 9 4 6 3 2 8 1 7 3 16 
4 5 6 3 1 7 2 8 9 9 8 1 2 9 5 6 7 4 7 3 2 8 4 6 5 3 1 8 6 9 7 2 4 1 5 3 2 7 5 1 8 3 9 4 6 1 4 3 9 6 5 7 2 8 3 1 7 4 8 9 3 6 5 6 2 8 5 7 1 4 9 2 5 9 4 6 3 2 8 1 7 7 18 
4 5 6 2 1 7 3 8 9 9 3 2 5 8 9 6 7 4 7 8 1 3 4 6 5 1 2 8 6 9 1 2 4 1 5 3 2 7 5 3 7 8 4 9 6 1 4 3 9 6 5 7 2 8 3 1 7 4 9 8 2 6 5 6 2 8 7 5 1 9 3 1 5 9 4 6 3 2 8 4 7 9 18 
4 3 6 3 1 7 2 8 9 8 5 1 2 9 5 6 7 4 7 2 9 8 4 6 5 3 1 8 6 9 2 7 1 4 5 3 2 7 3 5 8 4 1 9 6 1 4 5 9 6 3 7 2 8 3 1 7 4 2 8 9 6 5 6 2 8 7 5 9 3 4 2 5 9 4 6 3 1 8 1 7 10 18 
4 5 6 3 1 7 2 8 9 9 3 1 8 5 2 6 7 4 7 8 2 9 4 6 5 3 1 8 6 9 2 7 4 1 5 3 2 7 5 1 8 3 4 9 6 1 4 3 5 6 9 7 2 8 3 1 7 4 2 8 9 6 5 6 2 8 7 9 5 3 1 7 5 9 4 6 3 1 8 4 2 3 16 
4 5 6 3 1 7 2 8 9 9 8 3 8 2 5 6 7 4 7 2 1 9 4 6 5 3 1 8 6 9 2 4 8 1 5 3 2 7 5 1 9 3 4 9 6 1 4 3 7 6 5 7 2 8 3 2 7 4 8 2 9 6 5 6 1 8 5 7 9 3 4 2 5 9 4 6 3 1 8 1 7 12 20 
4 5 6 2 1 7 3 8 9 9 2 1 8 5 3 6 7 4 7 8 3 9 4 6 5 2 1 8 6 9 1 2 4 7 5 3 2 7 3 5 7 9 4 1 6 1 4 5 3 6 8 2 9 8 3 1 7 4 8 2 9 6 5 6 2 8 7 9 5 1 3 2 5 9 4 6 3 1 8 4 7 7 17 
4 5 6 3 1 7 2 8 9 9 3 1 2 5 8 6 7 4 7 8 2 9 4 6 5 3 1 8 6 9 1 2 4 7 5 3 2 7 3 8 9 5 1 4 6 1 4 5 7 6 3 2 9 8 3 2 7 4 8 1 9 6 5 6 1 8 5 7 9 4 3 2 5 9 4 6 3 2 8 1 7 3 13 
4 5 6 2 1 7 3 8 9 9 8 2 9 5 3 6 7 4 7 3 1 8 4 6 5 1 2 8 6 9 1 7 2 4 5 3 2 7 3 5 8 4 1 9 6 1 4 5 3 6 9 7 2 8 3 1 7 4 9 8 2 6 5 6 2 8 7 2 5 9 3 1 5 9 4 6 3 1 8 4 7 5 16 
4 5 6 2 1 7 3 8 9 9 3 1 9 5 8 6 7 4 7 8 2 3 4 6 5 1 2 8 6 9 7 4 2 1 5 3 2 7 5 1 8 3 9 4 6 1 4 3 5 6 9 7 2 8 3 1 7 4 2 8 9 6 5 6 2 8 7 9 5 4 3 1 5 9 4 6 3 1 8 2 7 8 17 
4 5 6 3 1 7 2 8 9 3 1 2 5 9 8 6 7 4 7 8 9 2 4 6 5 3 1 8 6 9 1 7 2 4 5 3 2 7 3 8 5 4 9 1 6 1 4 5 9 6 3 7 2 8 3 2 7 4 8 9 1 6 5 6 1 8 7 2 5 3 9 2 5 9 4 6 3 1 8 4 7 6 16 
4 5 6 3 1 7 2 8 9 9 3 1 8 2 5 6 7 4 7 8 2 9 4 6 5 3 1 8 6 9 7 6 4 2 5 3 2 7 3 1 5 8 4 1 6 1 4 5 2 9 3 7 9 8 3 2 7 4 8 9 1 6 5 6 1 8 5 7 2 9 3 7 5 9 4 6 3 1 8 4 2 8 17 
4 5 6 3 1 7 2 8 9 9 3 1 5 8 2 6 7 4 7 8 2 9 4 6 5 3 1 8 6 9 1 2 4 7 5 3 2 7 3 8 5 9 1 4 6 1 4 5 7 6 3 9 2 8 3 2 7 4 9 8 3 6 5 6 1 8 2 7 5 4 9 7 5 9 4 6 3 1 8 1 2 4 14 
4 5 6 2 1 7 3 8 9 9 8 1 8 5 3 6 7 4 7 3 2 9 4 6 5 2 1 8 6 9 7 2 4 1 5 3 2 7 3 1 5 9 7 4 6 1 4 5 3 6 8 2 9 8 3 2 7 4 8 1 9 6 5 6 1 8 9 7 5 4 3 7 5 9 4 6 3 2 8 1 2 9 16 
4 5 6 2 1 7 3 8 9 8 2 1 9 5 3 6 7 4 7 3 9 8 4 6 5 1 2 8 6 9 1 7 4 2 5 3 2 7 3 5 8 9 1 4 6 1 4 5 3 6 2 7 9 8 3 1 7 4 2 8 9 6 5 6 2 8 7 9 5 4 3 1 5 9 4 6 3 1 8 2 7 4 14 
4 2 6 5 1 7 3 8 9 3 5 1 8 9 2 6 7 4 7 8 9 3 4 6 5 2 1 8 6 9 9 2 1 2 5 3 2 7 5 8 5 4 4 1 6 1 4 3 7 6 3 7 9 8 3 2 7 4 8 1 9 6 5 6 1 8 5 7 9 3 4 7 5 9 4 6 3 2 8 1 2 18 21 
4 5 6 3 1 7 2 8 9 9 3 1 8 2 5 6 7 4 7 8 2 9 4 6 5 3 1 8 6 9 1 7 4 2 5 3 2 7 3 5 9 8 4 1 6 1 4 5 2 6 3 7 9 8 3 2 7 4 8 1 9 6 5 6 1 8 7 5 9 3 4 2 5 9 4 6 3 2 8 1 7 3 13 
4 5 6 3 1 7 3 8 9 9 8 2 5 2 8 6 7 4 7 3 1 9 4 6 5 1 2 8 6 9 2 4 1 7 5 3 2 7 5 8 5 9 4 1 6 1 4 3 7 6 3 9 2 8 3 1 7 4 8 9 2 6 5 6 2 8 1 7 5 3 9 1 5 9 4 6 3 2 8 4 7 13 20 
4 3 6 3 1 7 2 8 9 9 5 2 8 5 9 6 7 4 7 8 1 2 4 6 5 3 1 8 6 9 1 6 2 1 5 3 2 7 3 8 4 5 7 4 6 1 4 5 9 7 3 2 9 8 3 1 7 4 8 1 9 6 5 6 2 8 7 9 5 4 3 2 5 9 4 6 3 2 8 7 1 20 20 
4 5 6 2 1 7 3 8 9 9 2 1 5 8 3 6 7 4 7 8 3 9 4 6 5 2 1 8 6 9 1 7 4 2 5 3 2 7 3 8 9 5 4 1 6 1 4 5 3 6 2 7 9 8 3 1 7 4 2 8 9 6 5 6 2 8 7 5 9 1 3 2 5 9 4 6 3 1 8 4 7 5 13 
4 5 6 3 1 7 2 8 9 9 3 1 2 5 8 6 7 4 7 8 2 9 4 6 5 3 1 8 6 9 7 2 4 1 5 3 2 7 5 1 9 3 4 9 6 1 4 3 8 6 5 7 2 8 3 2 7 4 8 1 9 6 5 6 1 8 5 7 9 3 4 2 5 9 4 6 3 2 8 1 7 3 12 
4 5 6 2 1 7 3 8 9 9 3 2 5 8 3 6 7 4 7 8 1 9 4 6 5 2 1 8 6 9 1 7 2 4 5 3 2 7 3 8 9 4 7 1 6 1 4 5 3 6 5 2 9 8 3 2 7 4 8 9 1 6 5 6 1 8 7 5 1 9 3 2 5 9 4 6 3 2 8 4 7 9 16 
4 5 6 2 1 7 3 8 9 9 3 1 5 8 9 6 7 4 7 8 2 3 4 6 5 2 1 8 6 9 1 9 2 4 5 3 2 7 5 8 5 4 1 9 6 1 4 3 7 6 3 7 2 8 3 2 7 4 2 8 9 6 5 6 1 8 9 7 5 4 3 2 5 9 4 6 3 1 8 1 7 11 18 
4 3 6 5 1 7 2 8 9 9 5 1 2 8 3 6 7 4 7 8 2 9 4 6 5 3 1 8 6 9 1 7 2 4 5 3 2 7 3 8 5 4 1 9 6 1 4 5 3 6 9 7 2 8 3 1 7 4 2 8 9 6 5 6 2 8 7 9 5 3 4 2 5 9 4 6 3 1 8 1 7 3 11 
4 5 6 3 1 7 2 8 9 3 2 1 5 9 8 6 7 4 7 8 9 2 4 6 5 3 1 8 6 9 2 4 1 7 5 3 2 7 3 8 5 9 1 4 6 1 4 5 7 6 3 9 2 8 3 2 7 4 8 1 9 6 5 6 1 8 9 7 5 3 4 2 5 9 4 6 3 2 8 1 7 9 16 
4 5 6 3 1 7 2 8 9 9 8 1 5 2 9 6 7 4 7 3 2 8 4 6 5 3 1 8 6 9 2 7 4 1 5 3 2 7 3 1 8 5 9 4 6 1 4 5 9 6 3 7 2 8 3 2 7 4 9 8 3 6 5 6 1 8 7 5 1 4 9 2 5 9 4 6 3 2 8 1 7 5 13 
4 3 6 5 1 7 2 8 9 9 5 1 2 8 3 6 7 4 7 8 2 9 4 6 5 3 1 8 6 9 1 7 4 2 5 3 2 7 5 3 9 8 4 1 6 1 4 3 5 6 2 7 9 8 3 2 7 4 8 9 9 6 5 6 1 8 7 2 5 3 4 1 5 9 4 6 3 1 8 2 7 7 15 
4 5 6 2 1 7 3 8 9 9 8 2 9 5 3 6 7 4 7 3 1 8 4 6 5 1 2 8 6 9 7 2 4 1 5 3 2 7 5 3 8 1 4 9 6 1 4 3 5 6 9 7 2 8 3 1 7 4 9 8 2 6 5 6 2 8 1 7 5 9 3 1 5 9 4 6 3 2 8 4 7 5 13 
4 5 6 3 1 7 2 8 9 9 3 1 8 9 5 6 7 4 7 8 2 2 4 6 5 3 1 8 6 9 1 2 4 7 5 3 2 7 3 8 5 9 4 1 6 1 4 5 7 6 3 2 9 8 3 1 7 4 8 2 9 6 5 6 2 8 7 9 5 3 1 7 5 9 4 6 3 1 8 4 2 11 16 
4 3 6 2 1 7 3 8 9 9 5 1 5 8 3 6 7 4 7 8 2 9 4 6 5 1 2 8 6 9 1 2 4 4 5 3 2 7 5 3 7 8 1 9 6 1 4 3 9 6 5 2 7 8 3 2 7 4 8 1 9 6 5 6 1 8 7 5 9 3 4 1 5 9 4 6 3 2 8 2 7 12 18 
4 5 6 2 1 7 3 8 9 9 8 1 8 5 3 6 7 4 7 3 2 9 4 6 5 2 1 8 6 9 2 7 1 4 5 3 2 7 3 5 8 4 1 9 6 1 4 5 9 6 3 7 2 8 3 1 7 4 2 8 1 6 5 6 2 8 7 5 9 9 3 7 5 9 4 6 3 1 8 4 2 14 16 
4 5 6 2 1 7 2 8 9 9 3 1 3 5 9 6 7 4 7 8 2 8 4 6 5 3 1 8 6 9 2 9 4 1 5 3 2 7 3 1 5 8 4 9 6 1 4 5 7 6 3 7 2 8 3 1 7 4 8 1 9 6 5 6 2 8 5 7 9 4 3 1 5 9 4 6 3 2 8 2 7 16 18 
4 5 6 2 1 7 3 8 9 9 3 2 8 5 9 6 7 4 7 8 1 3 4 6 5 2 1 8 6 9 1 7 2 4 5 3 2 7 3 5 4 8 1 9 6 1 4 5 9 6 3 2 7 8 3 2 7 4 8 1 9 6 5 6 1 8 7 9 5 4 3 2 5 9 4 6 3 2 8 1 7 7 15 
4 5 6 3 1 7 2 8 9 9 3 2 9 5 8 6 7 4 7 8 1 2 4 6 5 3 1 8 6 9 7 2 4 4 5 3 2 7 3 1 5 3 9 1 6 1 4 5 8 6 9 7 2 8 3 1 7 4 9 8 3 6 5 6 2 8 5 7 2 9 4 1 5 9 4 6 3 1 8 7 2 14 16 
4 2 6 5 1 7 3 8 9 9 5 1 8 2 3 6 7 4 7 8 3 9 4 6 5 1 2 8 6 9 7 2 4 7 5 3 2 7 5 3 8 1 1 4 6 1 4 3 5 6 9 2 9 8 3 2 7 4 9 8 2 6 5 6 1 8 1 7 5 9 3 1 5 9 4 6 3 2 8 4 7 15 16 
4 5 6 2 1 7 3 8 9 9 3 1 8 5 3 6 7 4 7 8 2 9 4 6 5 1 2 8 6 9 1 2 4 4 5 3 2 7 5 3 7 8 1 9 6 1 4 3 5 6 9 7 2 8 3 2 7 4 8 1 9 6 5 6 1 8 7 9 5 2 3 7 5 9 4 6 3 2 8 4 1 7 15 
4 2 6 5 1 7 3 8 9 8 5 1 3 2 9 6 7 4 7 3 9 8 4 6 5 1 2 8 6 9 1 7 2 1 5 3 2 7 3 8 5 4 4 9 6 1 4 5 3 6 9 7 2 8 3 1 7 4 9 8 1 6 5 6 2 8 7 5 2 3 9 7 5 9 4 6 3 1 8 4 2 19 18 
4 5 6 2 1 7 3 8 9 9 8 2 3 5 8 6 7 4 7 3 1 9 4 6 5 1 2 8 6 9 8 2 4 1 5 3 2 7 5 1 7 3 4 9 6 1 4 3 5 6 9 2 7 8 3 1 7 4 8 2 9 6 5 6 2 8 7 9 5 4 3 1 5 9 4 6 3 1 8 2 7 7 15 
4 5 6 2 1 7 3 8 9 9 2 1 8 9 5 6 7 4 7 8 3 3 4 6 5 2 1 8 6 9 7 2 4 1 5 3 2 7 5 1 5 8 7 4 6 1 4 3 3 6 9 2 9 8 3 1 7 4 2 8 9 6 5 6 2 8 7 9 5 4 3 2 5 9 4 6 3 1 8 1 7 17 17 
4 5 6 2 1 7 3 8 9 9 3 1 8 9 5 6 7 4 7 8 2 3 4 6 5 1 2 8 6 9 7 2 4 1 5 3 2 7 3 1 5 8 4 9 6 1 4 5 3 6 9 7 2 8 3 2 7 4 8 1 9 6 5 6 1 8 5 7 9 2 3 1 5 9 4 6 3 2 8 4 7 7 14 
4 5 6 3 1 7 2 8 9 9 3 1 2 5 8 6 7 4 7 8 2 9 4 6 5 3 1 8 6 9 1 2 4 7 5 3 2 7 5 8 9 3 4 1 6 1 4 3 7 6 5 2 9 8 3 1 7 4 8 2 9 6 5 6 2 8 5 7 9 3 4 1 5 9 4 6 3 1 8 2 7 3 11 
4 5 6 2 1 7 3 8 9 9 8 1 8 5 3 6 7 4 7 3 2 9 4 6 5 2 1 8 6 9 1 2 4 7 5 3 2 7 5 3 9 8 1 4 6 1 4 3 7 6 5 2 9 8 3 2 7 4 8 1 9 6 5 6 1 8 5 7 9 4 3 2 5 9 4 6 3 2 8 1 7 3 11 
4 2 6 5 1 7 3 8 9 9 5 1 8 2 3 6 7 4 7 8 3 9 4 6 5 1 2 8 6 9 2 6 4 7 5 3 2 7 3 1 9 5 1 4 6 1 4 5 3 7 8 2 9 8 3 2 7 4 8 1 9 6 5 6 1 8 7 5 9 4 3 7 5 9 4 6 3 2 8 2 1 8 15 
4 5 6 3 1 7 2 8 9 9 3 1 2 8 5 6 7 4 7 8 2 9 4 6 5 3 1 8 6 9 1 2 4 7 5 3 2 7 3 8 5 9 4 1 6 1 4 5 7 6 3 9 2 8 3 2 7 4 9 8 1 6 5 6 1 8 5 7 2 3 9 2 5 9 4 6 3 1 8 4 7 3 11 
4 5 6 3 1 7 2 8 9 9 3 2 2 5 8 6 7 4 7 8 1 9 4 6 5 3 1 8 6 9 1 4 2 9 5 3 2 7 5 8 7 3 1 4 6 1 4 3 5 6 9 7 2 8 3 2 7 4 8 1 9 6 5 6 1 8 7 9 5 3 4 2 5 9 4 6 3 2 8 1 7 9 15 
4 5 6 3 1 7 2 8 9 9 3 1 8 5 2 6 7 4 7 8 2 9 4 6 5 3 1 8 6 9 7 2 4 1 5 3 2 7 5 1 8 3 9 4 6 1 4 3 5 6 9 7 2 8 3 2 7 4 9 8 3 6 5 6 1 8 2 7 5 4 9 2 5 9 4 6 3 1 8 1 7 4 11 
4 5 6 2 1 7 3 8 9 9 3 1 8 9 5 6 7 4 7 8 2 3 4 6 5 1 2 8 6 9 1 2 4 7 5 3 2 7 3 9 5 8 1 4 6 1 4 5 7 6 3 2 9 8 3 1 7 4 8 2 9 6 5 6 2 8 5 7 9 4 3 1 5 9 4 6 3 1 8 2 7 3 10 
4 5 6 3 1 7 2 8 9 9 8 1 2 9 5 6 7 4 7 3 2 8 4 6 5 3 1 8 6 9 1 2 4 4 5 3 2 7 3 7 5 8 9 1 6 1 4 5 9 6 3 7 2 8 3 2 7 4 8 9 1 6 5 6 1 8 5 7 1 3 9 2 5 9 4 6 3 2 8 4 7 7 14 
4 3 6 5 1 7 2 8 9 9 5 2 8 9 3 6 7 4 7 8 1 2 4 6 5 3 1 8 6 9 7 2 4 1 5 3 2 7 3 1 5 8 4 9 6 1 4 5 3 6 9 7 2 8 3 1 7 4 8 1 2 6 5 6 2 8 9 7 5 9 3 1 5 9 4 6 3 2 8 4 7 9 15 
4 5 6 2 1 7 3 8 9 9 3 2 8 9 5 6 7 4 7 8 1 3 4 6 5 2 1 8 6 9 1 2 4 7 5 3 2 7 3 5 7 3 4 1 6 1 4 5 9 6 8 2 9 8 3 2 7 4 8 9 1 6 5 6 1 8 7 5 2 9 3 2 5 9 4 6 3 1 8 4 7 9 15 
4 5 6 2 1 7 3 8 9 9 3 1 3 5 9 6 7 4 7 8 2 8 4 6 5 1 2 8 6 9 2 7 4 7 5 3 2 7 3 1 8 3 1 4 6 1 4 5 5 6 9 2 9 8 3 1 7 4 9 8 9 6 5 6 2 8 7 5 1 3 4 2 5 9 4 6 3 2 8 1 7 19 17 
4 5 6 2 1 7 3 8 9 9 3 1 8 9 5 6 7 4 7 8 2 3 4 6 5 1 2 8 6 9 1 7 2 1 5 3 2 7 3 5 8 4 9 4 6 1 4 5 9 6 3 7 2 8 3 2 7 4 8 9 3 6 5 6 1 8 7 2 5 4 9 1 5 9 4 6 3 1 8 2 7 11 15 
4 5 6 2 1 7 3 8 9 3 1 2 8 5 9 6 7 4 7 8 9 3 4 6 5 1 2 8 6 9 1 7 2 4 5 3 2 7 3 5 8 4 1 9 6 1 4 5 9 6 3 7 2 8 3 1 7 4 9 8 2 6 5 6 2 8 7 5 1 9 3 7 5 9 4 6 3 2 8 4 1 8 14 
4 5 6 2 1 7 3 8 9 9 8 2 8 5 3 6 7 4 7 3 1 9 4 6 5 1 2 8 6 9 2 7 4 1 5 3 2 7 5 1 9 8 4 9 6 1 4 3 3 6 5 7 2 8 3 2 7 4 8 1 9 6 5 6 1 8 7 5 9 2 3 1 5 9 4 6 3 2 8 4 7 9 14 
4 5 6 2 1 7 3 8 9 9 8 2 9 5 3 6 7 4 7 3 1 8 4 6 5 2 1 8 6 9 1 2 4 7 5 3 2 7 3 5 7 8 1 4 6 1 4 5 3 6 9 2 9 8 3 2 7 4 8 1 9 6 5 6 1 8 7 9 5 4 3 2 5 9 4 6 3 2 8 1 7 5 11 
4 5 6 3 1 7 2 8 9 9 3 1 5 2 8 6 7 4 7 8 2 9 4 6 5 3 1 8 6 9 1 9 2 1 5 3 2 7 5 8 7 4 4 9 6 1 4 3 5 6 3 7 2 8 3 2 7 4 8 1 9 6 5 6 1 8 7 5 9 3 4 7 5 9 4 6 3 2 8 1 2 10 14 
4 5 6 3 1 7 2 8 9 9 3 1 8 2 5 6 7 4 7 8 2 9 4 6 5 3 1 8 6 9 7 6 4 1 5 3 2 7 3 1 5 8 4 9 6 1 4 5 2 9 3 7 2 8 3 2 7 4 8 1 9 6 5 6 1 8 5 7 9 3 4 2 5 9 4 6 3 2 8 1 7 3 10 
4 2 6 3 1 7 3 8 9 9 5 1 2 5 8 6 7 4 7 8 3 9 4 6 5 1 2 8 6 9 1 2 4 1 5 3 2 7 5 3 7 8 4 9 6 1 4 3 9 6 5 7 2 8 3 2 7 4 9 8 3 6 5 6 1 8 1 7 5 9 4 2 5 9 4 6 3 2 8 1 7 20 17 
4 5 6 2 1 7 3 8 9 8 1 2 3 5 9 6 7 4 7 3 9 8 4 6 5 1 2 8 6 9 1 2 4 7 5 3 2 7 3 5 9 8 1 4 6 1 4 5 7 6 3 2 9 8 3 1 7 4 8 2 9 6 5 6 2 8 9 7 5 4 3 1 5 9 4 6 3 1 8 2 7 4 10 
4 5 6 2 1 7 3 8 9 3 2 1 8 5 9 6 7 4 7 8 9 3 4 6 5 1 2 8 6 9 1 7 2 4 5 3 2 7 5 3 8 4 1 9 6 1 4 3 9 6 5 7 2 8 3 1 7 4 2 8 9 6 5 6 2 8 7 9 5 2 3 1 5 9 4 6 3 1 8 4 7 8 12 

