MonoObjective Genetic Algorithm
Number of Evaluations = 0
Mutation Probability = 0.0100000000000000002
Crossover Probability = 0.5
Population Size = 100
Survival Selection Type = 16

Time =  300.053270999999995

Current Evaluation = 114200
Front Size = 100
4 3 6 5 1 7 2 8 9 9 5 1 8 2 3 6 7 4 7 8 2 9 4 6 5 3 1 8 6 9 2 7 4 1 5 3 2 7 3 1 5 8 4 9 6 1 4 5 3 6 9 7 2 8 3 2 7 4 8 1 9 6 5 6 1 8 7 9 5 3 4 2 5 9 4 6 3 2 8 1 7 1 9 
4 5 6 2 1 7 2 8 9 3 2 9 9 8 3 6 1 4 7 1 8 4 5 6 5 3 7 8 9 6 1 7 4 2 5 3 2 7 3 8 9 3 4 1 6 1 4 5 2 6 5 7 9 8 4 3 7 4 9 1 1 2 5 6 2 8 5 7 2 7 9 3 5 9 1 6 3 8 8 6 4 1130 40 
4 5 6 2 1 7 3 8 9 9 8 2 3 5 8 6 7 4 7 3 1 9 4 6 5 1 2 8 6 9 1 2 4 7 5 3 2 7 5 8 9 3 1 4 6 1 4 3 7 6 5 2 9 8 3 1 7 4 8 2 9 6 5 6 2 8 5 7 9 4 3 1 5 9 4 6 3 1 8 2 7 3 37 
4 5 6 3 1 7 2 8 9 9 3 1 2 8 5 6 7 4 7 8 2 9 4 6 5 3 1 8 6 9 1 2 4 7 5 3 2 7 3 8 5 9 1 4 6 1 4 5 7 6 3 9 2 8 3 1 7 4 9 8 3 6 5 6 2 8 5 7 1 4 9 2 5 9 4 6 3 2 8 1 7 3 26 
4 2 6 3 1 7 3 8 9 3 5 1 8 9 5 6 7 4 7 8 9 4 2 6 5 2 1 8 6 9 2 7 8 1 5 3 2 7 5 5 9 1 8 4 6 1 4 3 6 4 3 7 2 9 4 3 7 4 8 1 6 1 5 6 2 8 7 2 5 9 2 3 5 9 1 6 3 9 8 4 7 932 34 
4 5 6 2 1 7 3 8 9 9 3 2 8 5 9 6 7 4 7 8 1 3 4 6 5 2 1 8 6 9 1 7 2 4 5 3 2 7 5 9 8 4 7 1 6 1 4 3 5 6 3 2 9 8 3 2 7 4 9 8 1 6 5 6 1 8 7 2 5 9 3 7 5 9 4 6 3 1 8 4 2 7 29 
4 2 6 2 1 7 3 8 9 8 5 1 9 5 3 6 7 4 7 3 9 8 4 6 5 1 2 9 7 6 8 6 1 2 5 3 2 8 3 7 5 4 4 1 6 1 4 5 3 2 9 7 9 8 3 2 7 4 8 1 9 6 5 6 1 8 5 7 9 4 3 1 5 9 4 6 3 2 8 2 7 116 31 
4 2 6 5 1 7 3 8 9 3 5 1 9 8 2 6 7 4 7 8 9 3 4 6 5 1 2 8 6 9 1 7 4 2 5 3 2 7 3 8 9 5 1 4 6 1 4 5 2 6 3 7 9 8 3 1 7 4 2 8 9 6 5 6 2 8 7 5 9 4 3 1 5 9 4 6 3 1 8 2 7 4 23 
4 3 6 5 1 7 2 8 9 9 5 2 3 9 8 6 7 4 7 8 1 2 4 6 5 3 1 8 6 9 7 2 1 4 5 3 2 7 3 5 8 4 9 1 6 1 4 5 9 6 3 2 7 8 3 1 7 4 8 9 3 6 5 6 2 8 7 5 2 4 9 1 5 9 4 6 3 1 8 2 7 13 28 
4 2 6 3 1 7 3 8 9 9 8 5 5 2 9 6 7 4 7 1 3 8 4 6 5 1 2 8 7 6 9 2 1 4 5 3 2 3 9 3 4 8 7 1 6 1 4 5 7 6 5 2 9 8 3 1 7 4 2 8 9 6 5 6 2 8 7 9 5 3 4 2 5 9 4 6 3 1 8 1 7 127 31 
4 3 6 5 1 7 3 8 9 9 5 1 3 2 8 6 7 4 7 8 2 9 4 6 5 1 2 8 6 9 2 7 4 1 5 3 2 7 5 1 9 3 7 4 6 1 4 3 8 6 5 9 2 8 3 1 7 4 8 9 2 6 5 6 2 8 7 5 2 3 9 7 5 9 4 6 3 1 8 4 1 11 25 
4 5 6 2 1 7 3 8 9 9 8 2 3 9 5 6 7 4 7 3 1 8 4 6 5 1 2 8 6 9 7 2 4 1 5 3 2 7 3 1 5 8 4 9 6 1 4 5 9 6 3 7 2 8 3 1 7 4 8 9 2 6 5 6 2 8 5 7 1 9 3 7 5 9 4 6 3 2 8 4 1 5 24 
4 5 6 2 1 7 3 8 9 9 8 1 9 5 3 6 7 4 7 3 2 8 4 6 5 1 2 8 6 9 1 7 2 4 5 3 2 7 3 5 8 4 1 9 6 1 4 5 3 6 9 7 2 8 3 1 7 4 9 8 2 6 5 6 2 8 7 2 5 9 3 1 5 9 4 6 3 1 8 4 7 5 23 
4 5 6 2 1 7 3 8 9 9 8 1 9 5 3 6 7 4 7 3 2 8 4 6 5 2 1 8 6 9 7 2 1 4 5 3 2 7 5 3 8 4 1 9 6 1 4 3 9 6 5 2 7 8 3 2 7 4 8 1 9 6 5 6 1 8 5 7 9 3 4 2 5 9 4 6 3 2 8 1 7 8 24 
4 5 6 2 1 7 3 8 9 8 1 9 8 5 3 6 7 4 7 3 2 9 4 6 5 2 1 6 8 5 2 7 4 1 5 3 2 7 3 1 8 9 9 4 6 1 4 9 5 6 3 2 7 8 4 3 7 4 9 8 1 2 5 6 2 8 7 5 1 7 9 3 5 9 1 6 3 2 8 6 4 620 32 
4 5 6 3 1 7 2 8 9 9 3 1 8 5 2 6 7 4 7 8 2 9 4 6 5 3 1 8 6 9 7 2 4 1 5 3 2 7 5 1 8 3 4 9 6 1 4 3 5 6 9 7 2 8 3 2 7 4 9 8 3 6 5 6 1 8 2 7 5 9 4 2 5 9 4 6 3 1 8 1 7 4 19 
4 5 6 2 1 7 3 8 9 9 3 2 3 5 8 6 7 4 7 8 1 9 4 6 5 1 2 8 6 9 1 6 4 1 5 3 2 7 5 5 7 3 4 9 6 1 4 3 8 2 9 7 2 8 3 2 7 4 8 1 9 6 5 6 1 8 7 9 5 2 3 7 5 9 4 6 3 2 8 4 1 11 23 
4 5 6 5 1 7 2 8 9 9 3 2 9 8 3 6 7 4 7 8 1 2 4 6 5 3 1 8 6 9 7 2 4 4 5 3 2 7 3 1 5 8 1 9 6 1 4 5 9 6 3 2 7 8 4 3 7 4 8 1 1 2 5 6 2 8 5 7 9 7 9 3 5 9 1 6 3 2 8 6 4 425 25 
4 5 6 3 1 7 3 8 9 9 3 1 5 2 8 6 7 4 7 8 2 9 4 6 5 2 1 8 6 9 1 7 4 2 5 3 2 7 5 8 9 3 4 1 6 1 4 3 2 6 5 7 9 8 3 2 7 4 8 9 1 6 5 6 1 8 7 5 2 9 3 7 5 9 4 6 3 1 8 4 2 5 20 
4 5 6 3 1 7 2 8 9 9 3 1 5 8 2 6 7 4 7 8 2 9 4 6 5 3 1 8 6 9 1 7 4 2 5 3 2 7 3 8 5 9 4 1 6 1 4 5 2 6 3 7 9 8 3 1 7 4 2 8 9 6 5 6 2 8 7 9 5 3 4 1 5 9 4 6 3 1 8 2 7 3 18 
4 3 6 5 1 7 3 8 9 9 5 1 8 2 3 6 7 4 7 8 2 9 4 6 5 2 1 8 6 9 1 7 4 2 5 3 2 7 5 3 8 9 1 4 6 1 4 3 2 6 5 7 9 8 3 1 7 4 9 8 9 6 5 6 2 8 7 5 1 4 3 2 5 9 4 6 3 2 8 1 7 5 20 
4 3 6 5 1 7 2 8 9 9 5 1 2 8 3 6 7 4 7 8 2 9 4 6 5 3 1 8 6 9 1 7 2 4 5 3 2 7 3 8 5 4 9 1 6 1 4 5 3 6 9 7 2 8 3 2 7 4 9 8 1 6 5 6 1 8 7 2 5 3 9 7 5 9 4 6 3 1 8 4 2 3 18 
4 3 6 5 1 7 2 8 9 9 5 1 3 2 8 6 7 4 7 8 2 9 4 6 5 3 1 8 6 9 7 9 1 4 5 3 2 7 3 8 5 4 1 9 6 1 4 5 2 6 3 7 2 8 3 1 7 4 8 9 3 6 5 6 2 8 1 7 5 9 4 2 5 9 4 6 3 2 8 1 7 5 18 
4 3 6 5 1 7 2 8 9 9 5 1 8 9 2 6 7 4 7 8 2 3 4 6 5 3 1 8 6 9 2 7 4 1 5 3 2 7 5 1 8 3 4 9 6 1 4 3 9 6 5 7 2 8 3 1 7 4 2 8 9 6 5 6 2 8 7 5 9 3 1 7 5 9 4 6 3 1 8 4 2 5 18 
4 5 6 3 1 7 3 8 9 9 8 2 5 2 8 6 7 4 7 3 1 9 4 6 5 1 2 8 6 9 1 9 2 4 5 3 2 7 3 8 5 4 7 1 6 1 4 5 7 6 3 9 2 8 3 2 7 4 8 9 2 6 5 6 1 8 2 7 5 3 9 1 5 9 4 6 3 1 8 4 7 12 23 
4 5 6 2 1 7 2 8 9 9 8 1 9 5 3 6 7 4 7 3 2 8 4 6 5 3 1 8 6 9 7 2 4 1 5 3 2 7 3 1 9 5 4 9 6 1 4 5 3 6 8 7 2 8 3 1 7 4 8 2 9 6 5 6 2 8 5 7 9 3 4 1 5 9 4 6 3 1 8 7 2 8 21 
4 5 6 3 1 7 2 8 9 9 8 1 5 2 9 6 7 4 7 3 2 8 4 6 5 3 1 8 6 9 2 8 1 7 5 3 2 7 3 7 5 4 4 1 6 1 4 5 9 6 3 2 9 8 3 1 7 4 9 8 3 6 5 6 2 8 1 7 5 1 9 7 5 9 4 6 3 2 8 4 2 14 22 
4 5 6 2 1 7 3 8 9 3 2 1 9 5 8 6 7 4 7 8 9 3 4 6 5 2 1 8 6 9 1 6 4 2 5 3 2 7 5 8 7 9 1 4 6 1 4 3 5 2 3 7 9 8 3 1 7 4 8 2 9 6 5 6 2 8 7 9 5 4 3 7 5 9 4 6 3 1 8 1 2 9 21 
4 5 6 2 1 7 3 8 9 9 2 1 8 5 3 6 7 4 7 8 3 9 4 6 5 2 1 8 6 9 7 4 2 2 5 3 2 7 5 1 8 3 4 1 6 1 4 3 5 6 9 7 9 8 3 1 7 4 2 8 9 6 5 6 2 8 7 9 5 1 3 2 5 9 4 6 3 1 8 4 7 11 20 
4 5 6 3 1 7 2 8 9 9 8 2 8 2 5 6 7 4 7 3 1 9 4 6 5 3 1 8 6 9 2 6 4 7 5 3 2 7 3 1 9 8 4 1 6 1 4 5 5 7 3 9 2 8 3 1 7 4 8 9 3 6 5 6 2 8 7 5 1 9 4 2 5 9 4 6 3 2 8 7 1 13 21 
4 5 6 2 1 7 3 8 9 3 1 2 8 9 5 6 7 4 7 8 9 3 4 6 5 2 1 8 6 9 1 2 4 7 5 3 2 7 3 9 5 8 1 4 6 1 4 5 7 6 3 2 9 8 3 1 7 4 8 1 9 6 5 6 2 8 5 7 9 4 3 2 5 9 4 6 3 2 8 1 7 6 19 
4 5 6 3 1 7 2 8 9 9 3 1 8 2 5 6 7 4 7 8 2 9 4 6 5 3 1 8 6 9 1 7 4 2 5 3 2 7 3 5 9 8 1 4 6 1 4 5 2 6 3 7 9 8 3 2 7 4 8 1 9 6 5 6 1 8 7 5 9 4 3 2 5 9 4 6 3 2 8 1 7 3 17 
4 5 6 2 1 7 3 8 9 9 1 2 3 5 8 6 7 4 7 8 3 9 4 6 5 2 1 8 6 9 7 2 1 4 5 3 2 7 3 8 9 4 7 1 6 1 4 5 5 6 3 2 9 8 3 2 7 4 8 9 1 6 5 6 1 8 1 7 5 9 3 2 5 9 4 6 3 2 8 4 7 7 19 
4 5 6 5 1 7 2 8 9 9 3 1 8 9 2 6 7 4 7 8 2 3 4 6 5 3 1 8 6 9 7 2 4 1 5 3 2 7 3 1 5 8 9 4 6 1 4 5 9 6 3 7 2 8 3 1 7 4 8 9 3 6 5 6 2 8 2 7 5 4 9 7 5 9 4 6 3 1 8 1 2 8 19 
4 5 6 3 1 7 2 8 9 9 3 1 2 5 8 6 7 4 7 8 2 9 4 6 5 3 1 8 6 9 1 2 4 7 5 3 2 7 5 8 9 3 4 1 6 1 4 3 7 6 5 9 2 8 3 2 7 4 8 1 9 6 5 6 1 8 5 7 9 3 4 2 5 9 4 6 3 2 8 1 7 3 17 
4 3 6 5 1 7 3 8 9 9 5 1 8 9 2 6 7 4 7 8 2 3 4 6 5 1 2 8 6 9 2 4 1 7 5 3 2 7 3 8 7 5 4 1 6 1 4 5 9 6 3 9 2 8 3 1 7 4 8 9 2 6 5 6 2 8 7 2 5 3 9 1 5 9 4 6 3 1 8 4 7 14 20 
4 5 6 2 1 7 3 8 9 9 8 2 3 9 5 6 7 4 7 3 1 8 4 6 5 2 1 8 6 9 1 2 4 7 5 3 2 7 5 9 7 3 1 4 6 1 4 3 5 6 8 2 9 8 3 2 7 4 8 9 9 6 5 6 1 8 7 5 1 4 3 2 5 9 4 6 3 2 8 1 7 7 18 
4 5 6 2 1 7 3 8 9 9 8 2 8 5 3 6 7 4 7 3 1 9 4 6 5 1 2 8 6 9 7 2 4 1 5 3 2 7 5 3 8 1 4 9 6 1 4 3 5 6 9 7 2 8 3 1 7 4 9 8 2 6 5 6 2 8 1 7 5 9 3 1 5 9 4 6 3 2 8 4 7 5 17 
4 2 6 5 1 7 3 8 9 9 5 1 3 2 8 6 7 4 7 8 3 9 4 6 5 2 1 8 6 9 2 7 4 1 5 3 2 7 5 1 9 3 7 4 6 1 4 3 8 6 5 2 9 8 3 2 7 4 8 1 9 6 5 6 1 8 7 5 9 4 3 2 5 9 4 6 3 2 8 1 7 5 17 
4 5 6 2 1 7 3 8 9 9 3 1 5 8 9 6 7 4 7 8 2 3 4 6 5 1 2 8 6 9 7 2 1 4 5 3 2 7 3 8 5 4 1 9 6 1 4 5 9 6 3 7 2 8 3 1 7 4 9 8 2 6 5 6 2 8 1 7 5 9 3 7 5 9 4 6 3 2 8 4 1 5 17 
4 5 6 2 1 7 3 8 9 9 3 2 8 9 5 6 7 4 7 8 1 3 4 6 5 1 2 8 6 9 1 7 4 2 5 3 2 7 5 9 8 3 1 4 6 1 4 3 5 6 2 7 9 8 3 1 7 4 2 8 9 6 5 6 2 8 7 5 9 4 3 1 5 9 4 6 3 1 8 2 7 3 16 
4 3 6 5 1 7 3 8 9 9 5 1 8 9 2 6 7 4 7 8 2 3 4 6 5 1 2 8 6 9 7 2 4 1 5 3 2 7 5 1 8 3 9 4 6 1 4 3 5 6 9 7 2 8 3 2 7 4 8 1 9 6 5 6 1 8 9 7 5 4 3 2 5 9 4 6 3 2 8 7 1 10 19 
4 3 6 5 1 7 3 8 9 9 5 2 3 9 8 6 7 4 7 8 1 2 4 6 5 1 2 8 6 9 1 2 4 7 5 3 2 7 3 8 5 9 4 1 6 1 4 5 7 6 3 2 9 8 3 1 7 4 8 2 9 6 5 6 2 8 9 7 5 3 4 1 5 9 4 6 3 1 8 2 7 7 17 
4 3 6 2 1 7 3 8 9 9 5 1 8 5 3 6 7 4 7 8 2 9 4 6 5 2 1 8 6 9 1 6 4 2 5 3 2 7 3 7 8 5 4 1 6 1 4 5 3 2 9 7 9 8 3 1 7 4 9 8 9 6 5 6 2 8 5 7 2 3 4 1 5 9 4 6 3 1 8 7 2 12 19 
4 5 6 2 1 7 3 8 9 9 8 2 8 5 3 6 7 4 7 3 1 9 4 6 5 2 1 8 6 9 1 2 4 7 5 3 2 7 5 3 9 8 4 1 6 1 4 3 7 6 5 2 9 8 3 2 7 4 8 9 1 6 5 6 1 8 5 7 2 9 3 7 5 9 4 6 3 1 8 4 2 5 16 
4 5 6 2 1 7 3 8 9 9 3 2 8 9 5 6 7 4 7 8 1 3 4 6 5 1 2 8 6 9 7 2 4 1 5 3 2 7 3 1 5 8 9 4 6 1 4 5 9 6 3 2 7 8 3 2 7 4 8 9 9 6 5 6 1 8 5 7 2 4 3 1 5 9 4 6 3 1 8 2 7 7 17 
4 3 6 5 1 7 2 8 9 9 5 2 8 9 3 6 7 4 7 8 1 2 4 6 5 3 1 8 6 9 1 2 4 4 5 3 2 7 5 3 7 8 1 9 6 1 4 3 9 6 5 7 2 8 3 2 7 4 8 1 9 6 5 6 1 8 7 5 9 3 4 2 5 9 4 6 3 2 8 1 7 5 16 
4 3 6 5 1 7 2 8 9 9 5 1 3 2 8 6 7 4 7 8 2 9 4 6 5 3 1 8 6 9 1 7 4 2 5 3 2 7 5 8 9 3 4 1 6 1 4 3 2 6 5 7 9 8 3 1 7 4 8 2 9 6 5 6 2 8 7 5 9 3 4 1 5 9 4 6 3 1 8 2 7 3 15 
4 5 6 5 1 7 3 8 9 9 3 1 8 2 9 6 7 4 7 8 2 3 4 6 5 2 1 8 6 9 1 7 4 2 5 3 2 7 3 9 8 5 4 1 6 1 4 5 3 6 2 7 9 8 3 2 7 4 9 8 1 6 5 6 1 8 7 5 1 9 3 2 5 9 4 6 3 2 8 4 7 8 17 
4 5 6 3 1 7 3 8 9 9 3 1 8 5 2 6 7 4 7 8 2 9 4 6 5 1 2 8 6 9 2 7 4 1 5 3 2 7 5 1 8 3 4 9 6 1 4 3 5 6 9 2 7 8 3 1 7 4 2 8 9 6 5 6 2 8 7 9 5 3 4 1 5 9 4 6 3 1 8 2 7 5 16 
4 5 6 5 1 7 3 8 9 9 1 2 2 8 3 6 7 4 7 8 3 9 4 6 5 2 1 8 6 9 7 2 4 1 5 3 2 7 3 8 5 1 9 4 6 1 4 5 3 6 9 7 2 8 3 1 7 4 9 8 9 6 5 6 2 8 1 7 5 4 3 2 5 9 4 6 3 2 8 1 7 9 18 
4 5 6 2 1 7 3 8 9 9 8 2 9 5 3 6 7 4 7 3 1 8 4 6 5 2 1 8 6 9 7 2 4 1 5 3 2 7 3 1 9 5 7 4 6 1 4 5 3 6 8 2 9 8 3 2 7 4 8 1 9 6 5 6 1 8 5 7 9 4 3 2 5 9 4 6 3 2 8 1 7 5 16 
4 5 6 3 1 7 2 8 9 9 3 2 5 2 8 6 7 4 7 8 1 9 4 6 5 3 1 8 6 9 2 7 4 7 5 3 2 7 5 1 8 9 4 1 6 1 4 3 3 6 5 2 9 8 3 1 7 4 8 2 3 6 5 6 2 8 7 9 5 9 4 7 5 9 4 6 3 1 8 2 1 15 19 
4 5 6 3 1 7 2 8 9 9 3 1 2 8 5 6 7 4 7 8 2 9 4 6 5 3 1 8 6 9 1 7 2 4 5 3 2 7 3 5 8 4 1 9 6 1 4 5 9 6 3 7 2 8 3 1 7 4 2 8 9 6 5 6 2 8 7 5 9 3 4 2 5 9 4 6 3 1 8 1 7 5 15 
4 5 6 3 1 7 2 8 9 9 3 2 8 9 5 6 7 4 7 8 1 2 4 6 5 3 1 8 6 9 7 2 1 4 5 3 2 7 3 5 8 4 1 9 6 1 4 5 9 6 3 7 2 8 3 2 7 4 8 9 3 6 5 6 1 8 5 7 2 9 4 7 5 9 4 6 3 1 8 1 2 9 18 
4 5 6 2 1 7 3 8 9 9 8 2 5 9 3 6 7 4 7 3 1 8 4 6 5 1 2 8 6 9 7 2 4 1 5 3 2 7 3 1 5 8 4 9 6 1 4 5 3 6 9 2 7 8 3 1 7 4 8 2 9 6 5 6 2 8 9 7 5 3 4 1 5 9 4 6 3 1 8 2 7 5 15 
4 2 6 5 1 7 3 8 9 3 5 1 8 9 2 6 7 4 7 8 9 3 4 6 5 1 2 8 6 9 1 7 4 7 5 3 2 7 3 9 8 3 4 1 6 1 4 5 2 6 5 9 2 8 3 2 7 4 2 8 3 6 5 6 1 8 7 5 9 9 4 2 5 9 4 6 3 1 8 7 1 17 19 
4 5 6 3 1 7 2 8 9 9 3 1 8 2 5 6 7 4 7 8 2 9 4 6 5 3 1 8 6 9 2 7 4 1 5 3 2 7 5 1 8 3 9 4 6 1 4 3 5 6 9 7 2 8 3 1 7 4 9 8 3 6 5 6 2 8 7 5 1 4 9 2 5 9 4 6 3 2 8 1 7 3 14 
4 5 6 3 1 7 3 8 9 9 8 1 5 2 8 6 7 4 7 3 2 9 4 6 5 1 2 8 6 9 1 7 4 2 5 3 2 7 3 8 9 5 4 1 6 1 4 5 2 6 3 9 7 8 3 1 7 4 8 9 2 6 5 6 2 8 7 5 1 3 9 7 5 9 4 6 3 2 8 4 1 10 18 
4 5 6 3 1 7 2 8 9 9 3 1 2 9 5 6 7 4 7 8 2 8 4 6 5 3 1 8 6 9 7 2 4 1 5 3 2 7 3 1 5 8 4 9 6 1 4 5 9 6 3 7 2 8 3 2 7 4 8 1 9 6 5 6 1 8 5 7 9 3 4 2 5 9 4 6 3 2 8 1 7 3 14 
4 5 6 3 1 7 2 8 9 9 3 1 5 2 8 6 7 4 7 8 2 9 4 6 5 3 1 8 6 9 1 7 9 4 5 3 2 7 3 8 5 4 1 9 6 1 4 5 2 6 3 7 2 8 3 2 7 4 8 1 9 6 5 6 1 8 7 9 5 3 4 2 5 9 4 6 3 2 8 1 7 3 13 
4 3 6 5 1 7 3 8 9 9 5 1 8 2 3 6 7 4 7 8 2 9 4 6 5 1 2 8 6 9 7 2 1 4 5 3 2 7 3 5 8 4 1 9 6 1 4 5 3 6 9 2 7 8 3 1 7 4 9 8 9 6 5 6 2 8 7 5 2 3 4 1 5 9 4 6 3 1 8 2 7 11 18 
4 5 6 2 1 7 3 8 9 9 8 1 3 9 5 6 7 4 7 3 2 8 4 6 5 2 1 8 6 9 1 2 4 7 5 3 2 7 3 9 5 8 4 1 6 1 4 5 7 6 3 2 9 8 3 1 7 4 8 2 9 6 5 6 2 8 5 7 9 1 3 7 5 9 4 6 3 1 8 4 2 5 15 
4 5 6 3 1 7 3 8 9 9 8 1 9 5 2 6 7 4 7 3 2 8 4 6 5 1 2 8 6 9 2 9 4 7 5 3 2 7 3 1 8 5 1 4 6 1 4 5 7 6 3 2 9 8 3 1 7 4 2 8 9 6 5 6 2 8 5 7 9 4 3 1 5 9 4 6 3 1 8 2 7 6 16 
4 5 6 2 1 7 3 8 9 9 3 1 8 5 3 6 7 4 7 8 2 9 4 6 5 2 1 8 6 9 1 2 4 7 5 3 2 7 5 3 9 8 1 4 6 1 4 3 7 6 5 2 9 8 3 2 7 4 8 1 9 6 5 6 1 8 5 7 9 4 3 2 5 9 4 6 3 2 8 1 7 3 13 
4 3 6 5 1 7 2 8 9 9 5 1 2 8 3 6 7 4 7 8 2 9 4 6 5 3 1 8 6 9 7 2 1 4 5 3 2 7 3 8 5 4 1 9 6 1 4 5 3 6 9 7 2 8 3 2 7 4 9 8 9 6 5 6 1 8 1 7 5 3 4 2 5 9 4 6 3 2 8 1 7 3 12 
4 5 6 3 1 7 2 8 9 9 3 1 2 5 8 6 7 4 7 8 2 9 4 6 5 3 1 8 6 9 1 2 4 1 5 3 2 7 3 8 9 5 7 4 6 1 4 5 7 6 3 2 9 8 3 1 7 4 8 2 9 6 5 6 2 8 5 7 9 4 3 1 5 9 4 6 3 1 8 2 7 6 15 
4 5 6 2 1 7 3 8 9 3 2 1 8 5 9 6 7 4 7 8 9 3 4 6 5 1 2 8 6 9 1 6 4 2 5 3 2 7 3 9 8 5 1 4 6 1 4 5 7 2 3 7 9 8 3 2 7 4 9 8 9 6 5 6 1 8 5 7 2 4 3 1 5 9 4 6 3 1 8 2 7 8 17 
4 5 6 2 1 7 3 8 9 9 8 1 8 5 3 6 7 4 7 3 2 9 4 6 5 1 2 8 6 9 1 2 8 4 5 3 2 7 5 3 9 4 1 9 6 1 4 3 7 6 5 7 2 8 3 1 7 4 8 9 2 6 5 6 2 8 5 7 1 9 3 7 5 9 4 6 3 2 8 4 1 8 16 
4 3 6 5 1 7 3 8 9 9 5 1 2 8 3 6 7 4 7 8 2 9 4 6 5 1 2 8 6 9 1 2 4 1 5 3 2 7 5 3 7 8 9 4 6 1 4 3 9 6 5 7 2 8 3 2 7 4 8 9 3 6 5 6 1 8 7 5 2 4 9 1 5 9 4 6 3 1 8 2 7 11 18 
4 5 6 5 1 7 3 8 9 9 8 1 3 2 8 6 7 4 7 3 2 9 4 6 5 1 2 8 6 9 7 2 4 4 5 3 2 7 3 1 5 8 1 9 6 1 4 5 3 6 9 7 2 8 3 2 7 4 8 1 9 6 5 6 1 8 7 9 5 2 3 7 5 9 4 6 3 2 8 4 1 12 17 
4 5 6 2 1 7 3 8 9 9 1 2 3 5 8 6 7 4 7 8 3 9 4 6 5 1 2 8 6 9 1 7 2 4 5 3 2 7 3 8 5 4 1 9 6 1 4 5 9 6 3 7 2 8 3 2 7 4 8 1 9 6 5 6 1 8 7 9 5 2 3 1 5 9 4 6 3 2 8 4 7 8 15 
4 5 6 2 1 7 3 8 9 9 8 2 3 8 5 6 7 4 7 3 1 9 4 6 5 1 2 8 6 9 2 7 4 1 5 3 2 7 3 1 5 3 9 4 6 1 4 5 8 6 9 7 2 8 3 2 7 4 9 8 1 6 5 6 1 8 7 2 5 3 9 7 5 9 4 6 3 1 8 4 2 13 18 
4 5 6 2 1 7 3 8 9 9 8 1 5 9 3 6 7 4 7 3 2 8 4 6 5 2 1 8 6 9 2 6 4 1 5 3 2 7 3 1 8 5 4 9 6 1 4 5 3 7 9 7 2 8 3 1 7 4 8 2 9 6 5 6 2 8 7 5 9 4 3 2 5 9 4 6 3 1 8 1 7 12 16 
4 5 6 2 1 7 3 8 9 9 3 1 5 9 8 6 7 4 7 8 2 3 4 6 5 2 1 8 6 9 1 2 4 7 5 3 2 7 3 8 5 9 1 4 6 1 4 5 7 6 3 2 9 8 3 2 7 4 8 1 9 6 5 6 1 8 9 7 5 4 3 2 5 9 4 6 3 2 8 1 7 3 12 
4 5 6 3 1 7 2 8 9 9 3 1 5 8 2 6 7 4 7 8 2 9 4 6 5 3 1 8 6 9 7 2 1 4 5 3 2 7 3 8 5 4 9 1 6 1 4 5 9 6 3 7 2 8 3 2 7 4 9 8 1 6 5 6 1 8 2 7 5 3 9 2 5 9 4 6 3 1 8 4 7 5 14 
4 3 6 5 1 7 2 8 9 9 5 1 3 2 8 6 7 4 7 8 2 9 4 6 5 3 1 8 6 9 1 7 2 4 5 3 2 7 3 8 4 5 1 9 6 1 4 5 9 6 3 7 2 8 3 1 7 4 8 9 2 6 5 6 2 8 7 5 1 3 9 7 5 9 4 6 3 2 8 4 1 9 15 
4 5 6 2 1 7 3 8 9 3 1 2 9 8 5 6 7 4 7 8 9 3 4 6 5 2 1 8 6 9 1 6 4 2 5 3 2 7 3 5 7 9 1 4 6 1 4 5 8 2 3 7 9 8 3 1 7 4 9 8 9 6 5 6 2 8 7 5 1 4 3 2 5 9 4 6 3 2 8 1 7 9 15 
4 3 6 5 1 7 2 8 9 9 5 1 8 2 9 6 7 4 7 8 2 3 4 6 5 3 1 8 6 9 1 7 4 9 5 3 2 7 3 9 8 5 4 1 6 1 4 5 2 6 3 7 2 8 3 2 7 4 9 8 1 6 5 6 1 8 7 5 2 3 9 7 5 9 4 6 3 1 8 4 2 7 14 
4 5 6 3 1 7 3 8 9 9 8 1 8 2 5 6 7 4 7 3 2 9 4 6 5 2 1 8 6 9 1 7 4 1 5 3 2 7 3 5 9 8 4 9 6 1 4 5 2 6 3 7 2 8 3 1 7 4 9 8 9 6 5 6 2 8 5 7 1 4 3 2 5 9 4 6 3 2 8 1 7 15 15 
4 5 6 3 1 7 3 8 9 9 3 1 5 8 2 6 7 4 7 8 2 9 4 6 5 1 2 8 6 9 1 7 4 2 5 3 2 7 5 8 9 3 1 4 6 1 4 3 2 6 5 7 9 8 3 1 7 4 2 8 9 6 5 6 2 8 7 5 9 4 3 1 5 9 4 6 3 1 8 2 7 3 11 
4 5 6 3 1 7 2 8 9 9 3 1 5 2 8 6 7 4 7 8 2 9 4 6 5 3 1 8 6 9 2 7 4 1 5 3 2 7 5 1 9 3 4 9 6 1 4 3 8 6 5 7 2 8 3 2 7 4 8 1 9 6 5 6 1 8 7 5 9 3 4 2 5 9 4 6 3 2 8 1 7 3 11 
4 5 6 5 1 7 3 8 9 9 8 2 3 2 8 6 7 4 7 3 1 9 4 6 5 1 2 8 6 9 1 7 4 1 5 3 2 7 3 8 9 5 4 9 6 1 4 5 2 6 3 2 7 8 3 1 7 4 8 1 9 6 5 6 2 8 7 5 9 3 4 1 5 9 4 6 3 2 8 2 7 12 14 
4 2 6 5 1 7 3 8 9 3 5 1 8 9 2 6 7 4 7 8 9 3 4 6 5 1 2 8 6 9 1 2 4 1 5 3 2 7 3 9 8 3 4 9 6 1 4 5 7 6 5 7 2 8 3 1 7 4 8 9 9 6 5 6 2 8 5 7 1 4 3 1 5 9 4 6 3 2 8 2 7 17 18 
4 5 6 2 1 7 2 8 9 9 1 2 3 8 5 6 7 4 7 8 3 9 4 6 5 3 1 8 6 9 1 7 2 2 5 3 2 7 3 8 4 3 4 1 6 1 4 5 5 6 9 7 9 8 3 2 7 4 8 1 1 6 5 6 1 8 7 9 5 9 3 2 5 9 4 6 3 2 8 4 7 19 16 
4 5 6 5 1 7 3 8 9 9 3 1 3 2 8 6 7 4 7 8 2 9 4 6 5 1 2 8 6 9 7 2 1 4 5 3 2 7 3 8 5 4 1 9 6 1 4 5 9 6 3 7 2 8 3 1 7 4 8 1 9 6 5 6 2 8 7 5 9 4 3 2 5 9 4 6 3 2 8 1 7 14 14 
4 5 6 3 1 7 2 8 9 9 3 1 2 8 5 6 7 4 7 8 2 9 4 6 5 3 1 8 6 9 1 2 4 7 5 3 2 7 3 8 5 9 4 1 6 1 4 5 7 6 3 9 2 8 3 2 7 4 9 8 1 6 5 6 1 8 5 7 2 3 9 7 5 9 4 6 3 1 8 4 2 3 11 
4 2 6 5 1 7 3 8 9 9 5 1 3 2 8 6 7 4 7 8 3 9 4 6 5 2 1 8 6 9 1 7 4 2 5 3 2 7 3 8 9 5 1 4 6 1 4 5 2 6 3 7 9 8 3 2 7 4 8 1 9 6 5 6 1 8 7 5 9 4 3 2 5 9 4 6 3 2 8 1 7 3 10 
4 3 6 5 1 7 3 8 9 9 5 1 2 8 3 6 7 4 7 8 2 9 4 6 5 1 2 8 6 9 1 7 4 4 5 3 2 7 3 9 8 3 1 9 6 1 4 5 2 6 5 7 2 8 3 1 7 4 2 8 9 6 5 6 2 8 7 9 5 4 3 1 5 9 4 6 3 1 8 2 7 15 14 
4 5 6 2 1 7 3 8 9 9 2 1 8 5 3 6 7 4 7 8 3 9 4 6 5 1 2 8 6 9 7 2 4 1 5 3 2 7 3 1 9 8 7 4 6 1 4 5 3 6 5 2 9 8 3 1 7 4 8 2 9 6 5 6 2 8 5 7 9 4 3 1 5 9 4 6 3 1 8 2 7 5 13 
4 5 6 2 1 7 3 8 9 9 2 1 8 5 3 6 7 4 7 8 3 9 4 6 5 1 2 8 6 9 1 2 4 7 5 3 2 7 5 3 8 9 1 4 6 1 4 3 7 6 5 2 9 8 3 2 7 4 9 8 9 6 5 6 1 8 5 7 2 4 3 1 5 9 4 6 3 1 8 2 7 5 12 
4 5 6 2 1 7 3 8 9 9 8 2 3 5 9 6 7 4 7 3 1 8 4 6 5 2 1 8 6 9 1 2 4 7 5 3 2 7 3 8 9 3 1 4 6 1 4 5 7 6 5 2 9 8 3 2 7 4 9 8 1 6 5 6 1 8 5 7 2 3 9 7 5 9 4 6 3 1 8 4 2 13 13 
4 3 6 3 1 7 2 8 9 9 5 2 2 8 5 6 7 4 7 8 1 9 4 6 5 3 1 8 6 9 1 2 4 7 5 3 2 7 3 3 7 8 1 4 6 1 4 5 9 6 5 9 2 8 3 2 7 4 8 1 3 6 5 6 1 8 7 5 9 4 9 2 5 9 4 6 3 2 8 1 7 15 13 
4 3 6 5 1 7 2 8 9 9 5 1 2 8 3 6 7 4 7 8 2 9 4 6 5 3 1 8 6 9 1 7 2 4 5 3 2 7 3 8 5 4 1 9 6 1 4 5 3 6 9 7 2 8 3 1 7 4 2 8 9 6 5 6 2 8 7 9 5 3 4 1 5 9 4 6 3 1 8 7 2 3 10 
4 5 6 2 1 7 3 8 9 9 8 2 3 9 5 6 7 4 7 3 1 8 4 6 5 1 2 8 6 9 1 2 4 7 5 3 2 7 3 9 5 8 1 4 6 1 4 5 7 6 3 2 9 8 3 1 7 4 8 2 9 6 5 6 2 8 5 7 9 4 3 1 5 9 4 6 3 1 8 2 7 3 9 
4 5 6 3 1 7 2 8 9 9 3 1 2 5 8 6 7 4 7 8 2 9 4 6 5 3 1 8 6 9 7 2 4 1 5 3 2 7 5 1 8 3 4 9 6 1 4 3 5 6 9 7 2 8 3 1 7 4 8 2 9 6 5 6 2 8 9 7 5 3 4 1 5 9 4 6 3 1 8 7 2 5 12 
4 5 6 3 1 7 3 8 9 9 3 1 8 2 5 6 7 4 7 8 2 9 4 6 5 1 2 8 6 9 1 7 4 2 5 3 2 7 3 5 9 8 1 4 6 1 4 5 2 6 3 7 9 8 3 1 7 4 8 2 9 6 5 6 2 8 7 5 9 4 3 1 5 9 4 6 3 1 8 2 7 3 9 
4 5 6 2 1 7 3 8 9 9 3 2 5 9 8 6 7 4 7 8 1 3 4 6 5 1 2 8 6 9 1 2 4 7 5 3 2 7 3 8 5 9 1 4 6 1 4 5 7 6 3 2 9 8 3 1 7 4 8 2 9 6 5 6 2 8 9 7 5 4 3 1 5 9 4 6 3 1 8 2 7 3 9 
4 5 6 3 1 7 2 8 9 9 3 1 8 5 2 6 7 4 7 8 2 9 4 6 5 3 1 8 6 9 2 8 4 7 5 3 2 7 3 1 9 5 4 1 6 1 4 5 7 6 3 2 9 8 3 1 7 4 2 8 9 6 5 6 2 8 5 7 9 3 4 1 5 9 4 6 3 1 8 2 7 5 12 
4 2 6 5 1 7 3 8 9 3 5 1 8 9 2 6 7 4 7 8 9 3 4 6 5 1 2 8 6 9 1 7 4 7 5 3 2 7 5 9 8 3 4 1 6 1 4 3 2 6 5 2 9 8 3 1 7 4 2 8 9 6 5 6 2 8 7 5 9 4 3 1 5 9 4 6 3 1 8 2 7 8 12 

