184 39 4300181480
184 39 4000266971
184 39 4100222175
184 39 4300345954
184 39 3700268413
184 39 3700275178
184 39 4300309616
184 39 3900236498
184 39 3800323833
184 39 4300245399
184 39 4100262752
184 39 4100267375
184 39 3600288223
184 39 4300235236
184 39 4300225328
184 39 3800308277
184 39 3800255855
184 39 3900337479
184 39 3900226158
184 39 4200312208
184 39 4000260710
184 39 4100243162
184 39 4200245618
184 39 4200287898
184 39 3900257394
184 39 3700314149
184 39 4000253024
184 39 3700305003
184 39 3900242506
184 39 3500270848
184 39 3600226704
184 39 4000294251
184 39 4200260199
184 39 4300248607
184 39 4100301075
184 39 4300333149
184 39 4100275723
184 39 4200307948
184 39 4100299232
184 39 3700308673
184 39 4200229690
184 39 4300226102
184 39 3700314725
184 39 4300270666
184 39 3900257478
184 39 4000302529
184 39 3900252528
184 39 4200249339
184 39 4000260155
184 39 4100264444
184 39 4100245368
184 39 4100222540
184 39 4200285814
184 39 4100279429
184 39 4200270981
184 39 4000283252
184 39 4200303521
184 39 4200286910
184 39 4200227435
184 39 4300278188
184 39 4200235083
184 39 4000326788
184 39 3900298730
184 39 4100296169
184 39 4300231630
184 39 4100279988
184 39 4400208395
184 39 3900260674
184 39 4100291657
184 39 3400252326
184 39 4200270981
184 39 4200217416
184 39 4100288578
184 39 3800323833
184 39 3800272870
184 39 4100264410
184 39 3900327205
184 39 4500277213
184 39 4100370287
184 39 4300224636
184 39 4200231833
184 39 3900284756
184 39 4000298695
184 39 4500225060
184 39 4000267546
184 39 3900272071
184 39 3700301253
184 39 4300197882
184 39 4300317364
184 39 4000247535
184 39 3800262149
184 39 3800254293
184 39 4400227907
184 39 3900244790
184 49 3000247903
184 49 3200192615
184 39 4200246382
184 39 4100243666
184 49 3000186529
184 49 3300178353
184 49 3200213836
184 39 4100285286
184 39 4000295222
184 49 3000221378
184 39 4100327814
184 49 3000175894
184 49 2900231006
184 49 2800282075
184 49 3100261968
184 49 3000190324
184 49 2900182225
184 49 3000179389
184 49 3100225540
184 49 3000193907
184 49 3100206798
184 49 3100230970
184 49 2900152117
184 49 2800302883
184 49 3000256544
184 49 3200193632
184 49 3200165760
184 49 3000211469
184 49 3000302992
184 49 3000209688
184 49 3100266158
184 49 3000231748
184 49 3200193588
184 49 3100165979
184 49 2900185635
184 49 3100223026
184 49 3200226407
184 49 3200195248
184 49 3100167792
184 49 3100227508
184 49 2800216529
184 49 3000252154
184 49 3300217921
184 49 3400224157
184 49 3200250846
184 49 3000242195
184 49 3300248517
184 49 3100173406
184 49 3100239148
184 49 3300178353
184 49 2900179954
184 49 3400222161
184 49 3000217032
184 49 3200214200
184 49 3000225406
184 49 3200185565
184 49 3000190324
184 49 3400180451
184 49 2700238487
184 49 2900209336
184 49 3400207441
184 49 2800159191
184 49 2700250335
184 49 2800241623
184 49 3300152835
184 49 3000235121
184 49 2900154756
184 49 3100195211
184 49 3100192103
184 49 3300187082
184 49 2800214692
184 49 3100258153
184 49 2700217212
184 49 3000212738
184 49 3400244386
184 49 3300239330
184 49 3100202374
184 49 2300237659
184 49 2800235392
184 49 2700215371
184 49 3100202180
184 49 2900222838
184 49 3200210507
184 49 2800187891
184 49 2900192177
184 49 3100236437
184 49 2900240233
184 49 3100125970
184 49 3100199423
184 49 3000194136
184 49 2800236001
184 49 2700199480
184 49 2800243152
184 49 3100174795
184 49 2800235040
184 49 3200275160
184 49 3400223035
184 49 3100173295
184 49 3200220462
184 49 3100194753
184 49 2300216954
184 52 3100240732
184 49 2600176866
184 52 2900220060
184 52 2600205433
184 52 2800176288
184 49 3000250324
184 52 2800208444
184 49 2700268280
184 52 2500245928
184 49 3000175844
184 52 3000229950
184 52 2500245928
184 52 2800211739
184 52 2400189593
184 52 2900312460
184 52 3100212586
184 52 2800196750
184 52 2800173023
184 52 2500207417
184 52 2700181169
184 52 2900169107
184 52 2600151227
184 52 2800179521
184 52 2900190064
184 52 2600149004
184 52 2800200936
184 52 2700180415
184 52 2800182543
184 52 2800184036
184 52 2600207887
184 52 2900199914
184 52 2600223377
184 52 3000245357
184 52 2700209977
184 52 3100211469
184 52 2800202058
184 52 3000179542
184 52 2900206240
184 52 3000256780
184 52 2900186571
184 52 2600224071
184 52 2800192126
184 52 3100194090
184 52 3000175000
184 52 3000211353
184 52 2700220780
184 52 2900259986
184 52 2900242940
184 52 2700197213
184 52 3100207257
184 52 3000244091
184 52 2800204636
184 52 2800225978
184 52 2800206110
184 52 2500243129
184 52 2900251264
184 52 2900188842
184 52 2800196985
184 52 2900214170
184 52 2800182144
184 52 2400173618
184 52 2700211688
184 52 3000207863
184 52 2800290458
184 52 2600218753
184 52 2800220465
184 52 2800272606
184 52 2600264645
184 52 2900198201
184 52 2700211749
184 52 3000202544
184 52 2900212430
184 52 3000261661
184 52 2800192126
184 52 2900268584
184 52 2900191639
184 52 2800198743
184 52 2800175728
184 52 2900214578
184 52 2900181458
184 52 2700207980
184 52 2700176861
184 52 2600240719
184 52 2900231651
184 52 2500144937
184 52 2500144937
184 52 2900220912
184 52 2400203343
184 52 2900190410
184 52 2700212976
184 52 3000143354
184 52 2500223223
184 52 2900205752
184 52 2900217025
184 52 2800197795
184 52 2900169271
184 52 2700171095
184 52 2900269390
184 52 2700223279
184 52 2900211917
184 52 2900181318
184 52 2600235015
184 52 2600211052
184 52 2800179940
227 39 6500392857
227 39 5600420457
227 39 5500390497
227 39 6400511960
227 39 6500419325
227 39 6400435263
227 39 6400447286
227 39 6200416433
227 39 6500411538
227 39 5900447480
227 39 6500400347
227 39 6500348474
227 39 6500376893
227 39 5700389877
227 39 5700417398
227 39 6100428869
227 39 5900441397
227 39 6400415691
227 39 6500494213
227 39 6400366250
227 39 6300443545
227 39 6000408534
227 39 6300427472
227 39 6100432484
227 39 6500372709
227 39 6500358194
227 39 6300330635
227 39 6400390407
227 39 6400485917
227 39 6200407530
227 39 6300510040
227 39 6000350521
227 39 6600386962
227 39 5800455647
227 39 6300364009
227 39 5700453856
227 39 6600417030
227 39 6700350581
227 39 6500477911
227 39 6300376434
227 39 6300465908
227 39 6500431287
227 39 6300394570
227 39 6500404860
227 39 6200484823
227 39 6200390479
227 39 6300354690
227 39 6200503069
227 39 6100398955
227 39 6000385201
227 39 6500370200
227 39 6500436798
227 39 6200463919
227 39 6600468869
227 39 6500435413
227 39 6100409382
227 39 6400398150
227 39 6100486949
227 39 6500428102
227 39 6300436742
227 39 6500413206
227 39 6400393942
227 39 6300401305
227 39 6500402028
227 39 6300497900
227 39 6600390606
227 39 6300346205
227 39 6600408093
227 39 5800411808
227 39 6000443830
227 39 6600386962
227 39 6500482066
227 39 6400455302
227 39 6300397113
227 39 6300389255
227 39 6600384087
227 39 6400487886
227 39 6600423801
227 39 6500417403
227 39 6300482446
227 39 6600408093
227 39 6200506366
227 39 6600445676
227 39 5900407076
227 39 6200361079
227 39 6100464703
227 39 6300432987
227 39 6400418061
227 39 6300449709
227 39 6400437339
227 39 6400398839
227 49 5000323057
227 39 6600425796
227 49 5100396153
227 39 6400354015
227 49 5000321409
227 49 4800376187
227 49 4700285150
227 49 4600360296
227 39 6500365276
227 49 4700377345
227 49 4900396187
227 49 4500356092
227 49 4300372973
227 49 4800323558
227 49 4300303649
227 49 4900340928
227 49 5000296636
227 49 5000286981
227 49 4300320444
227 39 6500331480
227 49 4500337410
227 49 4500331451
227 49 4800304071
227 49 4700377917
227 49 4900324678
227 49 4900346369
227 49 4800389155
227 49 4800351591
227 49 4600375629
227 49 4900338595
227 49 4700319224
227 39 6100476542
227 49 4800357862
227 49 5100297151
227 49 4700360580
227 49 5200241435
227 49 5100303071
227 49 4900303580
227 49 4700374104
227 49 4800306729
227 49 4500350972
227 49 4600392493
227 49 4900389213
227 49 4800323558
227 49 4900308429
227 49 4200374949
227 49 4900346369
227 49 4800341666
227 49 4200347001
227 49 4800333545
227 49 4800334482
227 49 5000340995
227 49 4900387648
227 49 4300290153
227 49 4400404077
227 39 6400367864
227 49 4600313658
227 49 4800274506
227 49 4700372486
227 49 4600410714
227 49 4900382687
227 49 5000359168
227 49 4300330781
227 49 4400351154
227 49 4700310351
227 49 4800304202
227 49 5000329092
227 49 4800318569
227 49 4700377917
227 49 3800317827
227 49 4700319141
227 49 4800352178
227 49 4700333328
227 49 4200337890
227 39 6300354690
227 49 4700303044
227 49 4900326128
227 49 4500313337
227 49 4900337098
227 49 5100329011
227 49 4400316866
227 49 4400404077
227 49 4900320317
227 49 4700335692
227 49 5100333631
227 49 4800311339
227 49 4900294134
227 49 5200354447
227 49 4900371189
227 49 4800254909
227 39 6200392233
227 49 4800385917
227 49 4400311258
227 49 4500333966
227 49 4700286615
227 49 4600287192
227 49 4400268311
227 49 4800306799
227 52 4600288949
227 52 4600293274
227 52 4800260214
227 52 4600300928
227 52 4400283564
227 52 4400281797
227 52 4600304054
227 52 4400306451
227 49 4500345491
227 52 4500315579
227 52 4500299167
227 52 4500194891
227 52 4400393452
227 52 4200321451
227 52 4200239289
227 52 4600292395
227 52 4300393868
227 52 3500219618
227 52 4400314217
227 52 4500317136
227 52 4300251580
227 52 4400257658
227 52 4600287303
227 52 4500246972
227 52 4400342897
227 52 4100289565
227 52 4400300172
227 52 4200321451
227 52 4400298242
227 52 4500327231
227 52 4100436857
227 52 4300334284
227 52 4200319084
227 52 4100296874
227 52 3900238092
227 52 4500265120
227 52 4400334847
227 52 4400345750
227 52 4500336630
227 52 4600337318
227 52 4700325703
227 52 4500332386
227 52 4500292396
227 52 4500299567
227 52 4300302425
227 52 3900238092
227 49 4700272113
227 52 4400281412
227 52 4500364764
227 49 4800354169
227 52 4300234181
227 52 3900353359
227 52 4300275656
227 52 4600228127
227 52 4500404973
227 52 4500293817
227 52 4700290925
227 52 4900279024
227 52 4500320579
227 52 4600304504
227 52 4500297380
227 52 4500291125
227 52 4200356812
227 52 4300305826
227 52 4300285830
227 52 4600300588
227 52 4700296865
227 52 4500307375
227 52 4500246972
227 52 4200356812
227 52 4400219820
227 52 4500338283
227 52 4500246972
227 52 4600331222
227 52 4300275656
227 52 4600310168
227 52 4600286308
227 52 4600331222
227 52 4500278030
227 52 4400289291
227 52 4200335565
227 52 4300320277
227 52 4500311964
227 49 4800355535
227 52 4300279943
227 52 4600295884
227 49 4900378636
227 52 4500359157
227 52 4700307747
227 52 4700267219
227 52 4500250627
227 52 4300313323
227 52 4600333329
227 49 4800371649
272 39 8200644217
227 49 5100266053
272 39 8100663892
272 39 8200544471
272 39 7800587586
272 39 8700539677
272 39 8200612916
272 39 8200528852
272 39 8400606204
272 39 8400584668
227 49 4600291838
272 39 8300544100
272 39 8200576419
272 39 8100494654
272 39 8200539820
272 39 7800588881
272 39 8100592652
272 39 8000569477
272 39 8500601761
272 39 8300655788
272 39 8100714976
272 39 7100593702
272 39 8100646689
227 49 4800336452
272 39 8100587352
272 39 7900635421
272 39 8100562158
272 39 8000602657
272 39 8100672651
272 39 8000525701
272 39 8400558588
272 39 7900553084
272 39 8400587549
272 39 7900642559
272 39 8100605265
272 39 7800611846
272 39 8400573697
272 39 7300625000
272 39 8600615814
272 39 8100564652
272 39 8300581751
272 39 8200555838
272 39 7900582269
272 39 8200584583
272 39 8200589590
272 39 7500621060
272 39 8200626065
272 39 7700566348
272 39 8300541363
272 39 8100606529
272 39 8200648948
272 39 8300591469
272 39 8100639011
272 39 8400557060
272 39 8400627049
272 39 8300568087
227 49 4800295492
227 52 4000334310
272 39 8100618736
272 39 8400649799
272 39 8600535238
272 39 8100612257
272 49 6700561130
272 49 6500543880
272 39 8300503700
272 39 8000567589
227 52 4500254697
272 49 5800537922
272 49 6300454900
272 49 6200420620
272 49 6100468451
272 39 7700603504
272 49 6100447262
272 39 8100552956
272 39 7800690632
272 39 8100558798
272 39 8300525802
272 49 6500441954
272 49 6100435858
227 52 4400250490
272 49 6100417242
272 39 7800560834
272 49 6500439268
272 49 5300522862
272 49 6500465976
272 39 8100552185
272 49 6000412407
272 39 7900778253
272 39 8400729530
272 49 5900408964
227 52 4200326045
272 39 8300623397
272 49 6000435300
272 39 7700591082
272 39 7800587773
272 49 6700454119
272 49 6400373434
272 49 6200489811
272 49 6100536500
272 39 8000687654
272 49 6000413273
272 39 8300602697
272 49 6500436867
272 39 8200772657
272 49 6300464463
272 39 8300525984
272 39 7900546881
272 49 5900514177
272 49 6300489319
272 39 8300647046
272 49 6500457109
272 49 6100496397
227 52 4400385152
272 39 8500568793
272 39 8100672651
227 52 4000259519
272 39 8300525802
272 49 5900591549
272 49 6600459623
272 49 6100465523
272 39 8200555608
272 52 4900420260
272 39 8200601410
272 39 8200589990
272 52 5500475353
272 52 6000405982
272 52 5900539292
272 52 5600470759
272 39 8000587575
272 52 6000472219
272 39 8200622571
272 39 8300677947
272 39 8200558854
227 52 4400336432
272 52 5900487456
272 52 5900381860
272 39 8100750772
272 52 6000404233
272 39 7900546881
227 52 4300320759
272 49 6300437797
272 52 5700578492
272 49 6000422450
272 52 5500405885
272 49 6000531864
272 49 6300500576
272 52 5700469727
272 52 5700453739
272 49 6100459469
272 49 6200514329
272 52 6000446769
272 52 5400433829
272 52 5800439237
272 52 5800318474
272 49 6200472666
272 52 5800491909
272 49 6200542704
272 49 5500473788
272 52 6000369158
272 52 5400481583
272 49 6600472938
272 49 6200499121
272 49 6500391759
272 52 6000357142
272 49 6400488691
272 52 6100355481
272 52 5900440326
272 49 6400547950
272 52 5800452377
272 49 6300513978
227 52 4200328272
272 49 6100496898
272 49 6300446950
272 52 5400462554
272 52 5900530863
272 52 6000416210
272 49 6200540134
272 49 6200492446
272 49 6000440991
272 52 5900438828
272 49 5700538049
272 52 5600452339
272 49 6100490683
272 49 6300501950
272 52 5400483308
272 49 6100398950
272 49 6300516389
272 49 6000432409
227 52 4100301301
272 49 6400504136
272 49 6200422422
272 49 5800519951
272 49 6200472666
272 49 6500414600
272 49 6500445156
272 49 5700498190
272 49 6300503147
272 49 6000604325
272 49 6100480770
272 49 6300403407
272 49 6300444674
272 49 6200313655
272 49 5800383670
272 49 6200453946
272 49 6000510450
272 49 6400431713
272 49 6300493264
272 49 6200514329
272 49 5700473251
272 49 6300444674
272 49 6000432409
272 49 6000456420
272 49 6100524799
272 49 6300460963
272 49 6300490107
272 49 6200416422
272 49 6500444756
272 49 6400486117
272 49 6500536830
272 49 6400448499
272 52 5400487461
272 49 6200416812
272 52 6000551579
272 52 5900516159
272 52 6100462214
272 52 6000481454
272 52 6200429122
272 52 6000472620
272 52 5900426569
272 52 5500494191
272 52 5800476659
272 52 5700388122
272 52 6200471373
272 52 5600400452
272 52 5900465990
272 52 5700508804
272 52 5800419277
272 52 6000630471
272 52 5900466147
272 52 5500357643
272 52 5600459128
272 52 5600467709
272 52 5700469214
272 52 5500574767
272 52 5600467709
272 52 5700488265
272 52 5600446992
272 52 6100446140
272 52 5500442680
272 52 5800394001
272 52 5800371433
272 52 5500416172
272 52 5600471017
272 52 6100496438
272 52 5900475020
272 52 5800428225
272 52 5800488894
272 52 5600385609
272 52 5900482914
272 52 6100396750
272 52 5900525551
272 52 5800456101
272 52 5800469683
272 52 6000441449
272 52 5500481170
272 52 5700360954
272 52 5900451815
272 52 6100449624
272 52 5700460319
272 52 6000395527
272 52 5400426350
272 52 5700508804
272 52 5500417579
272 52 5800550588
272 52 6000425641
272 52 5800348707
272 52 6100462214
272 52 5900464916
272 52 5600385609
272 52 6000467401
272 52 5800394001
272 39 7900633902
272 39 7900626562
272 39 8500631124
272 39 8600601815
272 39 8100493626
272 39 8100615433
272 39 8300576955
272 39 8200577919
272 39 8600549961
272 39 8100528810
272 49 6000475655
272 49 6800373217
272 49 6300446057
272 49 6300512434
272 49 6000431734
272 49 6100449546
272 49 6000432757
272 49 6100505775
272 49 6000512050
272 49 6400416857
272 52 5500459229
272 52 5900503902
272 52 5900424002
272 52 5800394082
272 52 6100425076
272 52 6100448358
272 52 6000420490
272 52 5600430229
272 52 5700429815
272 52 5800385710
