Mean	Median	StdDev	Max	Min	Entropy	Hamming	RLD
90715.0510869424	90744.0602704883	581.3802415050	95686.2807081143	90715.0510869424	0.8421164375	2177.3740000000	0.0000000000	
88077.6141294837	87982.8133761883	441.9086146967	92251.7205520471	88077.6141294837	0.7669019507	2032.7346666667	0.0000000000	
86948.9839124680	86861.8946954608	514.3697201995	90419.1037487984	86948.9839124680	0.7028434943	1893.4893333333	0.0000000000	
86297.3191282153	86231.9113910198	510.8154675725	89225.0794058045	86297.3191282153	0.6577338562	1784.9940000000	0.0000000000	
85805.4377934337	85796.7249512672	480.0263485523	88458.5987782478	85805.4377934337	0.6221265480	1694.9426666667	0.0000000000	
85449.8438829184	85415.5832141638	477.8270067738	87840.9758427739	85449.8438829184	0.5892860158	1615.3180000000	0.0000000000	
85244.3550994992	85253.0653759837	477.7003886252	87597.2353617350	85244.3550994992	0.5629087660	1535.6666666667	0.0000000000	
85058.3376472195	85006.9888606668	444.7754643239	87299.1924540202	85058.3376472195	0.5385386588	1464.8093333333	0.0000000000	
84894.9712215861	84939.1529157758	428.8008991393	86973.3379029234	84894.9712215861	0.5159103314	1393.8740000000	0.0000000000	
84781.2441378832	84737.0022147894	414.8679779119	86801.7287140091	84781.2441378832	0.4971004080	1332.9880000000	0.0000000000	
84685.4242947698	84634.7560867667	400.6147579093	86669.0967315435	84685.4242947698	0.4804673116	1277.9853333333	0.0000000000	
84608.2200127840	84559.2940494418	392.8918693790	86487.3166736960	84608.2200127840	0.4656359708	1229.6200000000	0.0333333333	
84542.2283544143	84542.4094125628	392.2217859309	86392.2624908884	84542.2283544143	0.4540887217	1195.5400000000	0.0666666667	
84485.5590778589	84465.2333229780	376.7572533064	86267.8404092789	84485.5590778589	0.4407097013	1153.8406666667	0.0666666667	
84435.8202747504	84429.7118932009	367.2665934145	86212.7282398939	84435.8202747504	0.4298569131	1117.5506666667	0.0666666667	
84386.2687341372	84381.2790334225	348.9978855430	86159.3619976441	84386.2687341372	0.4204943815	1085.2053333333	0.1000000000	
84358.7137570977	84345.7122534513	342.6020849244	86045.0751372178	84358.7137570977	0.4112243532	1056.9113333333	0.1000000000	
84327.6788177093	84309.0000092983	345.8036458388	85909.7785194715	84327.6788177093	0.4036731458	1030.8486666667	0.1000000000	
84298.2447157304	84274.5188087225	341.1355209764	85849.8136925697	84298.2447157304	0.3957117688	1004.5120000000	0.1000000000	
84278.1437662244	84254.0225371718	334.9995044228	85805.9563092391	84278.1437662244	0.3889321606	979.3306666667	0.1333333333	
84242.9022186995	84226.8196105957	317.5264321818	85763.3406651020	84242.9022186995	0.3830201620	958.6240000000	0.1333333333	
84219.7941074769	84221.5665653348	322.4459917838	85721.4024149378	84219.7941074769	0.3765263959	939.0033333333	0.1666666667	
84201.4851140976	84198.2015728951	317.5025393182	85652.7061323325	84201.4851140976	0.3710777785	917.8073333333	0.2000000000	
84180.3428725402	84161.2420052290	315.5189607781	85620.9988281131	84180.3428725402	0.3659756454	898.2406666667	0.2333333333	
84163.2512743274	84146.7041879892	317.5384091091	85571.7406810323	84163.2512743274	0.3606083395	879.5806666667	0.2333333333	
84148.3845512072	84139.8579254746	314.4625440239	85555.5176535249	84148.3845512072	0.3565018716	864.8693333333	0.2666666667	
84137.6875231663	84135.6928586960	315.1060211370	85531.1173383395	84137.6875231663	0.3524660958	848.3266666667	0.3000000000	
84125.4599304994	84126.5173524618	311.8503959005	85498.8504149516	84125.4599304994	0.3483473345	836.6013333333	0.3000000000	
84115.9151789546	84119.8968768120	308.9290289994	85477.0997697115	84115.9151789546	0.3445210296	824.6026666667	0.3000000000	
84103.1760811806	84106.5370798111	308.5805005220	85459.3948401014	84103.1760811806	0.3405076495	810.1726666667	0.3000000000	
84092.7814662457	84103.6926716566	304.8053958922	85444.9295523763	84092.7814662457	0.3370076350	799.5946666667	0.3000000000	
84080.1997279127	84088.9974981546	306.4022263869	85429.0412527323	84080.1997279127	0.3334472626	785.8053333333	0.3666666667	
84066.4399644732	84084.5290496945	303.3346563242	85413.4339762727	84066.4399644732	0.3303609331	776.0913333333	0.3666666667	
84060.3962089618	84082.6827123761	302.8292261390	85402.2471927603	84060.3962089618	0.3274307741	764.6973333333	0.4000000000	
84050.5372547110	84066.7809858918	298.8282091565	85384.7943537434	84050.5372547110	0.3244856055	754.3093333333	0.4333333333	
84041.3952337702	84057.1469500661	298.3181317728	85377.1617226799	84041.3952337702	0.3214611139	742.7020000000	0.4333333333	
84036.3280747334	84054.2196288705	297.0545870949	85361.3597165545	84036.3280747334	0.3190327343	734.0900000000	0.4333333333	
84030.0768185655	84049.0053027868	294.7286178387	85351.0918410619	84030.0768185655	0.3162208199	725.4753333333	0.4333333333	
84021.6929724813	84045.6592395902	291.1194597189	85338.1770318747	84021.6929724813	0.3137198854	716.8820000000	0.4333333333	
84015.3516692917	84028.6039173603	290.6534852577	85325.5314782262	84015.3516692917	0.3112716492	708.3033333333	0.4333333333	
84011.0574826598	84027.7306899428	290.7600954301	85285.2088591456	84011.0574826598	0.3086458299	699.3700000000	0.4333333333	
84002.9262349010	84027.7306899428	286.7785402943	85264.2350159089	84002.9262349010	0.3061196061	691.3773333333	0.4333333333	
83999.0059072773	84022.3757758737	285.7616279889	85255.0318011642	83999.0059072773	0.3037372194	682.9100000000	0.4333333333	
83992.1905322870	84015.3214320540	281.4990293583	85242.5978689392	83992.1905322870	0.3016779758	675.9140000000	0.4666666667	
83987.1226843198	84011.4697605371	281.2222540042	85227.8148141503	83987.1226843198	0.2993674550	667.2493333333	0.4666666667	
83983.3635979891	84007.8802824020	279.8149745444	85216.6309911013	83983.3635979891	0.2972763755	659.8073333333	0.4666666667	
83979.9476021528	84007.8802824020	281.5401920716	85206.2582824628	83979.9476021528	0.2953015357	654.7293333333	0.4666666667	
83973.8830054800	83993.9539328218	279.0375838937	85197.2233271599	83973.8830054800	0.2932905933	649.0200000000	0.4666666667	
83970.6879823406	83983.0633863807	279.0145566542	85192.8753484289	83970.6879823406	0.2912133430	642.6980000000	0.4666666667	
83964.9810770154	83979.9842372537	278.7111576597	85185.9732741117	83964.9810770154	0.2896435374	634.6513333333	0.4666666667	
83958.7666256229	83975.1600280404	275.8995823144	85177.2533742587	83958.7666256229	0.2882203391	629.5026666667	0.4666666667	
83955.2419947584	83975.1600280404	274.4273061248	85168.9150593678	83955.2419947584	0.2865473466	623.3633333333	0.4666666667	
83951.5284578999	83975.1600280404	275.9587189223	85154.9760334690	83951.5284578999	0.2851242433	618.6280000000	0.4666666667	
83947.6029778520	83969.6461737156	275.2025911505	85148.7126963337	83947.6029778520	0.2838544995	612.8680000000	0.4666666667	
83943.3439569672	83969.6461737156	272.8532691724	85135.1319183906	83943.3439569672	0.2825447502	609.0380000000	0.4666666667	
83940.4424817363	83965.2125358582	271.8935323219	85128.5050977270	83940.4424817363	0.2809665150	603.9000000000	0.4666666667	
83938.5354599357	83965.2125358582	272.4101746499	85122.7351457874	83938.5354599357	0.2797611985	599.4533333333	0.4666666667	
83936.5589089195	83963.7857317924	272.3822204709	85116.0169206063	83936.5589089195	0.2781518282	593.6713333333	0.4666666667	
83932.5136443973	83953.2070398331	270.4070251847	85110.0593977173	83932.5136443973	0.2771575158	588.6206666667	0.5000000000	
83929.9740333358	83953.1789004803	269.9669777133	85101.5771451592	83929.9740333358	0.2760276902	583.9053333333	0.5000000000	
83928.2681054870	83953.1789004803	270.2899744131	85097.8031250834	83928.2681054870	0.2750269618	579.6153333333	0.5000000000	
83926.3151841362	83952.1513819695	270.0714042770	85091.1407089233	83926.3151841362	0.2739130718	576.9493333333	0.5000000000	
83921.9891404112	83944.8924332857	268.0860953745	85086.5164661407	83921.9891404112	0.2731714946	572.7506666667	0.5000000000	
83920.5527477463	83944.8924332857	268.1353246132	85082.1179437637	83920.5527477463	0.2720113481	570.2146666667	0.5000000000	
83918.3669689298	83943.7981128693	267.3839616542	85079.1112472614	83918.3669689298	0.2710637495	566.8226666667	0.5000000000	
83915.8449716369	83942.9824084044	267.1896328336	85073.0244810383	83915.8449716369	0.2702654805	564.0406666667	0.5000000000	
83912.7445374926	83938.9533132315	267.4081755518	85066.3976096113	83912.7445374926	0.2693461996	559.1720000000	0.5000000000	
83910.0403075417	83928.1098812819	266.9117368760	85060.1803445816	83910.0403075417	0.2685130002	555.2280000000	0.5000000000	
83906.2257561088	83928.1098812819	267.0086689278	85053.6335563660	83906.2257561088	0.2675354938	550.6946666667	0.5000000000	
83902.4179966251	83925.5450516939	265.5640911939	85047.6077786088	83902.4179966251	0.2667645978	547.8533333333	0.5000000000	
83900.6399101019	83925.5450516939	264.8379186025	85042.3960052927	83900.6399101019	0.2661544099	545.5220000000	0.5000000000	
83897.8849826256	83918.1049510837	263.6359606219	85040.7476416230	83897.8849826256	0.2650727102	541.4080000000	0.5000000000	
83895.3474313021	83917.1451434493	261.9530802924	85037.4237689376	83895.3474313021	0.2642603547	538.2386666667	0.5000000000	
83894.4110888243	83917.1451434493	262.0695641725	85034.1876402497	83894.4110888243	0.2633404859	535.2233333333	0.5000000000	
83892.4684566259	83911.7855355144	261.4598809241	85028.6279785633	83892.4684566259	0.2625193465	533.6746666667	0.5333333333	
83888.3296857278	83911.7324456573	259.0618166575	85022.3274506132	83888.3296857278	0.2617625419	531.0000000000	0.5333333333	
83885.0240476926	83907.9325079918	258.1794229284	85020.0741941730	83885.0240476926	0.2611383260	529.1053333333	0.5666666667	
83883.8717792432	83907.3431670666	258.5317151365	85016.8261034290	83883.8717792432	0.2601908844	526.5953333333	0.5666666667	
83882.5685393810	83901.4599934220	258.8143442485	85012.4221291145	83882.5685393810	0.2594890667	523.8293333333	0.5666666667	
83880.9944438934	83900.0553771853	259.1200314724	85009.7041534384	83880.9944438934	0.2586124862	520.2353333333	0.5666666667	
83879.7967328628	83898.2541516423	259.5807679831	85007.9783037305	83879.7967328628	0.2577304975	516.7673333333	0.5666666667	
83878.6603701115	83898.2541516423	260.0909221058	85004.3893962105	83878.6603701115	0.2570396855	514.5533333333	0.5666666667	
83877.3174214363	83896.2038323283	259.6433696552	85002.3096467058	83877.3174214363	0.2561593517	511.8573333333	0.5666666667	
83875.6005386512	83890.6864032149	259.0864796966	84998.5009523233	83875.6005386512	0.2555770425	509.8220000000	0.5666666667	
83872.6785818736	83883.9245483279	260.1322894863	84996.0159869989	83872.6785818736	0.2543278134	506.5120000000	0.5666666667	
83870.7406045000	83883.3787009120	259.0899495648	84990.7418016593	83870.7406045000	0.2536622683	503.6640000000	0.5666666667	
83868.9619905750	83879.9638643861	258.5493719315	84986.8261872729	83868.9619905750	0.2526742429	499.6220000000	0.5666666667	
83867.6763642828	83879.4156149030	258.1307951251	84984.0038552880	83867.6763642828	0.2519652699	496.3713333333	0.5666666667	
83865.9154642622	83875.0274851918	257.9326628064	84982.7038990458	83865.9154642622	0.2510352265	493.9073333333	0.5666666667	
83864.4146270553	83867.4617275596	257.3954089438	84979.7811991970	83864.4146270553	0.2501103890	491.4160000000	0.6000000000	
83863.5331603885	83867.4617275596	257.2780727581	84974.0356158217	83863.5331603885	0.2495847929	490.3120000000	0.6000000000	
83861.6559985280	83867.4617275596	257.4408226639	84971.5982235471	83861.6559985280	0.2490635986	489.3153333333	0.6000000000	
83859.5831613739	83864.3127068877	257.3723797988	84966.7042533557	83859.5831613739	0.2482904415	487.5886666667	0.6000000000	
83858.3671109875	83859.8740532994	257.4261998242	84963.5471814871	83858.3671109875	0.2474994199	485.1486666667	0.6000000000	
83856.1021058758	83859.2179849744	258.0219796239	84961.0178293784	83856.1021058758	0.2468103369	483.5633333333	0.6000000000	
83855.0649008155	83859.2179849744	258.2238249704	84959.0325160821	83855.0649008155	0.2461599644	481.9293333333	0.6000000000	
83853.6159657439	83849.6189996600	258.7454158697	84957.1407134334	83853.6159657439	0.2455604377	479.7486666667	0.6000000000	
83851.9428437948	83846.7916250229	257.4594583858	84955.1292362809	83851.9428437948	0.2450035101	478.9080000000	0.6000000000	
83850.3826244672	83837.6565128565	256.9584363707	84951.4403487245	83850.3826244672	0.2441296242	476.1440000000	0.6000000000	
83848.8412517309	83837.6565128565	256.6782570090	84949.0277509888	83848.8412517309	0.2433452976	472.7446666667	0.6000000000	
83847.8272346656	83837.6565128565	255.4848432792	84945.4369411866	83847.8272346656	0.2426057093	470.0846666667	0.6000000000	
83846.6978869836	83831.6988676786	255.5762796859	84943.4633523226	83846.6978869836	0.2419163811	467.8646666667	0.6000000000	
83845.8863151073	83830.7265698910	255.9121028062	84941.2335749467	83845.8863151073	0.2412643356	467.0833333333	0.6000000000	
83845.3893287977	83830.3437888622	255.6023286833	84938.5992181301	83845.3893287977	0.2405225777	464.1486666667	0.6000000000	
83844.7173116605	83830.3437888622	255.3842755319	84935.7395893335	83844.7173116605	0.2398523093	462.0546666667	0.6000000000	
83844.0558673938	83830.3437888622	255.3674294403	84932.3825516303	83844.0558673938	0.2388487457	459.7220000000	0.6000000000	
83842.8434232871	83827.0761132240	254.8567038354	84930.4075773557	83842.8434232871	0.2382248205	456.2213333333	0.6000000000	
83841.1169652144	83826.4180123806	253.4895676227	84926.9941337903	83841.1169652144	0.2377503898	453.9866666667	0.6000000000	
83840.2099545797	83826.4180123806	253.4756690719	84923.6759301027	83840.2099545797	0.2373959136	451.7206666667	0.6000000000	
83838.3283543587	83815.8554494381	253.8187405128	84922.6854912440	83838.3283543587	0.2367736634	450.6206666667	0.6333333333	
83837.6130342484	83815.8554494381	253.8015871042	84919.2816513777	83837.6130342484	0.2363081215	449.6486666667	0.6333333333	
83837.1429240704	83815.7989501953	253.6840371474	84917.4784286817	83837.1429240704	0.2358555492	446.4373333333	0.6333333333	
83836.8583210309	83815.7989501953	253.7942060518	84915.0226995349	83836.8583210309	0.2350887126	443.0273333333	0.6333333333	
83835.6875652075	83815.7989501953	253.6140062628	84912.3105098804	83835.6875652075	0.2344641514	441.9726666667	0.6333333333	
83834.8711409171	83814.9847954512	253.9115360954	84907.6673436165	83834.8711409171	0.2340908734	440.7406666667	0.6333333333	
83833.2044631243	83805.3391873837	254.2718019187	84906.0527549187	83833.2044631243	0.2334216747	438.4086666667	0.6333333333	
83832.3635345697	83804.9832463264	254.2193325043	84903.6798657974	83832.3635345697	0.2327932816	436.6986666667	0.6333333333	
83831.7838076750	83804.7117173672	254.2005669556	84901.1659548680	83831.7838076750	0.2322937033	435.3220000000	0.6333333333	
83831.0341058175	83803.2853335142	254.1483775157	84900.0253649553	83831.0341058175	0.2318382074	433.8766666667	0.6333333333	
83830.5510036151	83803.2853335142	253.9151133140	84898.5157169898	83830.5510036151	0.2312501509	432.6980000000	0.6333333333	
83827.5073612730	83803.2853335142	252.6366041306	84895.7894140482	83827.5073612730	0.2305126836	432.0480000000	0.6333333333	
83826.9927055637	83803.2853335142	252.6451419901	84894.8809993267	83826.9927055637	0.2300629376	429.6180000000	0.6333333333	
83826.0696519415	83803.2853335142	252.6601960974	84892.2557687759	83826.0696519415	0.2295326633	428.4646666667	0.6333333333	
83825.0471487641	83803.0429512262	252.2392868758	84891.1115558942	83825.0471487641	0.2290017989	426.7613333333	0.6333333333	
83824.2818714182	83800.5488663912	252.1842452714	84889.3485285838	83824.2818714182	0.2285183004	425.9066666667	0.6666666667	
83823.4153031309	83797.4608182907	251.9910665468	84886.7944062750	83823.4153031309	0.2279950820	423.9280000000	0.6666666667	
83822.6230989893	83797.4608182907	251.6182808563	84882.1504675349	83822.6230989893	0.2273288934	422.4893333333	0.6666666667	
83821.3859141866	83797.4608182907	252.0186818672	84876.2239399552	83821.3859141866	0.2265781884	420.7693333333	0.6666666667	
83821.1984448632	83797.4608182907	251.8210552065	84874.9459277590	83821.1984448632	0.2260673713	418.1626666667	0.6666666667	
83820.7464223107	83797.1620053053	251.5556686566	84868.3357484142	83820.7464223107	0.2256999091	416.5533333333	0.6666666667	
83819.4998913010	83795.8872452378	251.8471318948	84864.5287176967	83819.4998913010	0.2251747515	414.9973333333	0.6666666667	
83819.0424651901	83795.8872452378	251.8658438657	84858.9590957761	83819.0424651901	0.2245855629	413.0433333333	0.6666666667	
83818.2745255033	83795.1543137431	251.4676793527	84856.7407336831	83818.2745255033	0.2241184515	411.2246666667	0.6666666667	
83817.9616188010	83795.0160101056	251.5132340210	84854.3018612266	83817.9616188010	0.2236997513	409.8173333333	0.6666666667	
83817.1856869261	83793.2128414512	251.3278045422	84852.4135701855	83817.1856869261	0.2232992711	408.4713333333	0.6666666667	
83816.4830141266	83793.2063683867	251.5521158461	84851.1899766326	83816.4830141266	0.2227584994	406.6026666667	0.6666666667	
83815.9438843528	83793.2063683867	251.2056619448	84849.2217740417	83815.9438843528	0.2223132336	404.7933333333	0.6666666667	
83815.5238307516	83793.2063683867	251.5326657454	84847.4271127582	83815.5238307516	0.2216569166	403.2646666667	0.6666666667	
83814.9910125136	83792.7408263087	251.2350929695	84844.7824067871	83814.9910125136	0.2212949891	401.2066666667	0.6666666667	
83814.7715271513	83792.4708291888	251.3570327879	84843.7385558089	83814.7715271513	0.2208980922	399.8786666667	0.6666666667	
83814.3877980113	83792.4208715558	251.5031994503	84841.6465217869	83814.3877980113	0.2204444114	398.3653333333	0.6666666667	
83813.6895721157	83792.4208715558	251.0640935417	84840.5673681696	83813.6895721157	0.2199602212	397.2906666667	0.6666666667	
83812.6435638468	83792.4208715558	250.7715834110	84838.0305907130	83812.6435638468	0.2195587594	395.6713333333	0.6666666667	
83811.6038577755	83792.2919467092	250.8237162715	84836.2152674794	83811.6038577755	0.2191814489	394.6606666667	0.6666666667	
83810.9841804703	83789.6833017468	250.6914737153	84834.7098480662	83810.9841804703	0.2187066724	392.6193333333	0.6666666667	
83810.1729787389	83788.8954535127	250.5097139556	84834.0700615446	83810.1729787389	0.2182476189	391.4526666667	0.6666666667	
83809.9133919676	83787.2024342418	250.4080402778	84833.5225660602	83809.9133919676	0.2179390560	390.2566666667	0.6666666667	
83809.8734610279	83787.2024342418	250.4388368200	84832.7622202039	83809.8734610279	0.2174966597	388.7586666667	0.6666666667	
83809.4468403856	83787.2024342418	250.4809018289	84830.6879990299	83809.4468403856	0.2170660925	387.7920000000	0.6666666667	
83808.3886801203	83787.2024342418	250.1290285209	84830.1253363490	83808.3886801203	0.2168681548	386.5860000000	0.6666666667	
83807.9046164950	83785.5450704694	250.2874141532	84828.4129004677	83807.9046164950	0.2164121833	384.6060000000	0.6666666667	
83807.2180468837	83785.3392317891	249.8955331567	84826.9047418237	83807.2180468837	0.2160645271	383.3653333333	0.6666666667	
83806.6849183043	83785.3392317891	249.6193976281	84826.1370908221	83806.6849183043	0.2155313162	381.5600000000	0.6666666667	
83806.1821777622	83785.3392317891	249.5255333013	84824.6423694491	83806.1821777622	0.2151344938	380.7046666667	0.6666666667	
83805.8609754841	83784.7011581063	249.2247861356	84823.4891111652	83805.8609754841	0.2147083142	379.4800000000	0.6666666667	
83805.7614357273	83784.7011581063	249.2173095303	84820.7588359714	83805.7614357273	0.2142115620	377.5926666667	0.6666666667	
83805.5670776963	83784.0837106109	249.0447183642	84820.1767262816	83805.5670776963	0.2138660255	376.3586666667	0.6666666667	
83805.0394801299	83784.0837106109	248.8522422729	84819.9865717689	83805.0394801299	0.2131905829	374.9293333333	0.6666666667	
83804.7229291995	83784.0288862586	248.7963106037	84818.6086633801	83804.7229291995	0.2128113550	373.4680000000	0.6666666667	
83804.4505528609	83784.0063884854	248.7661074702	84818.3414511879	83804.4505528609	0.2124927911	372.0920000000	0.6666666667	
83803.7853413820	83784.0063884854	248.5001652676	84817.4739286304	83803.7853413820	0.2121067532	370.6393333333	0.6666666667	
83802.8569422166	83782.6699644327	248.4910237087	84816.6677573323	83802.8569422166	0.2116413912	368.5733333333	0.6666666667	
83802.5213052829	83782.4836030602	248.1930922620	84816.5434180697	83802.5213052829	0.2113066545	367.1000000000	0.6666666667	
83801.4028513432	83782.4836030602	248.7915745157	84815.3494762381	83801.4028513432	0.2109013806	365.8066666667	0.7000000000	
83801.2770104408	83782.4834451079	248.7529013874	84812.8594080607	83801.2770104408	0.2106581441	364.9366666667	0.7000000000	
83800.9591354926	83782.4834451079	248.8104610987	84812.7802393834	83800.9591354926	0.2104133918	364.1866666667	0.7000000000	
83800.3096330166	83781.9262310863	248.8206880401	84811.8781924248	83800.3096330166	0.2099710205	362.8040000000	0.7000000000	
83799.8667442799	83781.9262310863	248.8015601658	84811.4500912030	83799.8667442799	0.2100162503	363.1213333333	0.7000000000	
83799.4063542287	83781.6962078214	248.8297310721	84808.4764146805	83799.4063542287	0.2096911682	361.7826666667	0.7000000000	
83798.7185964982	83781.3007369637	249.1631606176	84803.8229039311	83798.7185964982	0.2095272183	361.8040000000	0.7000000000	
83798.5870860020	83780.6211695075	249.1564822147	84801.7932537198	83798.5870860020	0.2093210801	360.7533333333	0.7000000000	
83798.3254911502	83780.0734132528	249.3723362590	84801.3444412748	83798.3254911502	0.2090331209	359.1933333333	0.7000000000	
83798.0554864804	83779.9433723092	249.1787164799	84800.6626553337	83798.0554864804	0.2088476275	358.9373333333	0.7000000000	
83797.6147990425	83779.9433723092	249.4724710218	84799.5649918914	83797.6147990425	0.2086576607	357.8606666667	0.7000000000	
83797.4650308490	83779.9433723092	249.4280733920	84797.8733196855	83797.4650308490	0.2083488702	356.2913333333	0.7000000000	
83797.1469222506	83777.6510551572	249.5561957931	84797.0900820692	83797.1469222506	0.2081040037	355.7746666667	0.7000000000	
83796.2917773922	83774.4916900992	249.7421345001	84796.1130763094	83796.2917773922	0.2077487212	354.4253333333	0.7000000000	
83795.0469639897	83770.1451167464	250.0729126864	84795.3542877237	83795.0469639897	0.2074403267	353.7426666667	0.7000000000	
83794.4976242383	83770.1451167464	250.7191512097	84793.8209518790	83794.4976242383	0.2071435801	352.8006666667	0.7000000000	
83793.8700457414	83770.1451167464	251.0145464494	84793.0153329174	83793.8700457414	0.2069992564	352.1393333333	0.7000000000	
83792.8836691380	83767.1304747462	251.5644978468	84791.5707462033	83792.8836691380	0.2069156547	352.5520000000	0.7000000000	
83792.0797046026	83767.0666053891	252.1574723302	84790.3605509798	83792.0797046026	0.2068298586	352.3333333333	0.7000000000	
83791.8467481931	83767.0666053891	252.2069602186	84788.3102688193	83791.8467481931	0.2062531263	351.2453333333	0.7000000000	
83791.4052995046	83764.9940714240	252.2268839348	84786.8038832148	83791.4052995046	0.2060005114	350.3180000000	0.7000000000	
83791.0555259387	83764.8822441697	252.3856973154	84784.7224534551	83791.0555259387	0.2057974113	349.9906666667	0.7000000000	
83790.5779103438	83764.8822441697	252.6181829891	84783.9135230581	83790.5779103438	0.2052770337	349.3446666667	0.7000000000	
83790.1845467091	83763.7315705419	252.4704661617	84783.5704923670	83790.1845467091	0.2047099123	347.5473333333	0.7000000000	
83789.9507798751	83762.7534702420	252.4858845503	84783.4967934092	83789.9507798751	0.2042654080	346.2746666667	0.7000000000	
83789.8456140359	83762.7534702420	252.5551721324	84783.1305725376	83789.8456140359	0.2039627462	345.2353333333	0.7000000000	
83789.4050176938	83762.7489179373	252.6017309794	84782.1493393183	83789.4050176938	0.2037477029	345.0886666667	0.7000000000	
83788.1202910344	83749.3863537908	252.8118851822	84782.0668301980	83788.1202910344	0.2034679065	344.0440000000	0.7000000000	
83787.8663734595	83749.0400388837	252.7796114164	84780.7561376691	83787.8663734595	0.2031909605	342.8953333333	0.7000000000	
83787.8012945255	83749.0400388837	252.7473572219	84780.2828829487	83787.8012945255	0.2030213041	342.5186666667	0.7000000000	
83787.6379207770	83749.0400388837	252.6664070780	84779.7000301878	83787.6379207770	0.2030202339	342.7433333333	0.7333333333	
83786.9747837384	83749.0400388837	252.7500110353	84778.3380718033	83786.9747837384	0.2028378474	342.1373333333	0.7333333333	
83786.6357560952	83749.0400388837	252.5046284433	84775.9806760152	83786.6357560952	0.2025981814	341.5806666667	0.7333333333	
83786.2734655539	83749.0400388837	252.8307721078	84773.0282884836	83786.2734655539	0.2024033543	340.3706666667	0.7333333333	
83786.0117038091	83749.0400388837	252.4854433822	84772.3820545276	83786.0117038091	0.2020378058	339.0400000000	0.7333333333	
83785.7874506712	83749.0400388837	252.5659940344	84772.1701792876	83785.7874506712	0.2017211401	337.6340000000	0.7333333333	
83785.4504422347	83749.0400388837	252.4535310870	84770.5243204037	83785.4504422347	0.2015449532	337.1400000000	0.7333333333	
83785.1614973942	83749.0400388837	252.7069339673	84770.0757191579	83785.1614973942	0.2014039432	336.2740000000	0.7333333333	
83785.0739963849	83749.0400388837	252.6544410601	84769.5741784573	83785.0739963849	0.2012241161	335.4493333333	0.7333333333	
83784.3809753656	83749.0400388837	252.9739698369	84768.8700463374	83784.3809753656	0.2007381645	333.6860000000	0.7333333333	
83783.9223086834	83748.5464319587	252.9406430879	84767.4685641130	83783.9223086834	0.2004783958	333.2740000000	0.7333333333	
83783.8058425983	83748.5464319587	252.9764197078	84766.1225229502	83783.8058425983	0.2002878555	332.2040000000	0.7333333333	
83782.9269423087	83748.5464319587	253.6357209239	84765.3497970104	83782.9269423087	0.2002541156	331.7726666667	0.7333333333	
83782.5913433234	83748.3282372355	253.6275687515	84764.8986387253	83782.5913433234	0.1999618730	329.8246666667	0.7333333333	
83781.8811170260	83748.3282372355	253.6797127183	84762.8131343921	83781.8811170260	0.1999330041	329.1026666667	0.7333333333	
83781.7018892368	83748.3282372355	253.7731913444	84762.6192905505	83781.7018892368	0.1998721188	328.7686666667	0.7333333333	
83781.3286199172	83747.1354201436	253.5504177684	84761.5875465671	83781.3286199172	0.1995877766	327.8880000000	0.7333333333	
83781.0425064961	83747.0589533448	253.5485494429	84761.4371185501	83781.0425064961	0.1995122317	327.6953333333	0.7333333333	
83780.7081957658	83747.0589533448	253.5907501323	84761.1125142376	83780.7081957658	0.1991855318	326.3553333333	0.7333333333	
83780.1132154465	83746.5592697263	253.6965018643	84760.3909697135	83780.1132154465	0.1990404119	326.1100000000	0.7333333333	
83779.7936582565	83746.5592697263	253.8282551041	84759.4468907515	83779.7936582565	0.1988572362	325.5626666667	0.7333333333	
83779.5391698678	83746.5592697263	253.8761523924	84758.1481238206	83779.5391698678	0.1986599302	324.4880000000	0.7333333333	
83779.0004965663	83746.5592697263	254.0483444109	84757.5635820627	83779.0004965663	0.1985265101	324.2033333333	0.7333333333	
83778.7968990207	83746.5592697263	254.0221423565	84756.6511951884	83778.7968990207	0.1983722706	323.7713333333	0.7333333333	
83778.5007622838	83746.5592697263	253.8661055241	84756.0554906726	83778.5007622838	0.1982139689	323.0633333333	0.7333333333	
83778.2984724641	83746.5592697263	253.8784006994	84755.4747803013	83778.2984724641	0.1979651239	322.5446666667	0.7333333333	
83777.9844506582	83746.5592697263	253.9670754466	84753.1442868710	83777.9844506582	0.1977433371	321.7820000000	0.7333333333	
83777.5191607078	83746.5592697263	254.1191749665	84753.1258443991	83777.5191607078	0.1974774398	321.0500000000	0.7333333333	
83777.3212369283	83746.5592697263	254.0945395180	84751.9601622224	83777.3212369283	0.1973092448	320.9986666667	0.7333333333	
83776.9729979833	83746.5592697263	254.1363314108	84751.7016598582	83776.9729979833	0.1971801263	320.7833333333	0.7333333333	
83776.8049621582	83746.2800666690	254.1443501542	84750.6380612652	83776.8049621582	0.1970282287	320.2013333333	0.7333333333	
83776.3280897339	83746.2800666690	254.3643691937	84747.1755420168	83776.3280897339	0.1968289723	318.6200000000	0.7333333333	
83775.8499760429	83746.2800666690	254.5336195179	84746.7469725013	83775.8499760429	0.1967698946	318.4153333333	0.7333333333	
83775.7740850250	83746.1304470897	254.5124167088	84746.4912564556	83775.7740850250	0.1964395027	317.4993333333	0.7333333333	
83775.5169913173	83746.1304470897	254.5001243990	84745.8816054463	83775.5169913173	0.1963487265	317.1273333333	0.7333333333	
83775.2805645267	83746.1304470897	254.5778685442	84745.2377435565	83775.2805645267	0.1961389069	316.4940000000	0.7333333333	
83774.9848789970	83745.6478551030	254.6202936466	84744.3293012182	83774.9848789970	0.1959066401	315.6733333333	0.7333333333	
83774.6441069245	83745.2302739024	254.6677895677	84743.5288309058	83774.6441069245	0.1955376753	315.0013333333	0.7333333333	
83774.5120615761	83745.2240124345	254.6771497420	84742.8725851576	83774.5120615761	0.1951248490	313.8553333333	0.7333333333	
83773.9884375532	83745.2240124345	255.1430395181	84742.0095221202	83773.9884375532	0.1948861329	312.6406666667	0.7333333333	
83773.8663435976	83745.2240124345	255.1216088096	84741.3683072726	83773.8663435976	0.1945429589	311.1573333333	0.7333333333	
83773.6286460360	83744.1698327661	255.0633140322	84740.6867901484	83773.6286460360	0.1942086094	310.0086666667	0.7333333333	
83773.4471107523	83744.1698327661	255.2008180385	84738.8108759125	83773.4471107523	0.1937960987	309.3066666667	0.7333333333	
83773.2242805759	83743.1799873710	255.3060935832	84738.3925464749	83773.2242805759	0.1935769586	308.6693333333	0.7333333333	
83772.9311544697	83743.1799873710	255.4025288095	84737.7517446876	83772.9311544697	0.1933111767	308.1680000000	0.7333333333	
83772.6218697429	83743.1799873710	255.5644629107	84735.9059944749	83772.6218697429	0.1931119036	307.3746666667	0.7333333333	
83772.3545069496	83743.1799873710	255.4995292394	84735.5604053537	83772.3545069496	0.1928189542	306.1953333333	0.7333333333	
83772.0266279578	83743.1799873710	255.4875049441	84735.5168981353	83772.0266279578	0.1924989421	304.4440000000	0.7333333333	
83771.7157400648	83743.1799873710	255.6034912639	84732.5193187594	83771.7157400648	0.1922758090	303.6433333333	0.7333333333	
83771.5377556284	83742.7546694875	255.6138464362	84731.5720426043	83771.5377556284	0.1919279190	302.4946666667	0.7333333333	
83771.3311015566	83742.7546694875	255.6216922695	84731.0111926993	83771.3311015566	0.1916909920	301.6686666667	0.7333333333	
83771.0343795021	83742.7546694875	255.6534914973	84729.0922501683	83771.0343795021	0.1914040418	300.4873333333	0.7333333333	
83770.4651044806	83742.3152193427	255.8089510594	84728.7167957425	83770.4651044806	0.1913017342	300.4206666667	0.7333333333	
83770.1815536618	83742.1386882663	255.6329642614	84726.2761834264	83770.1815536618	0.1912240518	299.9853333333	0.7333333333	
83769.8696052035	83741.7467817664	255.9015164637	84724.5811618368	83769.8696052035	0.1909549891	299.2773333333	0.7333333333	
83769.6629938483	83741.7467817664	255.9340703795	84722.3780533671	83769.6629938483	0.1907431799	298.7833333333	0.7333333333	
83769.5234728853	83741.7467817664	255.9311911305	84721.7798406879	83769.5234728853	0.1907261301	298.8686666667	0.7333333333	
83769.4812056422	83741.7467817664	255.9479155051	84719.4736241301	83769.4812056422	0.1903194092	297.2833333333	0.7333333333	
83769.3165563544	83740.4541417956	256.0078298543	84719.3223767479	83769.3165563544	0.1900105873	296.7833333333	0.7333333333	
83769.2406649391	83740.4541417956	255.8947245064	84718.0534540613	83769.2406649391	0.1897157549	295.4353333333	0.7333333333	
83769.1382687290	83740.4541417956	255.9376036965	84717.7014367779	83769.1382687290	0.1895045901	294.7893333333	0.7333333333	
83769.0835091472	83740.4541417956	255.9714192356	84715.8111520608	83769.0835091472	0.1892137297	294.1326666667	0.7333333333	
83768.4934889277	83740.4541417956	256.1704000481	84715.2659376462	83768.4934889277	0.1888902005	293.1460000000	0.7333333333	
83768.3190187812	83740.4541417956	256.2073797702	84714.2062385877	83768.3190187812	0.1885410123	292.1966666667	0.7333333333	
83767.9761903485	83740.4541417956	256.2942231195	84713.1212733189	83767.9761903485	0.1882881649	291.4933333333	0.7333333333	
83767.9074280461	83740.4541417956	256.3498030571	84710.6069221099	83767.9074280461	0.1881081059	290.6840000000	0.7333333333	
83767.5590673089	83740.4286548495	256.4492616363	84710.4817467928	83767.5590673089	0.1877575983	289.3753333333	0.7333333333	
83767.5000660618	83740.3591558337	256.4444175702	84709.5554878314	83767.5000660618	0.1874047234	288.5026666667	0.7333333333	
83766.9940472643	83740.3591558337	256.5333690365	84709.0040651957	83766.9940472643	0.1873731313	288.3880000000	0.7333333333	
83766.9570834438	83740.3591558337	256.5447699784	84708.9306143920	83766.9570834438	0.1870824251	287.5166666667	0.7333333333	
83766.1784002185	83740.3591558337	257.2838247764	84708.6328524351	83766.1784002185	0.1868436077	286.4146666667	0.7333333333	
83765.9763402740	83739.9979665875	257.3264468366	84708.1610832612	83765.9763402740	0.1865898325	285.7340000000	0.7333333333	
83765.8634478847	83739.9979665875	257.2688539320	84707.9046231508	83765.8634478847	0.1863663260	285.1606666667	0.7333333333	
83765.7605794072	83739.9979665875	257.2808123017	84706.3478603959	83765.7605794072	0.1861931070	284.6813333333	0.7333333333	
83765.7094129920	83739.9979665875	257.3091225121	84705.4890373349	83765.7094129920	0.1858925785	283.1340000000	0.7333333333	
83765.4231636723	83739.7310182452	257.2953334898	84705.0282584627	83765.4231636723	0.1856910097	282.5006666667	0.7333333333	
83765.3290431698	83739.6216377616	257.3247677490	84704.3902237217	83765.3290431698	0.1852430803	281.1360000000	0.7333333333	
83765.0342634320	83739.6113470197	257.4689708768	84704.0733046333	83765.0342634320	0.1851487972	280.3473333333	0.7333333333	
83765.0235942006	83739.6113470197	257.4655127277	84703.1656147043	83765.0235942006	0.1850264281	279.7740000000	0.7333333333	
83764.5680271586	83739.3642827868	257.4930661517	84702.8470666210	83764.5680271586	0.1848764933	279.4526666667	0.7333333333	
83764.0759208798	83739.3642827868	257.3489011678	84702.1432088812	83764.0759208798	0.1848117867	279.3440000000	0.7333333333	
83764.0000326435	83739.3492236733	257.3586128398	84699.1493578752	83764.0000326435	0.1845216727	278.1673333333	0.7333333333	
83763.2464664181	83739.3492236733	257.4628105018	84698.6807720860	83763.2464664181	0.1843696625	277.4526666667	0.7333333333	
83763.1367531419	83739.3492236733	257.6125591049	84698.0830777685	83763.1367531419	0.1843595768	277.1780000000	0.7333333333	
83762.6435517271	83739.3492236733	257.6267464824	84697.7978828549	83762.6435517271	0.1843029298	277.2360000000	0.7333333333	
83762.0837254326	83739.3492236733	257.4291895690	84697.2363590201	83762.0837254326	0.1842427956	277.1800000000	0.7333333333	
83761.7588578661	83739.1980752349	257.1166705935	84696.6774667303	83761.7588578661	0.1843476958	277.1786666667	0.7333333333	
83761.5649820368	83739.1980752349	257.1887458549	84693.7224764625	83761.5649820368	0.1842787510	276.7553333333	0.7333333333	
83761.4259456595	83739.1980752349	257.1558246088	84693.0844007929	83761.4259456595	0.1843975809	277.1533333333	0.7333333333	
83761.2117855747	83738.9965251088	257.1431281637	84692.6671889424	83761.2117855747	0.1842862926	276.9260000000	0.7333333333	
83760.9041342139	83738.9965251088	257.3265988287	84692.2927458088	83760.9041342139	0.1841289034	276.3420000000	0.7333333333	
83760.5694809556	83738.9965251088	257.2812545961	84692.1514315407	83760.5694809556	0.1840309901	276.1726666667	0.7333333333	
83760.5135723948	83738.9965251088	257.2847568059	84691.6994614403	83760.5135723948	0.1837833386	275.7906666667	0.7333333333	
83760.3923601906	83738.9965251088	257.2457990464	84690.7707030575	83760.3923601906	0.1836711556	275.1733333333	0.7333333333	
83760.0418350101	83738.9965251088	256.9934300519	84690.3103656570	83760.0418350101	0.1834687387	274.5966666667	0.7333333333	
