Mean	Median	StdDev	Max	Min	Entropy	Hamming	RLD
90893.5055512190	90984.5995828509	699.6823559261	98168.2379931211	90893.5055512190	0.8462532968	2205.7873333333	0.0000000000	
88425.3338194887	88455.5207088590	551.0184312180	94398.2264042894	88425.3338194887	0.7586334091	2063.0300000000	0.0000000000	
86948.8760948181	86971.8218252063	487.1809485684	91062.8827543060	86948.8760948181	0.6681614104	1902.8480000000	0.0000000000	
86162.1244121591	86169.2991867661	421.9491521944	89435.2956291040	86162.1244121591	0.6037941295	1766.1046666667	0.0000000000	
85624.1339914997	85662.0516702533	346.8050853630	88634.7412378589	85624.1339914997	0.5605436359	1661.8233333333	0.0000000000	
85322.7337764700	85393.1050136685	326.2458925543	88331.0375894109	85322.7337764700	0.5310002364	1586.8540000000	0.0000000000	
85090.0143810113	85097.6963698864	332.3900954132	88032.7722234527	85090.0143810113	0.5048513220	1515.6280000000	0.0000000000	
84917.5087254246	84874.5437785983	309.7387583207	87691.3490300377	84917.5087254246	0.4826010642	1453.1620000000	0.0000000000	
84805.4499547680	84825.3470301628	295.2147842275	87647.5625176231	84805.4499547680	0.4695772308	1411.5213333333	0.0000000000	
84707.5319608053	84678.1145200133	316.8019023490	87467.3968616128	84707.5319608053	0.4570762243	1371.6266666667	0.0333333333	
84623.9395254850	84600.7168143988	316.9997215493	87787.5922787189	84623.9395254850	0.4482848419	1342.9553333333	0.0333333333	
84564.3666758140	84571.7092961073	314.8596387907	87535.8919953306	84564.3666758140	0.4394500307	1315.5473333333	0.0666666667	
84516.4952944716	84546.2409347296	310.0045745920	87429.7203520934	84516.4952944716	0.4315295203	1289.5700000000	0.1000000000	
84476.6254611810	84520.8626911044	310.8966489306	87629.3193057179	84476.6254611810	0.4255441178	1269.7120000000	0.1000000000	
84432.6836301883	84456.6382974386	306.3477703989	87485.4807735483	84432.6836301883	0.4224975094	1262.1146666667	0.1000000000	
84402.2068180640	84423.4208166599	310.7898001023	87177.0417732000	84402.2068180640	0.4181153052	1244.8766666667	0.1666666667	
84376.5460935235	84415.3206542134	316.5271082844	87339.4605532289	84376.5460935235	0.4143235197	1230.9446666667	0.2000000000	
84345.9472099940	84373.6384436488	315.5324431504	87391.5344440937	84345.9472099940	0.4110438960	1222.9573333333	0.2333333333	
84326.1817801992	84367.0390084386	318.8627992678	87402.8925138712	84326.1817801992	0.4042493109	1196.6413333333	0.2333333333	
84302.6140809059	84343.1740567088	323.4275615961	87227.5371127327	84302.6140809059	0.4057724144	1198.1353333333	0.2333333333	
84288.9162713289	84337.4274671078	321.0199215670	87334.1977968812	84288.9162713289	0.4037835278	1190.4080000000	0.2333333333	
84275.6615660588	84328.7197306752	319.9857450765	87087.4305973450	84275.6615660588	0.4011325378	1184.8720000000	0.2333333333	
84259.5313733816	84328.7197306752	319.5263905709	87376.6983519991	84259.5313733816	0.3999396304	1177.7800000000	0.2666666667	
84247.2523139914	84302.3787572980	322.8917604360	87376.2752051155	84247.2523139914	0.3957132789	1161.0320000000	0.2666666667	
84236.5945598483	84299.4153842330	325.4568370744	87334.6653164427	84236.5945598483	0.3958942144	1160.3946666667	0.3000000000	
84217.5809706251	84299.4153842330	328.3249653543	87213.5517238577	84217.5809706251	0.3917523478	1149.0760000000	0.3000000000	
84206.9297863046	84279.6180412173	330.1916259875	87200.7372590899	84206.9297863046	0.3936813109	1150.6713333333	0.3000000000	
84201.5897731980	84274.2709890008	330.8325229090	87318.7967935205	84201.5897731980	0.3937249389	1153.5646666667	0.3000000000	
84191.5357232094	84268.3283001184	334.1711177199	87250.5815631151	84191.5357232094	0.3919271062	1146.2420000000	0.3000000000	
84181.9003375371	84258.8171780109	327.5885942460	87325.4965331157	84181.9003375371	0.3919963484	1139.0700000000	0.3000000000	
84173.2734767596	84258.8171780109	325.8027865229	87401.8849401673	84173.2734767596	0.3899130954	1136.9573333333	0.3333333333	
84165.6456622481	84251.7444103956	324.7749453729	87183.9104737838	84165.6456622481	0.3913855663	1139.9886666667	0.3333333333	
84159.7386312485	84236.7332652211	322.9148331013	87326.4003540079	84159.7386312485	0.3896913643	1134.3713333333	0.3666666667	
84155.1739762227	84232.3601767421	323.0589480937	87273.2007328669	84155.1739762227	0.3874254896	1128.9560000000	0.3666666667	
84151.0314222177	84232.3601767421	322.5659774200	87160.4297760129	84151.0314222177	0.3867218586	1122.0520000000	0.3666666667	
84145.8061107993	84231.2354803085	319.7325403490	87227.5678655505	84145.8061107993	0.3860812095	1119.2826666667	0.3666666667	
84143.1280142069	84223.2937455177	319.0225888470	87519.2418055733	84143.1280142069	0.3867131324	1121.0353333333	0.3666666667	
84136.5515817205	84214.8698613048	315.0395291748	87299.5930512746	84136.5515817205	0.3855175690	1118.0953333333	0.4000000000	
84133.6503832539	84214.8698613048	316.1710208769	87254.7270104289	84133.6503832539	0.3850213746	1112.1866666667	0.4666666667	
84129.3606810768	84214.8698613048	317.6760705144	87204.4250278672	84129.3606810768	0.3846996561	1114.5100000000	0.4666666667	
84125.0448084871	84208.5213333368	317.7946784796	87322.1535590291	84125.0448084871	0.3827737651	1107.5126666667	0.4666666667	
84121.5347934763	84202.9024124146	316.5651030848	87293.1163131197	84121.5347934763	0.3853233515	1114.9726666667	0.4666666667	
84116.5540400147	84202.9024124146	316.4435343241	87246.8059264620	84116.5540400147	0.3827382168	1110.1873333333	0.4666666667	
84111.3414386908	84197.4208250642	314.1147841649	87123.3234961828	84111.3414386908	0.3847174150	1113.8213333333	0.4666666667	
84104.5423398415	84178.6055102944	314.8278671940	87163.0398919185	84104.5423398415	0.3852524913	1115.3673333333	0.4666666667	
84100.2423574527	84178.1764283776	315.2853724945	87140.6157511473	84100.2423574527	0.3850260591	1114.4453333333	0.4666666667	
84098.3166202903	84175.4210695624	314.9062732711	87212.9002057513	84098.3166202903	0.3834716174	1109.8066666667	0.4666666667	
84095.7945476969	84175.4210695624	316.4910690404	87418.9297945301	84095.7945476969	0.3842340675	1107.7746666667	0.4666666667	
84092.5423879425	84175.4210695624	316.0883689210	87106.3090728720	84092.5423879425	0.3839228125	1108.3720000000	0.4666666667	
84090.2362775803	84175.4210695624	317.6479255377	87425.3021445870	84090.2362775803	0.3828577347	1103.4113333333	0.4666666667	
84086.8331590295	84167.6319897175	317.1236973850	87389.9104293187	84086.8331590295	0.3835650522	1106.0753333333	0.4666666667	
84085.5851941307	84167.6319897175	316.9839590620	87303.7964409590	84085.5851941307	0.3840334998	1106.9820000000	0.4666666667	
84082.1301786105	84162.3343110085	318.6995650282	87419.2604964972	84082.1301786105	0.3845789409	1108.7100000000	0.4666666667	
84080.2751609683	84162.3343110085	319.2940387156	87662.9014075796	84080.2751609683	0.3867266979	1117.1506666667	0.4666666667	
84078.4803455075	84160.0355386734	318.4525099277	87368.0001788338	84078.4803455075	0.3839525663	1110.5960000000	0.4666666667	
84072.1386667093	84158.3535701036	320.2228935687	87208.4254779418	84072.1386667093	0.3837063737	1107.7420000000	0.4666666667	
84070.0661664208	84158.3535701036	321.3998157562	87335.1175058881	84070.0661664208	0.3849260610	1109.8326666667	0.4666666667	
84068.7285305063	84158.3535701036	321.3385760141	87102.8748082121	84068.7285305063	0.3837442964	1110.4760000000	0.4666666667	
84066.2363347411	84158.3535701036	321.1097209739	87380.5190443993	84066.2363347411	0.3835490009	1105.9793333333	0.4666666667	
84065.3261495630	84158.3535701036	321.3019066555	86939.3942665060	84065.3261495630	0.3826230584	1104.0953333333	0.4666666667	
84062.8434718649	84155.9396892786	320.5220377175	87254.0584870179	84062.8434718649	0.3847408433	1110.8853333333	0.4666666667	
84059.8616042733	84151.7664074898	319.3610707250	87303.3384597301	84059.8616042733	0.3842925325	1109.5560000000	0.4666666667	
84057.9809646805	84141.4066359401	319.8901847976	87382.7184097966	84057.9809646805	0.3833276950	1106.5353333333	0.4666666667	
84055.9934465090	84141.4066359401	319.2642067755	87123.4431336323	84055.9934465090	0.3826561184	1106.5746666667	0.4666666667	
84053.7061324716	84141.4066359401	318.1819849093	87018.7459754944	84053.7061324716	0.3796576170	1095.9660000000	0.4666666667	
84052.0503382881	84139.8623362184	318.2508451675	87280.5034591754	84052.0503382881	0.3821731805	1103.0246666667	0.4666666667	
84049.6702773372	84139.8045346141	318.3621796862	87354.3648297588	84049.6702773372	0.3841809234	1108.7100000000	0.4666666667	
84045.2305789789	84139.8045346141	315.1281318851	87405.2670342724	84045.2305789789	0.3843575365	1109.4500000000	0.4666666667	
84044.0166711807	84139.8045346141	315.2981064015	87193.1497449676	84044.0166711807	0.3791580583	1095.7746666667	0.4666666667	
84042.6764990886	84133.6219534278	315.7499143475	87217.4605812629	84042.6764990886	0.3810454302	1097.2373333333	0.4666666667	
84042.0316396157	84133.6219534278	315.2183323564	87205.3977813323	84042.0316396157	0.3816244773	1098.4933333333	0.4666666667	
84041.3760648171	84133.6219534278	315.0883780676	87481.4777831237	84041.3760648171	0.3827674963	1102.5333333333	0.4666666667	
84040.4985278845	84133.4419354796	315.9740169826	87106.1159140865	84040.4985278845	0.3789011167	1098.9933333333	0.4666666667	
84037.5338827570	84128.4613683820	315.4208547478	87172.2869585951	84037.5338827570	0.3815227307	1101.9453333333	0.4666666667	
84034.5122099916	84128.2845035195	316.1359677945	87170.3592095772	84034.5122099916	0.3795028566	1094.6446666667	0.4666666667	
84031.7448309064	84128.2845035195	314.9456656772	87362.3863375187	84031.7448309064	0.3812394810	1100.8566666667	0.4666666667	
84030.1388067007	84128.2845035195	314.0039275044	87120.5405323704	84030.1388067007	0.3794968548	1092.8993333333	0.4666666667	
84029.1655655702	84127.4318888783	314.0168557088	87093.3545884490	84029.1655655702	0.3809283765	1097.4640000000	0.4666666667	
84028.2111708323	84123.1084570289	314.3214807473	87508.7840805451	84028.2111708323	0.3825102340	1097.9380000000	0.4666666667	
84027.4281690518	84119.8047533631	314.2672129279	87149.9665081501	84027.4281690518	0.3791369854	1089.4506666667	0.4666666667	
84026.1659950018	84119.8047533631	314.1565283668	87023.7863326073	84026.1659950018	0.3763834314	1085.2013333333	0.4666666667	
84025.3566680352	84119.8047533631	313.5899983633	87262.5250703096	84025.3566680352	0.3778451843	1084.6440000000	0.4666666667	
84022.7755610148	84119.8047533631	313.8442007402	87241.9669540723	84022.7755610148	0.3791861564	1090.5553333333	0.4666666667	
84020.6427431107	84119.8047533631	314.2976018640	87038.8690413038	84020.6427431107	0.3810231654	1097.0113333333	0.4666666667	
84018.5581676165	84119.8047533631	315.6821586345	87107.5444745024	84018.5581676165	0.3749976128	1080.0973333333	0.4666666667	
84016.5403509140	84113.2403507829	316.0623509275	87226.5766125917	84016.5403509140	0.3800191173	1087.9046666667	0.4666666667	
84015.3087047736	84113.2403507829	316.5103890310	87190.3922713796	84015.3087047736	0.3764460665	1079.5600000000	0.4666666667	
84013.7851597865	84113.0511477590	317.5743064661	87217.7806471785	84013.7851597865	0.3770681292	1084.0413333333	0.4666666667	
84013.4085303545	84113.0511477590	318.1232381161	87165.8443087339	84013.4085303545	0.3771999104	1083.6220000000	0.4666666667	
84012.2596917550	84113.0511477590	318.9856209245	87408.8705072800	84012.2596917550	0.3803158462	1091.1160000000	0.4666666667	
84011.5096020699	84110.6501623988	318.7360122585	87200.3195354342	84011.5096020699	0.3770831579	1087.2113333333	0.4666666667	
84010.1654160023	84108.3165928721	318.6192381115	87156.1421714226	84010.1654160023	0.3815650307	1096.5513333333	0.4666666667	
84008.3547834555	84108.3165928721	318.3335859110	87228.8364893198	84008.3547834555	0.3818338932	1100.8773333333	0.4666666667	
84006.9842350483	84108.3165928721	318.3504904732	87199.5439251264	84006.9842350483	0.3829154792	1101.3340000000	0.4666666667	
84005.1964212457	84108.3165928721	317.8302841157	87077.1179019411	84005.1964212457	0.3808693182	1097.2100000000	0.4666666667	
84003.9363693198	84108.0156490207	318.1929378681	87001.5567488472	84003.9363693198	0.3809061682	1097.1553333333	0.4666666667	
84002.4529261390	84103.1873479486	317.7809483511	87346.6358727217	84002.4529261390	0.3833662586	1099.9780000000	0.4666666667	
84001.2304659684	84103.1873479486	317.9469629167	87272.6402168473	84001.2304659684	0.3806067232	1093.1160000000	0.4666666667	
83999.6671901147	84103.1873479486	318.1763528175	87420.2537605166	83999.6671901147	0.3826750442	1097.8553333333	0.4666666667	
83999.0172733863	84103.1784206629	318.4573538941	87445.4879807432	83999.0172733863	0.3801496678	1092.1940000000	0.4666666667	
83997.2929114103	84101.0961875319	318.5072495400	87087.3739809791	83997.2929114103	0.3766441620	1081.7360000000	0.4666666667	
83996.5591698885	84097.1269637346	318.4679529112	87197.3437047998	83996.5591698885	0.3772007788	1083.4766666667	0.4666666667	
83995.4895416896	84085.3696793318	318.0520641513	87221.7999753356	83995.4895416896	0.3779453169	1084.9873333333	0.5000000000	
83994.2301346858	84083.6353018880	318.4013608164	87239.0171450377	83994.2301346858	0.3785304148	1086.0073333333	0.5000000000	
83993.9762771130	84083.6353018880	318.4880305623	87318.6338938276	83993.9762771130	0.3801270912	1089.5960000000	0.5000000000	
83992.2984665632	84069.0235644579	318.4041892308	87467.3090290030	83992.2984665632	0.3801665114	1093.1520000000	0.5000000000	
83990.9843756755	84069.0235644579	317.6807898876	87215.7312762737	83990.9843756755	0.3785984926	1086.6706666667	0.5000000000	
83990.7086716096	84069.0235644579	317.9127608540	87083.2825137178	83990.7086716096	0.3766848333	1084.9300000000	0.5000000000	
83990.3730048736	84069.0235644579	317.9692064322	87204.5180491606	83990.3730048736	0.3767089973	1079.4600000000	0.5000000000	
83989.6842628717	84063.8527780771	317.9276323370	87049.9908623099	83989.6842628717	0.3767730849	1083.1560000000	0.5000000000	
83989.4771805406	84063.5927408934	317.6270316252	87155.0338312984	83989.4771805406	0.3815213880	1096.1393333333	0.5000000000	
83988.0580621958	84063.5927408934	317.3780585438	87195.1167494059	83988.0580621958	0.3786934078	1091.5953333333	0.5000000000	
83987.6974161466	84063.5927408934	317.4294817350	87259.9463703235	83987.6974161466	0.3799219995	1090.7333333333	0.5000000000	
83987.1139083306	84057.1149617434	317.3255039178	87279.7183910012	83987.1139083306	0.3761987024	1082.8020000000	0.5000000000	
83986.0656474034	84055.2500575781	316.8644501283	87185.5178078016	83986.0656474034	0.3785456793	1087.1140000000	0.5000000000	
83985.6106005112	84053.1533509493	316.4978638213	87216.3268666466	83985.6106005112	0.3776192541	1084.7833333333	0.5000000000	
83985.4775649309	84053.1533509493	316.6866796302	87168.7472468615	83985.4775649309	0.3781086258	1087.2346666667	0.5000000000	
83985.0880090396	84050.0335186720	316.4007575765	87401.9723330935	83985.0880090396	0.3775362650	1086.2426666667	0.5000000000	
83984.0160326163	84044.5118337870	315.9841889176	87159.9647641182	83984.0160326163	0.3781547459	1086.7973333333	0.5000000000	
83982.6835022370	84044.5118337870	315.0488388153	87224.3149676919	83982.6835022370	0.3761198433	1084.0613333333	0.5000000000	
83981.6761551301	84043.5954511166	315.0417096673	87185.9306501349	83981.6761551301	0.3783395848	1088.2126666667	0.5000000000	
83981.0981869698	84043.5954511166	315.3209699806	87148.4384893378	83981.0981869698	0.3782707621	1088.1926666667	0.5000000000	
83981.0244280100	84043.5954511166	315.3415568524	87460.3458075722	83981.0244280100	0.3828609307	1099.6420000000	0.5000000000	
83979.8496603966	84043.5954511166	314.7437964309	87159.6961290638	83979.8496603966	0.3785581718	1089.1473333333	0.5000000000	
83978.9431438843	84043.0693805218	314.9734344123	87300.4511167606	83978.9431438843	0.3786332217	1089.1173333333	0.5000000000	
83978.1215157111	84039.3113583326	315.2499560326	87105.2733688553	83978.1215157111	0.3764383623	1081.2946666667	0.5000000000	
83978.0885297060	84039.3113583326	315.2218675541	87258.2278195024	83978.0885297060	0.3783727900	1085.3546666667	0.5000000000	
83977.7704120676	84039.1957402229	315.4412394237	87197.5599906842	83977.7704120676	0.3795772342	1091.7466666667	0.5000000000	
83977.5343792637	84039.1957402229	315.8065144647	87415.1878026128	83977.5343792637	0.3795305288	1087.9453333333	0.5000000000	
83976.8514510989	84034.3983203173	315.6169106261	87297.5739449263	83976.8514510989	0.3778718925	1084.5220000000	0.5000000000	
83976.4761464794	84034.3983203173	316.1864542604	87201.0848871867	83976.4761464794	0.3762536584	1079.4606666667	0.5000000000	
83976.2624244889	84034.3983203173	316.1438243460	87288.9187008142	83976.2624244889	0.3769017685	1080.2826666667	0.5000000000	
83976.1799143751	84034.3983203173	316.0718823755	87094.9228503307	83976.1799143751	0.3769691951	1082.7453333333	0.5000000000	
83976.0911505421	84034.3983203173	316.1410822212	87246.7892114321	83976.0911505421	0.3759836106	1077.7300000000	0.5000000000	
83975.3190607826	84032.7519088984	315.3345234932	87197.5011610985	83975.3190607826	0.3733963256	1072.7420000000	0.5000000000	
83974.6460502346	84032.7519088984	315.5585969025	87117.6195636392	83974.6460502346	0.3748999886	1077.7960000000	0.5000000000	
83974.3877467513	84032.7519088984	315.7253125277	87163.0617768566	83974.3877467513	0.3788467588	1086.7220000000	0.5000000000	
83973.8586168488	84028.3407479525	315.6142091905	87115.7887767752	83973.8586168488	0.3777027380	1083.7940000000	0.5000000000	
83972.7373006940	84028.3407479525	315.5513885635	87314.9069640040	83972.7373006940	0.3795001890	1082.2040000000	0.5000000000	
83971.4088163773	84025.4667192698	316.6068295929	87520.1096510887	83971.4088163773	0.3764697689	1079.8613333333	0.5000000000	
83970.9867417812	84025.4667192698	316.3459841198	87343.9626154304	83970.9867417812	0.3778650542	1082.2546666667	0.5000000000	
83970.2585529288	84023.1582194567	316.4757822543	87281.3621936242	83970.2585529288	0.3766936403	1079.8300000000	0.5000000000	
83969.1522907217	84023.1582194567	318.1883703141	87431.3266171018	83969.1522907217	0.3774839399	1085.4346666667	0.5000000000	
83968.3378611008	84023.1582194567	317.2971405675	87226.0430567463	83968.3378611008	0.3784849857	1088.4020000000	0.5000000000	
83968.3367127180	84023.1582194567	317.2980217864	87164.3727831046	83968.3367127180	0.3776001269	1082.1926666667	0.5000000000	
83968.1213621299	84023.1582194567	317.5803352374	87401.3998839259	83968.1213621299	0.3735987268	1070.1760000000	0.5000000000	
83967.5708960493	84023.1582194567	317.4871218351	87203.7144906322	83967.5708960493	0.3777125608	1082.2020000000	0.5000000000	
83967.0191314816	84020.4409211874	317.1986465286	87044.3665884932	83967.0191314816	0.3779527652	1082.8733333333	0.5000000000	
83966.7028138041	84020.4409211874	317.0105119961	87285.1536691189	83966.7028138041	0.3803130095	1091.1933333333	0.5000000000	
83966.0744654139	84020.4409211874	316.7186019721	87077.6739384731	83966.0744654139	0.3771094345	1081.2306666667	0.5000000000	
83965.4202837745	84015.5515491962	316.4463885512	87155.7651960850	83965.4202837745	0.3767346755	1084.1800000000	0.5000000000	
83965.1615880926	84015.4383003712	316.3092482123	86957.5663423538	83965.1615880926	0.3758794471	1080.8213333333	0.5000000000	
83964.9956004818	84015.4383003712	316.3198931750	87340.3891612093	83964.9956004818	0.3780124548	1085.3193333333	0.5000000000	
83964.6411700050	84015.4383003712	315.9016359659	87284.3212829034	83964.6411700050	0.3784621245	1087.0286666667	0.5000000000	
83964.2501919468	84015.4383003712	316.1943280004	87318.8368350267	83964.2501919468	0.3807763422	1093.9306666667	0.5000000000	
83963.5270290573	84012.3784899712	316.2000032883	87169.2080595096	83963.5270290573	0.3789075126	1090.4306666667	0.5333333333	
83963.1702590982	84012.3784899712	315.9877057335	87251.1571581165	83963.1702590982	0.3809087802	1095.2973333333	0.5333333333	
83962.0816968878	84012.3784899712	315.9355304425	87468.3400010069	83962.0816968878	0.3816854158	1097.6820000000	0.5333333333	
83961.0500147939	84007.7628314495	315.7096262211	87276.7127590378	83961.0500147939	0.3790847799	1092.2760000000	0.5333333333	
83960.5587467551	84005.4555803537	316.0671512952	87202.8463932872	83960.5587467551	0.3777216684	1085.6633333333	0.5333333333	
83960.2546992898	84005.4555803537	316.5086767726	87128.7814961870	83960.2546992898	0.3764936005	1079.5286666667	0.5333333333	
83959.4968868295	84005.4218858480	316.7250274202	86983.5953745246	83959.4968868295	0.3753733569	1079.1926666667	0.5333333333	
83959.1054887573	84003.2012313604	316.6586582167	87159.9396461248	83959.1054887573	0.3753443139	1079.6173333333	0.5333333333	
83958.8417771459	84003.2012313604	316.8141166369	87302.2657121221	83958.8417771459	0.3784853549	1085.7426666667	0.5333333333	
83957.9974433780	84003.2012313604	317.2450209351	87210.0374978781	83957.9974433780	0.3785795798	1085.9360000000	0.5333333333	
83957.5900386771	84001.8264651299	317.2007703822	87401.5389364958	83957.5900386771	0.3772406389	1081.8420000000	0.5333333333	
83957.0064348976	84001.8264651299	317.4532074723	87328.0600909392	83957.0064348976	0.3776240388	1083.7380000000	0.5333333333	
83956.3346659144	84001.8264651299	317.6040865573	87260.0851172209	83956.3346659144	0.3793664813	1090.0466666667	0.5333333333	
83955.6966470679	83997.6149141788	317.5306784619	87196.5510491530	83955.6966470679	0.3792045924	1084.9253333333	0.5333333333	
83955.3933132688	83997.6149141788	317.6087735542	87198.7482366959	83955.3933132688	0.3780755734	1084.5920000000	0.5333333333	
83954.1190740466	83997.6149141788	318.9982860306	87048.2812197010	83954.1190740466	0.3785003605	1086.0400000000	0.5333333333	
83952.7711327871	83996.6241657734	318.8915902245	87338.5819342732	83952.7711327871	0.3763597913	1077.9813333333	0.5666666667	
83952.6336725553	83996.6241657734	318.9077767982	87164.1052082181	83952.6336725553	0.3765320255	1078.8393333333	0.5666666667	
83952.1305364370	83996.6241657734	318.7812239822	87178.1149018804	83952.1305364370	0.3746588332	1076.1200000000	0.5666666667	
83951.9959491491	83996.6241657734	318.6900440537	87228.6237530907	83951.9959491491	0.3756842158	1076.5993333333	0.5666666667	
83951.7145365477	83996.6241657734	318.7745165593	87237.0456921061	83951.7145365477	0.3771138436	1079.6046666667	0.5666666667	
83951.2428277731	83996.6241657734	318.7562081261	87127.8774550557	83951.2428277731	0.3772947673	1079.1586666667	0.5666666667	
83950.0679959853	83994.3290859461	319.1181450588	87328.5835155845	83950.0679959853	0.3777296518	1084.6153333333	0.5666666667	
83950.0679959853	83994.3290859461	319.1181450588	87190.9666672349	83950.0679959853	0.3763144406	1080.7026666667	0.5666666667	
83949.6506186326	83994.3290859461	319.2244986541	87413.6282370488	83949.6506186326	0.3764434962	1082.6266666667	0.5666666667	
83948.8850500186	83994.3290859461	318.6893320975	87258.6075356603	83948.8850500186	0.3750064137	1076.1466666667	0.5666666667	
83948.4319420656	83994.3290859461	319.1824015977	87172.9894955953	83948.4319420656	0.3764715616	1077.8506666667	0.5666666667	
83948.3294888337	83994.3290859461	319.2163916366	87060.5836070577	83948.3294888337	0.3760601255	1075.6420000000	0.5666666667	
83947.4363040924	83994.3290859461	320.3906425506	87174.5992950598	83947.4363040924	0.3739987879	1073.7826666667	0.5666666667	
83947.2713975112	83994.3290859461	320.1600796572	87342.3189418515	83947.2713975112	0.3787396567	1087.9820000000	0.5666666667	
83946.9914015134	83994.3290859461	319.9451358940	87241.0980045795	83946.9914015134	0.3769178396	1081.9113333333	0.5666666667	
83946.6500498851	83989.3355518579	319.9421210798	87236.5531568726	83946.6500498851	0.3771324043	1084.1953333333	0.5666666667	
83946.4991937081	83989.3355518579	319.8510735798	87304.0798184276	83946.4991937081	0.3760227991	1081.1753333333	0.5666666667	
83946.1774369081	83989.2946183681	319.5241780359	86931.2477291624	83946.1774369081	0.3735752638	1074.0533333333	0.5666666667	
83945.7423625390	83989.2946183681	319.8335487584	87153.3379695813	83945.7423625390	0.3780024505	1085.4540000000	0.5666666667	
83945.1827528079	83985.2238088846	319.9713356497	87217.3921752969	83945.1827528079	0.3755870844	1078.9653333333	0.5666666667	
83944.7354636590	83985.2238088846	320.6030969986	87293.5692933202	83944.7354636590	0.3748425037	1075.5300000000	0.5666666667	
83944.0521176656	83980.4866462946	320.3315225582	87329.2213136951	83944.0521176656	0.3770180542	1079.2760000000	0.5666666667	
83943.4687736630	83980.4866462946	319.7244545276	87222.4884492159	83943.4687736630	0.3773306601	1081.9873333333	0.5666666667	
83943.2017271717	83980.4866462946	319.7017394623	86977.9216269652	83943.2017271717	0.3720770714	1071.2920000000	0.5666666667	
83942.4843367934	83979.3313980103	319.4088701881	87078.6107811332	83942.4843367934	0.3770678734	1084.1626666667	0.6000000000	
83942.3759751519	83977.7059733868	319.4129814593	87148.9389249682	83942.3759751519	0.3768768149	1081.4820000000	0.6000000000	
83941.2487925092	83977.7059733868	319.8907339186	87270.8387966951	83941.2487925092	0.3781039979	1083.3706666667	0.6000000000	
83940.9519834320	83977.7059733868	320.2357529133	87254.1937431693	83940.9519834320	0.3777007751	1084.4993333333	0.6000000000	
83940.3821517030	83977.7059733868	320.2144910188	87295.0378246109	83940.3821517030	0.3781584596	1085.6060000000	0.6000000000	
83940.0530359149	83977.7059733868	320.3305436494	87182.8420928121	83940.0530359149	0.3783247039	1085.0413333333	0.6000000000	
83939.5172451933	83973.1048822403	320.3618118852	87158.7120049198	83939.5172451933	0.3776402303	1081.2906666667	0.6000000000	
83939.4146675865	83973.1048822403	320.2808791451	87253.8827617963	83939.4146675865	0.3759374633	1077.3660000000	0.6000000000	
83938.9566831787	83973.1048822403	320.1007110571	87236.2187972665	83938.9566831787	0.3793439324	1085.6206666667	0.6000000000	
83938.2779023051	83973.1048822403	320.0360053419	87253.9295191566	83938.2779023051	0.3783892971	1087.4240000000	0.6000000000	
83937.7109470963	83972.3094880581	320.0975970458	86956.4616293709	83937.7109470963	0.3780498195	1085.9160000000	0.6000000000	
83935.8619665106	83970.2456623316	318.3821612797	87180.3363421559	83935.8619665106	0.3807329890	1092.0153333333	0.6000000000	
83935.6989019116	83970.2456623316	318.1874822933	87069.5532020926	83935.6989019116	0.3760467752	1078.8500000000	0.6000000000	
83935.2965703607	83970.2456623316	318.2156712151	87434.4779520233	83935.2965703607	0.3773581091	1079.7360000000	0.6000000000	
83935.0555414955	83968.6812192202	318.2139925571	87123.2308063904	83935.0555414955	0.3767237263	1076.5853333333	0.6000000000	
83934.9704887470	83968.6812192202	318.3066955523	87107.1375741561	83934.9704887470	0.3752510274	1073.9466666667	0.6000000000	
83934.9342670043	83968.6812192202	318.2886495087	87033.8435534636	83934.9342670043	0.3742135278	1068.7613333333	0.6000000000	
83934.8093660672	83968.6565428972	318.2220561081	87229.4787036379	83934.8093660672	0.3747697573	1072.4966666667	0.6000000000	
83934.2573646704	83968.6565428972	318.0560939816	87089.7194244464	83934.2573646704	0.3743734946	1070.8753333333	0.6333333333	
83933.8522616029	83968.6565428972	317.8599860953	87076.7255593340	83933.8522616029	0.3764112494	1079.1366666667	0.6333333333	
83932.5751311580	83968.6565428972	316.6625168103	86954.2081639171	83932.5751311580	0.3733346458	1066.4333333333	0.6333333333	
83931.6869873802	83968.6565428972	316.3884570840	87031.8933432301	83931.6869873802	0.3767462447	1074.5353333333	0.6333333333	
83931.4603357514	83967.0507103205	316.5668200622	87089.6560261647	83931.4603357514	0.3753422768	1071.3566666667	0.6333333333	
83931.4178157846	83967.0507103205	316.6432964891	87459.7470290462	83931.4178157846	0.3779123002	1078.3973333333	0.6333333333	
83931.0805768768	83965.8723980188	316.7642639823	87251.1246126890	83931.0805768768	0.3782289537	1081.7513333333	0.6333333333	
83930.4700813691	83965.1864022017	316.3648549852	87381.0523615281	83930.4700813691	0.3774137951	1082.2846666667	0.6333333333	
83929.8149476449	83964.6390885115	315.9286257093	87137.1340847015	83929.8149476449	0.3747487108	1074.9726666667	0.6333333333	
83929.6555562814	83964.6390885115	315.7987623555	87285.4261627793	83929.6555562814	0.3772595950	1080.3160000000	0.6333333333	
83929.4640864929	83964.6390885115	315.8375653049	87102.9651945829	83929.4640864929	0.3753963813	1074.3673333333	0.6333333333	
83929.2734416326	83964.6390885115	316.1170940868	87149.9648058414	83929.2734416326	0.3744161870	1068.9886666667	0.6333333333	
83928.6991512775	83964.6390885115	316.3004395458	87143.6543349425	83928.6991512775	0.3771913335	1078.3086666667	0.6333333333	
83928.1900034348	83963.9094084501	316.5816081814	87335.5967991551	83928.1900034348	0.3742256276	1069.3300000000	0.6333333333	
83927.8760514657	83963.9094084501	316.3943100664	87101.0200321674	83927.8760514657	0.3786186750	1081.9913333333	0.6333333333	
83927.8270860513	83963.9094084501	316.3856774770	87170.1956839363	83927.8270860513	0.3774844021	1077.6453333333	0.6333333333	
83927.4559883277	83963.9094084501	316.1020541819	87398.5213150581	83927.4559883277	0.3783803203	1079.2886666667	0.6333333333	
83927.3866212368	83963.6600583792	316.0764281965	87196.7213833332	83927.3866212368	0.3789252042	1079.6993333333	0.6333333333	
83927.2254200776	83963.6600583792	316.1367947712	87393.4437656403	83927.2254200776	0.3785914599	1080.6753333333	0.6333333333	
83926.3199553887	83963.6600583792	315.6524316344	87464.3980280558	83926.3199553887	0.3782712688	1078.5166666667	0.6333333333	
83926.1325639486	83963.6600583792	315.7082857088	87372.5662324826	83926.1325639486	0.3777066747	1082.1106666667	0.6333333333	
83925.7578249772	83963.6600583792	315.9245263769	87258.2507199049	83925.7578249772	0.3778951385	1080.2106666667	0.6333333333	
83925.3848956029	83963.6449813843	315.6733108535	87166.6338342428	83925.3848956029	0.3783126999	1083.1073333333	0.6333333333	
83924.9629455805	83963.6449813843	315.5178764111	87064.5522430539	83924.9629455805	0.3739029873	1072.4926666667	0.6333333333	
83924.7946465015	83963.6449813843	315.4111124069	87456.9670332472	83924.7946465015	0.3764788380	1078.1746666667	0.6333333333	
83924.5518996318	83963.0929112434	315.3196109484	87151.6564164559	83924.5518996318	0.3763612636	1075.7860000000	0.6333333333	
83924.4712829590	83961.8836611509	315.2992847179	87044.5480974515	83924.4712829590	0.3756961572	1077.5560000000	0.6333333333	
83924.4022136927	83961.8836611509	315.2803164584	87110.9907648961	83924.4022136927	0.3774946862	1078.5026666667	0.6333333333	
83924.0213966370	83960.9471261501	314.9661907703	87290.8233947555	83924.0213966370	0.3750546892	1075.0953333333	0.6333333333	
83923.4278237820	83958.4791779518	315.0088500779	87197.6530654232	83923.4278237820	0.3765649093	1077.8046666667	0.6333333333	
83923.1390527884	83958.4791779518	314.8949786751	87120.0905539592	83923.1390527884	0.3739900680	1071.6540000000	0.6333333333	
83923.0472101768	83958.4791779518	314.9329291690	87285.3791662057	83923.0472101768	0.3740904269	1070.2353333333	0.6333333333	
83923.0129194260	83958.4791779518	314.9661266788	87230.4702171683	83923.0129194260	0.3768839045	1080.0953333333	0.6333333333	
83922.7501368523	83958.4791779518	315.0232185872	87081.0623248418	83922.7501368523	0.3753246883	1076.2186666667	0.6333333333	
83922.3516251643	83953.3020257950	314.9587814055	87297.0678852002	83922.3516251643	0.3778047915	1080.7873333333	0.6333333333	
83922.1865922213	83953.3020257950	314.8332848467	87433.1531820695	83922.1865922213	0.3789166212	1087.4853333333	0.6333333333	
83921.9302558899	83953.3020257950	314.7393199538	87174.1262651483	83921.9302558899	0.3740378437	1074.3320000000	0.6333333333	
83921.1219427983	83953.3020257950	314.9610295258	87074.3095286687	83921.1219427983	0.3751716870	1074.2786666667	0.6333333333	
83920.9372404218	83953.3020257950	314.9802830895	87157.8050904473	83920.9372404218	0.3752584160	1074.4500000000	0.6333333333	
83920.9372404218	83953.3020257950	314.9802830895	87192.6880048712	83920.9372404218	0.3764654406	1078.3633333333	0.6333333333	
83920.7298357288	83953.3020257950	314.9649018711	87171.4707973599	83920.7298357288	0.3791725956	1091.0746666667	0.6333333333	
83920.6676935156	83953.3020257950	315.0698976875	87184.7107117375	83920.6676935156	0.3789854054	1088.6820000000	0.6333333333	
83920.3966040413	83953.3020257950	315.4864144400	87103.4441626072	83920.3966040413	0.3773808298	1085.0680000000	0.6333333333	
83919.9903415640	83952.6067912579	315.7704492842	87227.3774835467	83919.9903415640	0.3759309174	1079.8600000000	0.6333333333	
83919.9211501082	83952.6067912579	315.7938626829	87441.5714834134	83919.9211501082	0.3763469434	1082.3086666667	0.6333333333	
83919.8058520754	83950.8773207664	315.7949059221	87255.7831116517	83919.8058520754	0.3778133514	1082.8773333333	0.6333333333	
83919.6425220370	83948.4273701906	315.7605500477	87308.0525789658	83919.6425220370	0.3775798523	1086.2426666667	0.6333333333	
83919.5123262207	83948.4273701906	315.8320617769	87229.6233141422	83919.5123262207	0.3766347811	1082.5473333333	0.6333333333	
83919.3853792548	83948.4273701906	315.8665422648	87259.9847344557	83919.3853792548	0.3766215471	1082.2606666667	0.6333333333	
83919.1914257407	83948.4273701906	315.9722127642	87014.0384474397	83919.1914257407	0.3777235418	1085.5173333333	0.6333333333	
83919.1914257407	83948.4273701906	315.9722127642	87283.4298453728	83919.1914257407	0.3794701148	1086.3440000000	0.6333333333	
83918.5227285822	83948.4273701906	316.5264105280	87110.8172274629	83918.5227285822	0.3774624472	1081.3720000000	0.6333333333	
83918.5227285822	83948.4273701906	316.5264105280	87449.4826918840	83918.5227285822	0.3755089550	1075.0733333333	0.6333333333	
83918.2111993432	83947.3520010710	316.2610046368	87463.3314091961	83918.2111993432	0.3771811738	1078.6120000000	0.6333333333	
83918.1671860814	83947.3520010710	316.2173403182	87078.5814276338	83918.1671860814	0.3730131890	1066.5653333333	0.6333333333	
83917.8549326460	83947.3520010710	316.3065362718	87061.8935416142	83917.8549326460	0.3733159401	1064.1580000000	0.6333333333	
83917.8203232090	83947.3520010710	316.3241302924	87210.4497781396	83917.8203232090	0.3795584476	1084.0913333333	0.6333333333	
83917.7192810178	83947.0282375813	316.2745354949	87340.7138408224	83917.7192810178	0.3796575662	1087.6153333333	0.6333333333	
83917.6515006026	83947.0282375813	316.2277494920	87170.2579913537	83917.6515006026	0.3777111059	1080.1960000000	0.6333333333	
83917.4016883969	83947.0282375813	316.6594999125	87146.7486672600	83917.4016883969	0.3755734225	1075.4026666667	0.6333333333	
83916.8258991838	83947.0282375813	316.5472834648	87246.4139263829	83916.8258991838	0.3778050579	1082.8506666667	0.6333333333	
83916.7934763432	83947.0282375813	316.5151226673	87469.0747267008	83916.7934763432	0.3773455959	1080.6486666667	0.6333333333	
83916.6830956936	83947.0282375813	316.4601443416	87223.9768242836	83916.6830956936	0.3780231511	1081.4940000000	0.6333333333	
83916.6830956936	83947.0282375813	316.4601443416	87055.7686415315	83916.6830956936	0.3741416798	1072.8453333333	0.6333333333	
83915.7228451967	83947.0282375813	316.7713840868	87268.1069620450	83915.7228451967	0.3763427424	1075.8606666667	0.6333333333	
83915.7228451967	83947.0282375813	316.7713840868	87169.1800451279	83915.7228451967	0.3743669403	1073.9153333333	0.6333333333	
83915.5745426814	83947.0282375813	316.7922061255	87402.9757220546	83915.5745426814	0.3765347846	1076.0633333333	0.6333333333	
83915.1965357860	83947.0282375813	316.8653135196	87347.6336618264	83915.1965357860	0.3766126550	1075.5740000000	0.6333333333	
83915.1965357860	83947.0282375813	316.8653135196	87265.7060950001	83915.1965357860	0.3754787890	1073.7826666667	0.6333333333	
83915.1965357860	83947.0282375813	316.8653135196	87353.3219540119	83915.1965357860	0.3795766696	1085.3120000000	0.6333333333	
83914.8007635276	83947.0282375813	316.7851466713	87184.2550036311	83914.8007635276	0.3782961435	1081.8066666667	0.6333333333	
83914.3181598186	83947.0282375813	316.3589970267	86971.1968433857	83914.3181598186	0.3760842817	1076.0900000000	0.6333333333	
83913.5441178083	83945.6686377525	316.4922003232	87268.1337742011	83913.5441178083	0.3773948193	1080.7866666667	0.6666666667	
83913.4216348330	83945.6686377525	316.3037641968	87081.1630292733	83913.4216348330	0.3784155447	1081.0093333333	0.6666666667	
83913.2632412513	83945.6686377525	316.2128800382	87209.7217884660	83913.2632412513	0.3765953414	1074.0400000000	0.6666666667	
