Mean	Median	StdDev	Max	Min	Entropy	Hamming	RLD
90059.2032787204	89894.3753436208	675.3480134476	93214.3467600147	90059.2032787204	0.7919798462	1729.9266666667	0.0000000000	
88000.7104937236	87988.3813321590	508.7822641202	89567.1113191048	88000.7104937236	0.6245873696	1280.6366666667	0.0000000000	
86930.5139565468	86902.0314127207	509.1647075507	87807.1634261807	86930.5139565468	0.4795319431	879.3233333333	0.0000000000	
86272.4001888434	86226.6107186675	524.5258406238	86788.3232243856	86272.4001888434	0.3582821316	624.5560000000	0.0000000000	
85838.3115949233	85824.7299507260	518.7044546095	86160.6416426102	85838.3115949233	0.2599661380	421.3486666667	0.0000000000	
85510.5180649956	85483.4944620728	499.4979251280	85737.9138263067	85510.5180649956	0.1898920708	280.5740000000	0.0000000000	
85318.0146135886	85327.8067544103	494.0778470834	85448.8183225195	85318.0146135886	0.1248538167	151.0806666667	0.0000000000	
85192.7255074183	85214.7850930691	488.9215113216	85279.0433200200	85192.7255074183	0.0942787539	103.0760000000	0.0666666667	
85102.1693489949	85147.9100972414	484.7641398139	85163.0880322059	85102.1693489949	0.0661181943	67.4120000000	0.0666666667	
85031.1225430171	85043.6360597610	476.5412093914	85073.2254448533	85031.1225430171	0.0433913859	34.7433333333	0.1000000000	
84972.3610391219	84983.8149338961	474.5733986545	85005.5748646458	84972.3610391219	0.0305177041	19.8146666667	0.1666666667	
84925.4129260778	84941.9412910938	474.8380444914	84955.0479205449	84925.4129260778	0.0264380797	15.0326666667	0.1666666667	
84888.7701463699	84901.5665084124	477.4467399905	84911.1492439111	84888.7701463699	0.0221992735	10.5473333333	0.2333333333	
84855.8471966783	84859.0764582157	474.4662926546	84874.6979884307	84855.8471966783	0.0183951207	8.3246666667	0.2666666667	
84824.7136893868	84787.0344370604	473.8505527343	84844.0949447950	84824.7136893868	0.0160806672	6.6926666667	0.3000000000	
84802.1564249198	84761.9147926569	466.1251373290	84812.8842789928	84802.1564249198	0.0108324491	3.5093333333	0.3000000000	
84780.4829633236	84753.2068908215	465.9169218855	84793.8912743330	84780.4829633236	0.0111262212	3.1780000000	0.3000000000	
84764.1541829705	84711.1260741949	466.1217263465	84773.8132782777	84764.1541829705	0.0092213191	2.7826666667	0.3000000000	
84750.4154542089	84694.5964530110	465.8208563507	84757.6345805327	84750.4154542089	0.0077557029	2.0060000000	0.3333333333	
84730.6362902125	84673.0623915792	463.7438890456	84742.3268939058	84730.6362902125	0.0085111154	2.1753333333	0.3666666667	
84713.0728515983	84654.3451949954	461.9223279961	84724.1550977031	84713.0728515983	0.0067852966	2.3566666667	0.3666666667	
84698.5779341062	84637.7092674375	457.0236877496	84706.3354792197	84698.5779341062	0.0058229757	1.3840000000	0.3666666667	
84687.0107409358	84624.1319492459	455.7572292597	84693.4725526969	84687.0107409358	0.0057334049	1.1393333333	0.3666666667	
84676.3782945275	84622.0385119319	450.8303149447	84682.1307115753	84676.3782945275	0.0041024671	1.1340000000	0.3666666667	
84664.7511874636	84616.3805767894	450.2865506566	84670.8517312010	84664.7511874636	0.0050873286	1.4333333333	0.3666666667	
84654.8875660698	84611.3366588950	451.7902996029	84661.7823677262	84654.8875660698	0.0058803881	1.6900000000	0.3666666667	
84644.2754035195	84604.7786906362	451.0582901187	84651.9775558511	84644.2754035195	0.0063049038	1.4213333333	0.3666666667	
84633.0806155006	84600.8119195700	452.8280015269	84638.6524491509	84633.0806155006	0.0039415364	0.8780000000	0.4000000000	
84625.8596278230	84597.2649008036	451.1371631498	84630.0349135200	84625.8596278230	0.0032475606	0.7713333333	0.4000000000	
84619.1108706594	84592.4930125475	449.0243668298	84623.6408584317	84619.1108706594	0.0037662383	0.9613333333	0.4000000000	
84614.4156633814	84590.5966877937	448.6024374769	84617.9021796584	84614.4156633814	0.0035554053	0.9646666667	0.4000000000	
84607.4726989865	84584.0396910906	448.2656621142	84611.9428130984	84607.4726989865	0.0041927442	0.7533333333	0.4000000000	
84600.0573955973	84556.8755343556	447.3737507920	84605.4667639732	84600.0573955973	0.0041474705	0.6240000000	0.4000000000	
84595.0675045450	84556.8755343556	446.7044921151	84597.6457145810	84595.0675045450	0.0022629932	0.2666666667	0.4333333333	
84586.9380471110	84549.1892978549	445.1596719532	84592.9636167486	84586.9380471110	0.0040276316	0.7093333333	0.4333333333	
84582.2307754556	84543.6126753688	445.1228017429	84585.0882994135	84582.2307754556	0.0025271684	0.4686666667	0.4333333333	
84578.6837163568	84542.1204581857	446.1965696386	84581.1861261725	84578.6837163568	0.0021386428	0.3993333333	0.4666666667	
84573.7072929740	84538.4832382202	444.3593899216	84577.2054448724	84573.7072929740	0.0031145327	0.4900000000	0.4666666667	
84566.8737458189	84537.0348349214	443.5252803055	84569.4073779384	84566.8737458189	0.0017560929	0.4360000000	0.4666666667	
84561.6709221403	84528.7577852607	444.4533535045	84564.8261881868	84561.6709221403	0.0024298255	0.5573333333	0.4666666667	
84556.4062848687	84523.6511513591	445.0633605339	84560.4304266969	84556.4062848687	0.0020076695	0.2953333333	0.4666666667	
84551.7418203751	84521.6158613563	444.0604680215	84554.9012570580	84551.7418203751	0.0026379182	0.3586666667	0.5000000000	
84546.5413141251	84512.5792011619	443.9583506015	84549.9926201503	84546.5413141251	0.0025253675	0.4220000000	0.5000000000	
84541.6289007664	84508.5170879960	444.7986161637	84544.6928111712	84541.6289007664	0.0023614190	0.2746666667	0.5000000000	
84537.5619055827	84506.7741349339	446.1506763886	84540.3781996171	84537.5619055827	0.0017017595	0.4346666667	0.5000000000	
84533.8007464011	84502.7921512723	445.6632950579	84536.6098908583	84533.8007464011	0.0029834092	0.6726666667	0.5000000000	
84529.9918282032	84499.3938907981	445.4425242462	84531.9790486495	84529.9918282032	0.0024335528	0.3286666667	0.5000000000	
84527.3377688726	84498.2370600104	445.1106668031	84528.8760753473	84527.3377688726	0.0015874697	0.3033333333	0.5000000000	
84524.7157307466	84489.7145316005	444.5183574588	84526.6092914343	84524.7157307466	0.0016840707	0.1980000000	0.5000000000	
84522.5776958466	84489.5634785295	444.1154149764	84523.9163708687	84522.5776958466	0.0012866755	0.1680000000	0.5000000000	
84519.7918864091	84487.9587128758	444.7258548634	84521.3768839836	84519.7918864091	0.0007379764	0.1293333333	0.5000000000	
84517.7560263872	84486.6587623954	443.9973492252	84519.4992401202	84517.7560263872	0.0011855807	0.2740000000	0.5000000000	
84515.2174464862	84485.3080138564	443.9771603382	84516.3244495789	84515.2174464862	0.0010550260	0.1653333333	0.5333333333	
84512.3079667489	84483.6049094796	444.5701410036	84513.6523691813	84512.3079667489	0.0010844530	0.2920000000	0.5333333333	
84509.0452845891	84483.1788912416	445.2828696764	84511.0544710358	84509.0452845891	0.0015267266	0.2866666667	0.5333333333	
84507.7324738105	84480.8448061347	445.3750327699	84508.5159675280	84507.7324738105	0.0009356720	0.1100000000	0.5333333333	
84505.6543046236	84478.4101143479	445.2585083255	84507.2572664420	84505.6543046236	0.0014064767	0.3020000000	0.5333333333	
84503.7149127324	84478.4101143479	445.8753852738	84504.7193900744	84503.7149127324	0.0008863466	0.0940000000	0.5333333333	
84502.5090362628	84478.4101143479	445.7923653332	84503.2716880242	84502.5090362628	0.0008883747	0.2046666667	0.5333333333	
84500.3105274836	84478.0791476369	446.6099307119	84501.8376841148	84500.3105274836	0.0015463472	0.2393333333	0.5333333333	
84499.5567440987	84478.0791476369	446.5676195467	84500.1697389285	84499.5567440987	0.0008119871	0.0340000000	0.5333333333	
84498.2929992676	84476.0796770453	446.5108500834	84499.0109537045	84498.2929992676	0.0007149039	0.1760000000	0.5333333333	
84496.9280022383	84475.8125141263	445.7691429784	84497.9630732536	84496.9280022383	0.0012602873	0.2426666667	0.5333333333	
84495.3352550666	84474.2827519774	445.9520863612	84496.5846435229	84495.3352550666	0.0010344941	0.1686666667	0.5333333333	
84492.7298531930	84473.8213792443	446.2136693092	84494.0818701188	84492.7298531930	0.0010510647	0.1273333333	0.5333333333	
84491.5215259790	84473.8213792443	446.2720467779	84492.0221120119	84491.5215259790	0.0003874765	0.0420000000	0.5333333333	
84490.5055475235	84473.8213792443	446.8024796172	84491.2242851655	84490.5055475235	0.0005968503	0.1146666667	0.5333333333	
84489.6357973417	84473.2262745500	446.4211880021	84490.1689422131	84489.6357973417	0.0009561349	0.1940000000	0.5333333333	
84488.0335375667	84469.3083092570	446.9207923158	84488.9395245910	84488.0335375667	0.0011218449	0.0793333333	0.5333333333	
84487.2098893921	84468.9214572310	446.7085464065	84487.6085037986	84487.2098893921	0.0005982056	0.0320000000	0.5333333333	
84485.7915634910	84468.6048820615	447.1752866833	84486.5412677328	84485.7915634910	0.0003316055	0.0760000000	0.5333333333	
84484.2274692655	84464.2192855477	446.8765480247	84485.2229393522	84484.2274692655	0.0010426885	0.0900000000	0.5333333333	
84481.4047810435	84464.2192855477	442.8530179634	84483.8601427277	84481.4047810435	0.0005206317	0.0873333333	0.5333333333	
84480.5613226692	84462.2089937329	442.9473183726	84481.1415808399	84480.5613226692	0.0005510913	0.1013333333	0.5333333333	
84478.6959786216	84461.8171319366	441.3966502506	84480.3749023875	84478.6959786216	0.0004940009	0.0720000000	0.5333333333	
84477.0129143198	84461.7646887898	441.3905998825	84478.5070352753	84477.0129143198	0.0007935260	0.1366666667	0.5333333333	
84475.9762798746	84461.6947755218	441.1877258781	84476.5982152025	84475.9762798746	0.0007742667	0.0880000000	0.5333333333	
84474.1084157427	84460.5127379298	440.5316701956	84475.7026015719	84474.1084157427	0.0008651751	0.1366666667	0.5333333333	
84472.3112580180	84460.5127379298	439.1793363303	84473.4173058470	84472.3112580180	0.0007459877	0.0786666667	0.5333333333	
84471.0001801451	84460.5127379298	439.2838929708	84471.9428464770	84471.0001801451	0.0007145718	0.0706666667	0.5333333333	
84468.6571479837	84460.3044316173	441.5708953943	84470.7738559445	84468.6571479837	0.0012514059	0.0673333333	0.5333333333	
84467.6219655077	84459.4562217593	441.5940014146	84468.3249202371	84467.6219655077	0.0006952966	0.0493333333	0.5333333333	
84465.7062395414	84456.1537578702	440.5835137129	84467.4065226316	84465.7062395414	0.0013907935	0.2360000000	0.5333333333	
84463.8572778304	84455.6324079633	439.4094893280	84465.1431872447	84463.8572778304	0.0009675289	0.3000000000	0.5333333333	
84462.8377268712	84453.4282222390	439.2624299699	84463.6518204212	84462.8377268712	0.0004302751	0.0520000000	0.5333333333	
84461.6554540396	84453.4282222390	439.6588273685	84462.4099888404	84461.6554540396	0.0007565534	0.0493333333	0.5333333333	
84460.4491591454	84451.7769500613	440.4643734128	84461.3056574265	84460.4491591454	0.0007454575	0.1526666667	0.5333333333	
84459.7595174114	84451.5350952744	440.8529830374	84460.0875835617	84459.7595174114	0.0003538112	0.0186666667	0.5333333333	
84458.5964031021	84451.1196598411	440.9917982430	84459.4911349813	84458.5964031021	0.0004990511	0.0753333333	0.5333333333	
84457.8982536991	84451.1196598411	441.0739575768	84458.4066457550	84457.8982536991	0.0004890074	0.1180000000	0.5333333333	
84457.5014123321	84451.1196598411	441.2916235006	84457.6820672552	84457.5014123321	0.0004307358	0.0186666667	0.5333333333	
84456.7478389541	84451.1196598411	440.7368991858	84457.3683042328	84456.7478389541	0.0005189551	0.1673333333	0.5333333333	
84456.3076826930	84450.3224834800	440.8205117868	84456.6478855411	84456.3076826930	0.0006971360	0.0626666667	0.5333333333	
84455.1845692595	84450.1747950912	440.3305492621	84456.0383394361	84455.1845692595	0.0005942203	0.0433333333	0.5333333333	
84454.3855330348	84450.1747950912	440.3524554684	84455.0213600198	84454.3855330348	0.0005147543	0.0226666667	0.5333333333	
84453.7811083595	84447.9662403464	440.4397874905	84454.0944873293	84453.7811083595	0.0001954124	0.0693333333	0.5333333333	
84452.9020468394	84445.5188527703	440.8363684778	84453.5337701440	84452.9020468394	0.0007143943	0.1746666667	0.5333333333	
84450.6564346949	84445.3509673476	440.5091890174	84452.5913667679	84450.6564346949	0.0006396684	0.1213333333	0.5333333333	
84449.6363959710	84444.7770640254	439.9332733268	84450.1731449366	84449.6363959710	0.0005024669	0.0560000000	0.5333333333	
84448.8988947868	84444.3354085088	439.9640505703	84449.3657475710	84448.8988947868	0.0004825134	0.0560000000	0.5333333333	
84447.1404065688	84442.5866171718	440.1032531615	84448.4492365519	84447.1404065688	0.0004704113	0.1940000000	0.5333333333	
84445.8025701841	84442.5866171718	440.8017775384	84446.0675253471	84445.8025701841	0.0004998974	0.0520000000	0.5666666667	
84445.4979185263	84442.5866171718	440.6682893112	84445.7066168388	84445.4979185263	0.0002027119	0.0793333333	0.5666666667	
84444.2955780029	84442.0704409480	441.3037882327	84445.1007505258	84444.2955780029	0.0009671229	0.1520000000	0.5666666667	
84443.5519159834	84442.0704409480	441.1629899218	84444.2425000668	84443.5519159834	0.0006835649	0.0253333333	0.5666666667	
84442.7655681968	84442.0704409480	441.4528705570	84443.1683755914	84442.7655681968	0.0003357492	0.0746666667	0.5666666667	
84442.3527251681	84442.0704409480	441.2649769388	84442.7127207319	84442.3527251681	0.0004639779	0.0060000000	0.5666666667	
84441.9732323289	84442.0704409480	441.4601243452	84442.3275586963	84441.9732323289	0.0002316179	0.0126666667	0.5666666667	
84441.2951841950	84442.0704409480	441.4063917457	84441.7703824242	84441.2951841950	0.0003339496	0.0120000000	0.5666666667	
84440.7973292470	84442.0704409480	441.2114872094	84440.8680106203	84440.7973292470	0.0000754658	0.0273333333	0.5666666667	
84440.0792430838	84441.5133550763	441.3644328837	84440.3760974606	84440.0792430838	0.0003994123	0.0306666667	0.5666666667	
84439.5971827706	84441.5133550763	441.5964614634	84439.7863216202	84439.5971827706	0.0001301938	0.0153333333	0.5666666667	
84438.7960007787	84441.4266034961	442.1136507312	84439.5198477308	84438.7960007787	0.0004847354	0.0506666667	0.5666666667	
84437.9197175304	84439.3907323480	442.5203574944	84438.4084225694	84437.9197175304	0.0004334655	0.0500000000	0.5666666667	
84437.0158093174	84439.3907323480	442.5238398534	84437.6314633091	84437.0158093174	0.0003147863	0.0206666667	0.6000000000	
84436.2573060393	84437.9803523421	442.7536499154	84436.7119217912	84436.2573060393	0.0005352415	0.0233333333	0.6000000000	
84436.1290338635	84437.3904243112	442.7948871172	84436.1530910929	84436.1290338635	0.0001462182	0.0013333333	0.6000000000	
84435.8673541745	84437.2161254287	442.8349865600	84436.0132268071	84435.8673541745	0.0002111828	0.0686666667	0.6000000000	
84435.2034863830	84437.2161254287	442.3499096003	84435.3492690126	84435.2034863830	0.0002299015	0.0280000000	0.6000000000	
84435.0430471698	84437.2161254287	442.3757661240	84435.1061019301	84435.0430471698	0.0002326352	0.0013333333	0.6000000000	
84434.4025879105	84437.2161254287	441.7479109328	84434.5833513141	84434.4025879105	0.0002107160	0.0240000000	0.6000000000	
84434.2285636067	84437.2161254287	441.8752408751	84434.2699600260	84434.2285636067	0.0001768133	0.0486666667	0.6000000000	
84433.2974804441	84436.3996401429	442.3298552251	84434.0749546885	84433.2974804441	0.0004275787	0.0493333333	0.6000000000	
84432.8789402048	84436.3996401429	442.5829582007	84433.0329258243	84432.8789402048	0.0001452026	0.0046666667	0.6000000000	
84431.7228916287	84435.5614736676	443.1695897827	84432.2692852219	84431.7228916287	0.0003142646	0.0173333333	0.6000000000	
84431.3831062118	84433.7448105216	443.3274449477	84431.6730607549	84431.3831062118	0.0002732857	0.0000000000	0.6000000000	
84430.4415038228	84433.7448105216	443.6010076704	84431.2323722243	84430.4415038228	0.0003592640	0.0153333333	0.6000000000	
84430.1570730408	84433.0732867122	443.7075435802	84430.3215389450	84430.1570730408	0.0001411451	0.0186666667	0.6000000000	
84429.7967270017	84431.9740489125	443.6804989218	84430.0651793679	84429.7967270017	0.0002601052	0.0340000000	0.6000000000	
84429.4852919380	84431.9740489125	443.6364819639	84429.7071068486	84429.4852919380	0.0003704173	0.0293333333	0.6000000000	
84428.8787781199	84431.9740489125	443.4348816649	84429.3525984883	84428.8787781199	0.0002761264	0.0486666667	0.6000000000	
84428.5125270486	84431.3019946218	443.4385609463	84428.6926781138	84428.5125270486	0.0002535947	0.0100000000	0.6000000000	
84427.7101225654	84427.3356959224	443.0599291492	84428.0225967367	84427.7101225654	0.0002452555	0.0586666667	0.6000000000	
84427.3000342647	84423.4654024243	443.0490453897	84427.6231369376	84427.3000342647	0.0003794782	0.0000000000	0.6000000000	
84427.0657681425	84423.2527449727	443.1771352940	84427.2331002355	84427.0657681425	0.0002226383	0.0000000000	0.6000000000	
84426.6246319811	84422.1546187997	443.5906836730	84427.0297182600	84426.6246319811	0.0006597038	0.0940000000	0.6000000000	
84426.4593965809	84421.4734360576	443.6298672789	84426.5511394541	84426.4593965809	0.0003379586	0.0226666667	0.6000000000	
84426.1822286248	84419.1685780883	443.6004938235	84426.3519361615	84426.1822286248	0.0004275040	0.0313333333	0.6000000000	
84425.9309896827	84416.0412445664	443.5591854776	84426.0528223713	84425.9309896827	0.0001127854	0.0133333333	0.6000000000	
84425.6643665830	84414.5073935390	443.4632256301	84425.6881847978	84425.6643665830	0.0000868066	0.0146666667	0.6000000000	
84425.5798696478	84414.5073935390	443.4947193251	84425.6165042520	84425.5798696478	0.0002107758	0.0133333333	0.6000000000	
84425.4871510466	84414.2848715186	443.5251578034	84425.5435042580	84425.4871510466	0.0000777497	0.0000000000	0.6000000000	
84425.1150615017	84413.1636336446	443.5399013730	84425.3817253311	84425.1150615017	0.0002295485	0.0013333333	0.6000000000	
84424.6859078606	84412.7208516002	443.5660926583	84424.8725327849	84424.6859078606	0.0002436210	0.0033333333	0.6000000000	
84423.9758925637	84409.1212376952	444.0889579971	84424.5946004987	84423.9758925637	0.0004072457	0.0740000000	0.6000000000	
84423.2239839435	84409.1212376952	443.7646805435	84423.9076253772	84423.2239839435	0.0005134520	0.0593333333	0.6000000000	
84422.3762316505	84406.7398712039	444.1607944841	84422.9720106721	84422.3762316505	0.0003306524	0.0533333333	0.6000000000	
84420.1605287194	84406.4580842853	443.2528817947	84422.2161214550	84420.1605287194	0.0012710402	0.1726666667	0.6000000000	
84414.3073061109	84406.4580842853	440.9253485691	84416.2533757091	84414.3073061109	0.0008142759	0.3666666667	0.6000000000	
84413.8754633069	84406.3787892461	440.8480636128	84414.1293796897	84413.8754633069	0.0001716798	0.0013333333	0.6333333333	
84413.6119867365	84406.3787892461	440.7827508885	84413.7552643816	84413.6119867365	0.0001295262	0.0000000000	0.6333333333	
84413.4895065427	84406.3787892461	440.7599348456	84413.5978371898	84413.4895065427	0.0001351136	0.0100000000	0.6333333333	
84413.3271164695	84406.2583610415	440.8113042340	84413.4218940139	84413.3271164695	0.0000913300	0.0106666667	0.6333333333	
84411.7220043143	84406.2583610415	443.2508972560	84413.3271164695	84411.7220043143	0.0005912307	0.0726666667	0.6333333333	
84411.1621738474	84406.2583610415	443.9388894217	84411.6852544745	84411.1621738474	0.0002711813	0.0300000000	0.6333333333	
84410.8544120193	84406.2583610415	444.0435618797	84411.0386100411	84410.8544120193	0.0005009618	0.0693333333	0.6333333333	
84410.3540536761	84406.0891017318	443.7384500506	84410.7322793206	84410.3540536761	0.0004415250	0.0066666667	0.6333333333	
84410.1477109392	84404.7759488225	443.7429211713	84410.2964823445	84410.1477109392	0.0002010574	0.0033333333	0.6333333333	
84409.8903305332	84404.4968560338	443.6064632722	84410.0155330698	84409.8903305332	0.0001532572	0.0193333333	0.6333333333	
84409.3526970347	84404.2889013886	444.0730011741	84409.8801574111	84409.3526970347	0.0003632111	0.0166666667	0.6333333333	
84408.9071105917	84400.8517161012	444.1691737082	84409.2551357547	84408.9071105917	0.0002445973	0.0440000000	0.6333333333	
84408.5104237994	84396.6807946563	444.1701810095	84408.7351511915	84408.5104237994	0.0002676458	0.0453333333	0.6333333333	
84408.2478486498	84396.4893355966	444.1230377392	84408.4314544002	84408.2478486498	0.0001173294	0.0213333333	0.6333333333	
84407.9556714495	84396.4893355966	444.0257008204	84408.1127197544	84407.9556714495	0.0001935474	0.0233333333	0.6333333333	
84407.5321524342	84396.4893355966	444.0123532203	84407.9418803255	84407.5321524342	0.0007410063	0.0666666667	0.6333333333	
84405.6598453720	84395.9493204951	445.9528556489	84405.9506413341	84405.6598453720	0.0000782945	0.0500000000	0.6333333333	
84405.4337192575	84395.8902135491	445.9271891620	84405.4783832033	84405.4337192575	0.0000572417	0.0000000000	0.6333333333	
84404.6904835105	84395.8301082253	445.8733123201	84405.0201607744	84404.6904835105	0.0001040210	0.0673333333	0.6333333333	
84404.4830114643	84395.8301082253	445.8110515242	84404.6696669857	84404.4830114643	0.0000927352	0.0906666667	0.6333333333	
84404.3004940947	84395.8301082253	445.8644947561	84404.4392443697	84404.3004940947	0.0001629579	0.0300000000	0.6333333333	
84403.9641128977	84395.8301082253	446.1206193871	84404.2288159331	84403.9641128977	0.0001982407	0.0486666667	0.6333333333	
84403.4680367510	84394.5662364364	446.2452939442	84403.9314300815	84403.4680367510	0.0003627857	0.0153333333	0.6333333333	
84403.3757198850	84394.5662364364	446.2810493923	84403.4587857127	84403.3757198850	0.0001854169	0.0446666667	0.6333333333	
84403.0250737071	84394.1144451499	446.0760392490	84403.3185431361	84403.0250737071	0.0003791244	0.1113333333	0.6333333333	
84402.1495410800	84392.3625752330	446.7864673468	84402.4771774809	84402.1495410800	0.0002975189	0.0166666667	0.6333333333	
84401.8164059520	84392.2950997949	446.8382014170	84402.0940078298	84401.8164059520	0.0003188982	0.0013333333	0.6333333333	
84400.7574968537	84392.2950997949	446.6897471316	84401.8082277973	84400.7574968537	0.0005319084	0.1433333333	0.6333333333	
84400.4725550612	84392.0700177550	446.6447695495	84400.5205675960	84400.4725550612	0.0001068486	0.0253333333	0.6333333333	
84400.4089968403	84392.0700177550	446.6482666173	84400.4485939940	84400.4089968403	0.0001036337	0.0100000000	0.6333333333	
84399.9156531692	84392.0700177550	446.5935407272	84400.1199763020	84399.9156531692	0.0001066939	0.0320000000	0.6333333333	
84399.6375359098	84391.8785318732	446.7027398678	84399.8983066281	84399.6375359098	0.0002738911	0.0373333333	0.6333333333	
84399.3250382940	84391.8785318732	446.5020011290	84399.5284403364	84399.3250382940	0.0001716188	0.0060000000	0.6333333333	
84398.8849452138	84391.8785318732	446.5027654566	84399.3111297488	84398.8849452138	0.0003827602	0.0293333333	0.6333333333	
84397.6429040233	84390.0918766856	446.7747836476	84398.3795896173	84397.6429040233	0.0004183793	0.0013333333	0.6333333333	
84397.5740737716	84389.9171397090	446.7926550046	84397.6185593009	84397.5740737716	0.0000253903	0.0093333333	0.6333333333	
84397.3381963372	84389.9171397090	447.0086474490	84397.5100863973	84397.3381963372	0.0001518596	0.0093333333	0.6333333333	
84397.2307971120	84389.9171397090	447.0281490202	84397.3116531968	84397.2307971120	0.0000395080	0.0140000000	0.6333333333	
84396.7999822895	84389.9171397090	446.8373976851	84397.1060348551	84396.7999822895	0.0001957922	0.0160000000	0.6333333333	
84396.4810718099	84389.9171397090	447.0367400555	84396.7812318603	84396.4810718099	0.0001344181	0.0026666667	0.6333333333	
84396.3315311074	84388.9217272401	446.9692946168	84396.4263164004	84396.3315311074	0.0000362424	0.0000000000	0.6333333333	
84396.2341412902	84388.9217272401	446.8880244200	84396.3150118788	84396.2341412902	0.0000855443	0.0000000000	0.6333333333	
84395.0446636478	84379.5942381024	446.7342133914	84395.5543316404	84395.0446636478	0.0001854160	0.1020000000	0.6333333333	
84394.6693810821	84377.0066663623	446.7472694083	84394.9943086505	84394.6693810821	0.0002203212	0.1413333333	0.6333333333	
84393.7500908971	84374.2371425033	447.6978379344	84394.2626679937	84393.7500908971	0.0003180729	0.1033333333	0.6333333333	
84393.4475653370	84374.2371425033	447.7656021411	84393.5975906253	84393.4475653370	0.0001343894	0.0360000000	0.6333333333	
84392.1250409881	84363.7745350599	447.9241413489	84392.2132310271	84392.1250409881	0.0000671183	0.0200000000	0.6333333333	
84391.8328397473	84363.3966028690	447.7424902529	84391.9206342101	84391.8328397473	0.0003375177	0.0186666667	0.6333333333	
84390.9126584729	84363.2006615400	446.7235506062	84391.7547958096	84390.9126584729	0.0003066526	0.0293333333	0.6333333333	
84390.6806960702	84361.8273139000	446.7979430859	84390.8182268341	84390.6806960702	0.0002514702	0.0100000000	0.6333333333	
84390.0623810291	84359.8932623863	447.1047861877	84390.3325351079	84390.0623810291	0.0002100353	0.0233333333	0.6333333333	
84389.9510200818	84359.8932623863	447.1118230009	84389.9737268686	84389.9510200818	0.0000775941	0.0346666667	0.6333333333	
84389.8089502255	84359.8326086998	447.2426877285	84389.8862628142	84389.8089502255	0.0001947668	0.0000000000	0.6333333333	
84389.6829017003	84358.3607107401	447.2508185508	84389.8039601247	84389.6829017003	0.0000962640	0.0333333333	0.6333333333	
84389.6221448978	84358.3607107401	447.2815818023	84389.6221448978	84389.6221448978	0.0000061293	0.0000000000	0.6333333333	
84389.2946082354	84357.2338968515	447.3060474903	84389.5747981469	84389.2946082354	0.0001493695	0.0153333333	0.6333333333	
84388.8901754220	84357.2338968515	447.5233179536	84389.2946082354	84388.8901754220	0.0001609736	0.1220000000	0.6333333333	
84388.5402657588	84357.2338968515	447.7754627094	84388.7903402249	84388.5402657588	0.0000349933	0.0073333333	0.6333333333	
84386.0138714314	84357.2338968515	446.7603649634	84388.4597253799	84386.0138714314	0.0005835309	0.0360000000	0.6333333333	
84384.2098806302	84357.2338968515	447.7438478208	84384.7935801744	84384.2098806302	0.0004514349	0.0693333333	0.6333333333	
84383.3242297173	84352.7168989182	447.7864669711	84383.8788674275	84383.3242297173	0.0005432863	0.0866666667	0.6333333333	
84382.4842719237	84350.1950114965	448.2535168583	84382.8397248189	84382.4842719237	0.0003253913	0.0760000000	0.6333333333	
84381.8681774537	84349.5178759098	447.8780575961	84382.2323342164	84381.8681774537	0.0001884731	0.0060000000	0.6333333333	
84381.5258530776	84349.5178759098	447.6937759487	84381.8333568176	84381.5258530776	0.0004192411	0.0280000000	0.6333333333	
84381.5073394775	84349.5178759098	447.6828252171	84381.5166737636	84381.5073394775	0.0000739937	0.0013333333	0.6333333333	
84380.5913384755	84349.3657350540	447.3879235926	84381.4547663927	84380.5913384755	0.0002666101	0.0046666667	0.6333333333	
84379.5177944501	84349.3657350540	447.0657805452	84380.0021662315	84379.5177944501	0.0004030504	0.0893333333	0.6666666667	
84379.1930812597	84348.9445775747	447.0576284643	84379.4960061709	84379.1930812597	0.0002008763	0.0000000000	0.6666666667	
84378.2804981868	84347.5036293268	447.1858824488	84379.0404570103	84378.2804981868	0.0006838537	0.0106666667	0.6666666667	
84377.9175464312	84347.5036293268	447.0321246548	84378.1318255266	84377.9175464312	0.0000659597	0.0486666667	0.6666666667	
84377.6324067513	84347.5036293268	447.2043317235	84377.9175464312	84377.6324067513	0.0001220837	0.0200000000	0.6666666667	
84377.4290609360	84347.5036293268	447.2151897781	84377.6143821080	84377.4290609360	0.0001871607	0.0000000000	0.6666666667	
84377.0243814588	84347.5036293268	447.3868769370	84377.0302153627	84377.0243814588	0.0000217583	0.0000000000	0.6666666667	
84374.9741390347	84345.9667176008	447.7261990040	84376.9330593944	84374.9741390347	0.0002069511	0.0553333333	0.6666666667	
84373.7325615684	84345.9667176008	447.9616558800	84374.4224255284	84373.7325615684	0.0004020867	0.0333333333	0.6666666667	
84372.7938092748	84345.9667176008	448.2711436327	84373.4960648417	84372.7938092748	0.0002971825	0.0540000000	0.6666666667	
84372.3349125187	84345.9667176008	448.4163882231	84372.6556417346	84372.3349125187	0.0002760577	0.0000000000	0.6666666667	
84372.0255779227	84345.9667176008	448.4800271224	84372.0662340522	84372.0255779227	0.0000770447	0.0313333333	0.6666666667	
84371.8653475245	84345.9667176008	448.5106614028	84372.0205091437	84371.8653475245	0.0001733924	0.0086666667	0.6666666667	
84371.4153266947	84345.0403273106	448.6000890290	84371.8144960205	84371.4153266947	0.0003163504	0.0013333333	0.6666666667	
84371.2742939591	84345.0403273106	448.6178333814	84371.3961930076	84371.2742939591	0.0001116198	0.0413333333	0.6666666667	
84370.7950883110	84344.9473887682	448.3228377547	84371.1888910333	84370.7950883110	0.0001889443	0.0080000000	0.6666666667	
84370.5130933722	84344.3597257137	448.2531329158	84370.6310022871	84370.5130933722	0.0001701742	0.0020000000	0.6666666667	
84369.4557248553	84344.1160291433	447.9448293299	84369.6394108732	84369.4557248553	0.0001427435	0.0226666667	0.6666666667	
84368.6938723922	84344.1160291433	447.3102432157	84369.0223484238	84368.6938723922	0.0001643981	0.0000000000	0.6666666667	
84367.4091977874	84344.1160291433	446.9473269695	84368.6403074861	84367.4091977874	0.0001433121	0.1400000000	0.7000000000	
84366.0902334253	84343.8117265701	446.4669462989	84367.2692669431	84366.0902334253	0.0004370202	0.0246666667	0.7000000000	
84365.2687973778	84343.8117265701	446.3258604161	84365.7709929347	84365.2687973778	0.0003763878	0.0420000000	0.7000000000	
84365.0016475717	84343.8117265701	446.4070667506	84365.1314760248	84365.0016475717	0.0001856532	0.0000000000	0.7000000000	
84364.9290872614	84343.8117265701	446.4407833473	84364.9431170027	84364.9290872614	0.0001373059	0.0000000000	0.7000000000	
84364.8322688540	84343.5018956661	446.4882382793	84364.8929269115	84364.8322688540	0.0000769796	0.0120000000	0.7000000000	
84364.8288572828	84343.5018956661	446.4875922459	84364.8288572828	84364.8288572828	0.0000008498	0.0013333333	0.7000000000	
84364.6824527780	84343.1916832924	446.4889392455	84364.7660890222	84364.6824527780	0.0001839217	0.0060000000	0.7000000000	
84363.5092867414	84343.1916832924	446.9220814989	84364.6824527780	84363.5092867414	0.0003770994	0.0146666667	0.7000000000	
84363.4482287367	84343.0316329002	446.9462400246	84363.4912589192	84363.4482287367	0.0000779111	0.0100000000	0.7000000000	
84363.2537369927	84343.0316329002	446.9653999891	84363.3554320534	84363.2537369927	0.0001164674	0.0000000000	0.7000000000	
84362.4924666683	84343.0316329002	446.8824395043	84362.8625284632	84362.4924666683	0.0002976412	0.0833333333	0.7000000000	
84362.0517809192	84343.0316329002	446.7406053163	84362.3592892289	84362.0517809192	0.0003550823	0.0753333333	0.7000000000	
84361.9330164790	84343.0316329002	446.5125773025	84362.0246002078	84361.9330164790	0.0001278251	0.0146666667	0.7000000000	
84361.1039113005	84343.0316329002	446.3787875993	84361.7535139124	84361.1039113005	0.0003187781	0.0860000000	0.7000000000	
84360.5803222458	84343.0316329002	446.1329746129	84360.9661923846	84360.5803222458	0.0003281428	0.0613333333	0.7000000000	
84360.0082127253	84343.0316329002	446.4437998908	84360.5803222458	84360.0082127253	0.0006810297	0.0473333333	0.7000000000	
84359.5866505305	84343.0316329002	446.2805310521	84360.0030068557	84359.5866505305	0.0003339206	0.0673333333	0.7000000000	
84358.7753663460	84343.0316329002	446.2833801333	84359.4060850143	84358.7753663460	0.0002496883	0.0766666667	0.7000000000	
84358.5649160544	84343.0316329002	446.2759488137	84358.7381426493	84358.5649160544	0.0001313758	0.0093333333	0.7000000000	
84358.2478505373	84342.9554224014	446.2406006981	84358.5402290026	84358.2478505373	0.0001107644	0.0333333333	0.7000000000	
84358.0497958263	84342.9554224014	445.8856208994	84358.1039877733	84358.0497958263	0.0001421928	0.0000000000	0.7000000000	
84357.9741817713	84342.9554224014	445.8392204203	84358.0497958263	84357.9741817713	0.0001257953	0.0106666667	0.7000000000	
84357.7473527193	84342.9554224014	445.8554108677	84357.7879820267	84357.7473527193	0.0001822063	0.0000000000	0.7000000000	
84357.6369796197	84342.9554224014	445.8365933046	84357.7473527193	84357.6369796197	0.0001071545	0.0013333333	0.7000000000	
84357.4328893423	84342.9554224014	445.8356624142	84357.5592839718	84357.4328893423	0.0000836464	0.0446666667	0.7000000000	
84357.2984906038	84342.9554224014	445.8367286399	84357.3211256663	84357.2984906038	0.0000539748	0.0000000000	0.7000000000	
84356.8924804529	84342.9554224014	445.7310684311	84357.2875332832	84356.8924804529	0.0002887779	0.1040000000	0.7000000000	
84355.2681825558	84342.6730632782	445.5095815751	84356.2724624078	84355.2681825558	0.0003936800	0.1406666667	0.7000000000	
84354.7422979275	84342.6730632782	445.3816894218	84355.0766915083	84354.7422979275	0.0003716021	0.0040000000	0.7000000000	
84354.5030546188	84342.6730632782	445.3437767225	84354.6426008145	84354.5030546188	0.0001885495	0.0133333333	0.7000000000	
84354.2085101207	84342.6730632782	445.2474405537	84354.2545141776	84354.2085101207	0.0001272574	0.0086666667	0.7000000000	
84354.1362716754	84342.6730632782	445.2220866069	84354.1771419843	84354.1362716754	0.0000581932	0.0080000000	0.7000000000	
84353.4665083885	84342.0978814363	445.1475748558	84354.0156886975	84353.4665083885	0.0005473494	0.0480000000	0.7000000000	
84352.9711580276	84342.0978814363	445.1355204063	84353.2841207584	84352.9711580276	0.0002692742	0.0173333333	0.7000000000	
84352.6219177246	84342.0978814363	445.0411396465	84352.6305923859	84352.6219177246	0.0000330808	0.0020000000	0.7000000000	
84352.3159668843	84342.0978814363	444.9122473006	84352.6133428017	84352.3159668843	0.0000632384	0.0706666667	0.7000000000	
84351.8696721395	84342.0978814363	444.7252004799	84351.9599755605	84351.8696721395	0.0000790194	0.0020000000	0.7000000000	
84351.6521086295	84342.0978814363	444.6057580617	84351.8507981300	84351.6521086295	0.0000942631	0.0020000000	0.7000000000	
84351.3408321142	84342.0978814363	444.6384475196	84351.5708069007	84351.3408321142	0.0000874725	0.0053333333	0.7000000000	
84351.1477951209	84342.0978814363	444.8110192414	84351.3117249807	84351.1477951209	0.0001126508	0.0120000000	0.7000000000	
84350.9463153283	84342.0978814363	444.7519879024	84351.1477951209	84350.9463153283	0.0001003119	0.0280000000	0.7000000000	
84350.8914045493	84342.0978814363	444.8246397614	84350.9463153283	84350.8914045493	0.0000595259	0.0020000000	0.7000000000	
84350.6550715367	84341.9508546591	444.9466334419	84350.7211758693	84350.6550715367	0.0001428243	0.0246666667	0.7000000000	
84350.3879076242	84341.9508546591	445.0700663053	84350.4241210222	84350.3879076242	0.0001733385	0.0020000000	0.7000000000	
84350.0454135736	84340.6837999821	444.9234588004	84350.3272132079	84350.0454135736	0.0000460686	0.0206666667	0.7000000000	
84349.8804551363	84340.4817730188	444.9886692367	84349.9533967177	84349.8804551363	0.0001736430	0.0126666667	0.7000000000	
84349.8009743293	84340.0422006845	445.0107205496	84349.8748060067	84349.8009743293	0.0001319492	0.0246666667	0.7000000000	
84349.7688152393	84340.0422006845	445.0449400554	84349.7729559739	84349.7688152393	0.0000236920	0.0020000000	0.7000000000	
84349.3241371711	84340.0422006845	445.3778333092	84349.7688152393	84349.3241371711	0.0003139621	0.0426666667	0.7000000000	
84349.2137849331	84340.0422006845	445.2823240698	84349.3008838097	84349.2137849331	0.0001074878	0.0020000000	0.7000000000	
84349.1544795036	84340.0422006845	445.2964196323	84349.2137849331	84349.1544795036	0.0000666028	0.0000000000	0.7000000000	
84349.0317994356	84340.0422006845	445.3187603817	84349.1505944729	84349.0317994356	0.0001726767	0.0266666667	0.7000000000	
84348.8448379437	84340.0422006845	445.3957601723	84349.0169666211	84348.8448379437	0.0001253945	0.0206666667	0.7000000000	
