Mean	Median	StdDev	Max	Min	Entropy	Hamming	RLD
89493.3983911077	89571.7878088355	420.3248317173	93028.0427045624	89493.3983911077	0.6753695608	1122.8860000000	0.0000000000	
87388.9302439491	87362.1073260903	389.3359218984	88854.6424320340	87388.9302439491	0.4104322985	538.4393333333	0.0000000000	
86424.2551555236	86411.5987688303	376.9488265789	87012.3421653112	86424.2551555236	0.2534794708	273.9226666667	0.0000000000	
85946.9935366511	85922.8148609400	387.4141864095	86266.4694896340	85946.9935366511	0.1591474143	145.4926666667	0.0000000000	
85669.4905880094	85666.3484886289	407.2902127307	85857.6044221719	85669.4905880094	0.1121384043	78.2886666667	0.0000000000	
85489.5457716783	85486.1699476838	423.7245775111	85635.8244559169	85489.5457716783	0.0701847059	44.9040000000	0.0333333333	
85397.1368063490	85381.9282263517	428.6833227739	85485.5840248863	85397.1368063490	0.0359316206	22.0840000000	0.1000000000	
85326.5962526202	85306.8737760186	431.6590350512	85384.8045276602	85326.5962526202	0.0228114170	12.5520000000	0.1000000000	
85270.8176611861	85225.3204554319	435.6496898483	85310.6166814764	85270.8176611861	0.0154074897	8.8093333333	0.1000000000	
85217.9587535063	85156.5349042416	443.3147470161	85243.7543673317	85217.9587535063	0.0116075091	6.2413333333	0.1000000000	
85176.3953496019	85121.5284541249	442.3136261992	85198.0472284555	85176.3953496019	0.0071471040	3.0860000000	0.1666666667	
85147.0848986506	85079.4907301664	450.0331546575	85166.3101724784	85147.0848986506	0.0052542580	2.0113333333	0.2000000000	
85116.3467485706	85058.8012054563	445.5950470082	85128.6690534155	85116.3467485706	0.0046333889	1.4753333333	0.2000000000	
85086.5275118748	85032.3351249099	433.8383460608	85099.9291024605	85086.5275118748	0.0053769651	1.8860000000	0.2333333333	
85063.7258697550	85015.0060668588	431.0893543183	85071.3751255472	85063.7258697550	0.0037416592	1.5926666667	0.2666666667	
85045.1969914635	85007.5722143054	429.2634028137	85050.5319318175	85045.1969914635	0.0033577804	0.7826666667	0.2666666667	
85031.3751005133	84975.4365131259	433.2425544235	85033.8403806090	85031.3751005133	0.0009826524	0.3240000000	0.2666666667	
85015.7171795766	84961.2259492278	431.8714850718	85019.1898056865	85015.7171795766	0.0032303340	0.4473333333	0.3000000000	
84999.5222000281	84947.8868409991	436.2178084501	85003.8252671560	84999.5222000281	0.0036548103	0.8980000000	0.3000000000	
84987.7430030704	84938.7723490596	435.1759008840	84994.1527305047	84987.7430030704	0.0024533871	0.8953333333	0.3333333333	
84974.0401359399	84936.9804337621	438.9226846805	84979.1676477591	84974.0401359399	0.0021010305	0.7266666667	0.3666666667	
84960.9465972583	84935.4309305549	440.0551807111	84964.3787073096	84960.9465972583	0.0028099324	0.7660000000	0.4000000000	
84952.3565143347	84930.8119848371	443.0584151303	84956.0326544444	84952.3565143347	0.0018032179	0.4573333333	0.4000000000	
84938.6181477706	84926.6024783254	437.4561406443	84942.7247794469	84938.6181477706	0.0019600347	0.7086666667	0.4000000000	
84931.9763318698	84922.4259495735	437.6008394434	84935.2216950059	84931.9763318698	0.0023933893	0.5613333333	0.4000000000	
84920.2370176713	84918.7672346830	439.8199752387	84927.5453968843	84920.2370176713	0.0025131313	0.7333333333	0.4000000000	
84909.6440892418	84895.9095716476	440.8569342551	84917.3612535993	84909.6440892418	0.0027270871	1.3233333333	0.4000000000	
84898.9998643597	84889.3886238337	440.3770454043	84901.1906599005	84898.9998643597	0.0013704054	0.4813333333	0.4000000000	
84893.6156563957	84881.6037058830	439.6506234351	84894.9105432630	84893.6156563957	0.0009566755	0.5193333333	0.4000000000	
84886.3275850813	84879.5950233936	438.7499997767	84887.9877478878	84886.3275850813	0.0008192543	0.2753333333	0.4000000000	
84880.5594604214	84871.4394271374	437.7749430319	84882.7705932657	84880.5594604214	0.0012744624	0.4060000000	0.4000000000	
84874.5450179776	84865.3259009123	438.1212341970	84877.6767459512	84874.5450179776	0.0011322218	0.3540000000	0.4333333333	
84869.5973407229	84856.9761306047	437.7522495274	84870.5449484785	84869.5973407229	0.0008180600	0.1600000000	0.4333333333	
84865.1395731171	84846.2113291025	435.8211629960	84866.8045879404	84865.1395731171	0.0014666023	0.3093333333	0.4333333333	
84860.8832477530	84843.7484234571	435.0383668023	84863.8694065809	84860.8832477530	0.0019171666	0.3680000000	0.4333333333	
84856.6161933541	84843.2545542717	434.0565445915	84858.3254209161	84856.6161933541	0.0008174874	0.2806666667	0.4333333333	
84853.6306834221	84843.2545542717	434.1402076104	84854.4663572311	84853.6306834221	0.0015288090	0.2826666667	0.4333333333	
84848.9427477121	84842.3376083374	435.2696376254	84850.6878079971	84848.9427477121	0.0009762899	0.2220000000	0.4333333333	
84843.1839506825	84839.6917298436	438.4302538545	84845.1255458593	84843.1839506825	0.0016605967	0.4186666667	0.4333333333	
84840.8015254140	84833.3507373929	438.5165723573	84841.7911762993	84840.8015254140	0.0006014571	0.2293333333	0.4333333333	
84838.6957988143	84831.8249836564	438.1353201106	84839.3642204006	84838.6957988143	0.0004263258	0.0986666667	0.4333333333	
84835.7932336132	84816.2183001637	437.5882474574	84836.3152475158	84835.7932336132	0.0003807737	0.2040000000	0.4666666667	
84830.6547519565	84811.5188851953	437.5291348787	84833.4201177955	84830.6547519565	0.0008495796	0.1300000000	0.4666666667	
84827.8534989556	84805.6036725640	437.0393977320	84828.4835057457	84827.8534989556	0.0006301418	0.0473333333	0.4666666667	
84821.4377447963	84791.5083557367	436.4337091638	84821.9364657998	84821.4377447963	0.0002573353	0.1040000000	0.5000000000	
84818.9369843404	84791.5083557367	436.6766266045	84820.3442947070	84818.9369843404	0.0009000323	0.2346666667	0.5000000000	
84815.8730412523	84778.8268879056	435.5435651742	84817.7246413628	84815.8730412523	0.0007305763	0.3226666667	0.5000000000	
84813.0403599143	84762.0544925332	435.3914482132	84813.9088597894	84813.0403599143	0.0004821462	0.1000000000	0.5000000000	
84810.5300942063	84759.4064816833	435.4417780990	84811.8078560631	84810.5300942063	0.0007461331	0.1506666667	0.5000000000	
84806.6776310404	84756.0369834304	434.6890209305	84808.2645838459	84806.6776310404	0.0007601507	0.1546666667	0.5333333333	
84802.9554504156	84755.0603285432	434.0595327594	84807.3450606068	84802.9554504156	0.0007434284	0.2800000000	0.5333333333	
84799.9780271451	84754.6540334821	433.5692018282	84801.0719885429	84799.9780271451	0.0005796171	0.1480000000	0.5333333333	
84796.0131732623	84744.5715501904	429.9692541357	84797.8079847495	84796.0131732623	0.0006411832	0.1200000000	0.5333333333	
84794.4361533721	84744.2733243108	429.7808593647	84794.8127641280	84794.4361533721	0.0001778168	0.0326666667	0.5333333333	
84790.5522368352	84744.0477535129	427.6016532152	84791.6697804133	84790.5522368352	0.0005704834	0.1480000000	0.5333333333	
84786.7500583331	84740.1319012046	425.8286064518	84787.3624261220	84786.7500583331	0.0003859543	0.0313333333	0.5333333333	
84783.2661557198	84735.0269988179	422.4808198425	84785.0873665015	84783.2661557198	0.0004444932	0.1240000000	0.5333333333	
84780.1769896348	84728.2755181193	421.4265000165	84781.4987347523	84780.1769896348	0.0006989914	0.1260000000	0.5333333333	
84775.2987608314	84715.2781918645	420.8394743929	84778.9033941428	84775.2987608314	0.0009152432	0.1913333333	0.5333333333	
84770.9803615014	84713.6646375060	423.2926393033	84772.8720110655	84770.9803615014	0.0007368080	0.3000000000	0.5333333333	
84767.9593523343	84713.6646375060	418.9811221854	84768.5912998517	84767.9593523343	0.0000499213	0.0733333333	0.5333333333	
84765.8607900143	84713.3740410209	417.7853431802	84766.4927222331	84765.8607900143	0.0005316502	0.0466666667	0.5333333333	
84764.5801836252	84713.3740410209	417.3949951900	84764.7346160809	84764.5801836252	0.0001199133	0.0446666667	0.5333333333	
84763.6776053905	84710.8782574534	417.1676853691	84764.0631820758	84763.6776053905	0.0002145477	0.0493333333	0.5333333333	
84761.1410172780	84710.6358811259	410.8848018530	84761.4873351653	84761.1410172780	0.0002261520	0.0473333333	0.5333333333	
84759.6331310272	84710.3281423450	410.0606604316	84760.1010493437	84759.6331310272	0.0005853222	0.0826666667	0.5333333333	
84757.6997993390	84707.8713849187	407.4074267158	84757.9143073161	84757.6997993390	0.0003314795	0.0866666667	0.5333333333	
84756.5177551905	84707.8713849187	407.2740815205	84756.9865987698	84756.5177551905	0.0002837973	0.1206666667	0.5333333333	
84755.9754530589	84707.8713849187	407.0831377059	84756.3514761130	84755.9754530589	0.0001766548	0.0220000000	0.5333333333	
84755.3680880864	84707.8713849187	407.1981874914	84755.4333873590	84755.3680880864	0.0000244981	0.0073333333	0.5333333333	
84753.4653582176	84707.3526665568	407.2359027047	84754.3192325036	84753.4653582176	0.0001675061	0.0546666667	0.5666666667	
84750.8975754182	84703.2679602504	407.0620088661	84751.6986227036	84750.8975754182	0.0003364690	0.2226666667	0.5666666667	
84745.6810913483	84702.1697059274	406.0381970082	84747.7604091167	84745.6810913483	0.0008641353	0.2633333333	0.5666666667	
84744.6240478754	84701.3294324279	405.6841485900	84745.1554896434	84744.6240478754	0.0003793076	0.1266666667	0.5666666667	
84737.2255960107	84700.0225827098	401.3954031634	84740.0358969967	84737.2255960107	0.0010289144	0.3953333333	0.5666666667	
84734.0984509389	84699.9138101935	400.2362292972	84736.1655851205	84734.0984509389	0.0009359514	0.4360000000	0.5666666667	
84732.8910003106	84699.6679678559	399.8877673287	84733.1262197097	84732.8910003106	0.0002962226	0.0746666667	0.5666666667	
84730.9640236696	84695.7418426871	400.4685567350	84730.9861308336	84730.9640236696	0.0000262421	0.0113333333	0.5666666667	
84728.9900122086	84695.1024666429	400.0483528360	84729.8079182704	84728.9900122086	0.0003172853	0.1453333333	0.5666666667	
84727.3684641719	84693.0727913976	400.6638710888	84727.6195596655	84727.3684641719	0.0003486654	0.0493333333	0.5666666667	
84726.4309907953	84690.5383571982	400.4693728216	84726.5223247806	84726.4309907953	0.0001738305	0.0320000000	0.5666666667	
84725.2644818028	84689.4485190511	400.0984116544	84725.8285205563	84725.2644818028	0.0003471626	0.1046666667	0.5666666667	
84724.3239979943	84688.8490214944	400.5070878555	84724.5872363448	84724.3239979943	0.0001722865	0.0106666667	0.5666666667	
84723.6726088325	84686.1156538129	400.3432883368	84723.8221817215	84723.6726088325	0.0002030937	0.0000000000	0.5666666667	
84722.6979032159	84680.7670429349	400.1800455496	84723.3021470904	84722.6979032159	0.0004241565	0.1820000000	0.5666666667	
84720.0072629253	84678.1508788466	401.6122453249	84720.4214377205	84720.0072629253	0.0003287828	0.0473333333	0.5666666667	
84719.2011774580	84678.1508788466	401.8496582757	84720.1993218064	84719.2011774580	0.0002403383	0.1320000000	0.5666666667	
84717.7587077022	84678.1508788466	401.9838668312	84717.9365423322	84717.7587077022	0.0001695908	0.0653333333	0.5666666667	
84716.7508430282	84676.7273738980	402.2109292760	84717.1158193548	84716.7508430282	0.0001251278	0.0260000000	0.5666666667	
84715.3940867384	84676.1357173324	402.6757292915	84716.4321314295	84715.3940867384	0.0000573636	0.0900000000	0.5666666667	
84714.4603696465	84676.0237231851	402.9688836852	84715.3746512532	84714.4603696465	0.0003180576	0.0986666667	0.5666666667	
84713.5118992130	84675.9030595422	402.4895502766	84713.6823585629	84713.5118992130	0.0002784174	0.0793333333	0.5666666667	
84712.4440433582	84673.5893711448	402.8714263967	84713.1003646056	84712.4440433582	0.0003897849	0.0060000000	0.5666666667	
84708.5281957189	84673.5893711448	407.3459191099	84708.6920329928	84708.5281957189	0.0001077948	0.0466666667	0.5666666667	
84706.2598348657	84671.6375544667	407.9059362382	84706.8463813265	84706.2598348657	0.0004145555	0.1373333333	0.5666666667	
84704.0360688170	84667.0121565461	408.2949213816	84704.8382422328	84704.0360688170	0.0002678247	0.1833333333	0.5666666667	
84702.0297252138	84665.7708451152	405.6289709731	84702.6546427608	84702.0297252138	0.0002265535	0.1753333333	0.5666666667	
84698.7821699182	84665.4358193278	404.9806940625	84701.1788379153	84698.7821699182	0.0004435488	0.0953333333	0.6000000000	
84696.5330236157	84664.9391755462	404.4569611678	84696.7731333772	84696.5330236157	0.0000777110	0.0640000000	0.6000000000	
84695.5600870649	84661.6505518556	404.4546324738	84697.3379610976	84695.5600870649	0.0004546503	0.0446666667	0.6000000000	
84691.4529989163	84661.6505518556	402.3874737707	84691.8155745665	84691.4529989163	0.0002910946	0.0740000000	0.6000000000	
84690.7097153862	84661.6505518556	402.2635787064	84690.8123460412	84690.7097153862	0.0000452326	0.0313333333	0.6000000000	
84690.0197185079	84660.4990020394	402.0906982979	84690.0997073452	84690.0197185079	0.0000804331	0.0240000000	0.6000000000	
84689.5999504129	84660.4990020394	402.2415039654	84689.6593760451	84689.5999504129	0.0001597438	0.0233333333	0.6000000000	
84689.1727563739	84660.3805825114	402.3692817236	84689.2418002089	84689.1727563739	0.0001821582	0.0080000000	0.6000000000	
84687.6864845554	84657.0513591170	402.0420882378	84688.0173791448	84687.6864845554	0.0003444778	0.1300000000	0.6000000000	
84686.7581451933	84657.0513591170	402.2072409115	84687.3465229074	84686.7581451933	0.0003219184	0.0973333333	0.6000000000	
84684.7692180673	84656.6118732095	402.3884085695	84686.0394137104	84684.7692180673	0.0002915694	0.0713333333	0.6000000000	
84682.7625953158	84653.9043173194	402.1767427892	84682.7733311057	84682.7625953158	0.0000356750	0.0000000000	0.6000000000	
84681.6624314586	84650.6087169051	402.0867674501	84682.1037003398	84681.6624314586	0.0001228210	0.0613333333	0.6000000000	
84680.8774810036	84647.6961925626	402.1873123925	84680.9548927347	84680.8774810036	0.0000280444	0.0440000000	0.6000000000	
84679.8159042001	84647.6961925626	402.7179647982	84679.8409180840	84679.8159042001	0.0000606431	0.0073333333	0.6000000000	
84678.9943423867	84647.6961925626	402.8774200186	84679.7278027733	84678.9943423867	0.0005695190	0.0300000000	0.6000000000	
84677.5908175111	84647.5376233459	403.0875541234	84679.1937966148	84677.5908175111	0.0004931196	0.1086666667	0.6000000000	
84677.1502024929	84647.5376233459	403.2219646340	84677.1730070313	84677.1502024929	0.0000555668	0.0000000000	0.6000000000	
84676.2881772717	84644.8785349727	403.2696583698	84676.3408568501	84676.2881772717	0.0000975880	0.0573333333	0.6000000000	
84674.4894195596	84644.4687321782	402.6286776503	84674.6882368128	84674.4894195596	0.0001102247	0.0233333333	0.6333333333	
84673.4955466787	84644.4687321782	402.9490873329	84673.7195856373	84673.4955466787	0.0001407075	0.0466666667	0.6333333333	
84671.5007224679	84643.4033349156	403.6585574945	84671.7865283291	84671.5007224679	0.0002100209	0.0746666667	0.6333333333	
84669.1727595528	84643.2390496135	403.9251919238	84669.7330950697	84669.1727595528	0.0001324226	0.0726666667	0.6333333333	
84668.2320369283	84643.2390496135	404.4334313706	84668.4798768163	84668.2320369283	0.0002382753	0.0440000000	0.6333333333	
84667.0827113589	84643.2390496135	404.7144291845	84667.5229937832	84667.0827113589	0.0002271081	0.0140000000	0.6333333333	
84666.4633302887	84642.7883163095	404.7804328103	84667.2591810425	84666.4633302887	0.0002338076	0.0313333333	0.6333333333	
84664.6295783917	84637.5252366066	405.3496180863	84664.6811856826	84664.6295783917	0.0000483982	0.0273333333	0.6333333333	
84663.7849752108	84637.5252366066	404.8782096801	84664.4603186846	84663.7849752108	0.0003527542	0.0000000000	0.6333333333	
84663.1872745355	84637.3688131571	404.7790801208	84663.4138321877	84663.1872745355	0.0000532849	0.0180000000	0.6333333333	
84662.3670289914	84637.3688131571	405.4890652231	84662.7372568846	84662.3670289914	0.0002002876	0.0180000000	0.6333333333	
84660.8208721876	84635.7526540756	406.8801317656	84660.9875990947	84660.8208721876	0.0001201003	0.0260000000	0.6333333333	
84660.2543105682	84631.1820775270	406.8962950379	84660.6071895361	84660.2543105682	0.0000859924	0.0626666667	0.6333333333	
84659.8631459475	84631.0937136412	406.8725331158	84659.9244566758	84659.8631459475	0.0001104120	0.0106666667	0.6333333333	
84658.6126426856	84630.8748811483	405.9394874626	84658.6194000642	84658.6126426856	0.0000476563	0.0000000000	0.6333333333	
84657.9196647803	84626.2878090143	406.2800522560	84658.0951952934	84657.9196647803	0.0000370423	0.0333333333	0.6333333333	
84657.4577039480	84626.2878090143	405.9373555251	84657.5816881657	84657.4577039480	0.0002154423	0.0393333333	0.6333333333	
84657.1178962787	84626.2878090143	406.0382766852	84657.7826704582	84657.1178962787	0.0004086228	0.1353333333	0.6333333333	
84656.2359680732	84626.2878090143	406.4818425166	84656.3352898757	84656.2359680732	0.0002093803	0.0253333333	0.6333333333	
84655.8740750949	84626.2878090143	406.2723999210	84655.9893820683	84655.8740750949	0.0000798897	0.0413333333	0.6333333333	
84655.0902142127	84626.2878090143	406.5468276385	84655.1712099711	84655.0902142127	0.0001418330	0.0000000000	0.6333333333	
84654.3963962793	84626.2878090143	406.8443925660	84654.6142641703	84654.3963962793	0.0000280257	0.0266666667	0.6333333333	
84654.2365962267	84626.2186497450	406.7684881151	84654.2834260066	84654.2365962267	0.0001375897	0.0106666667	0.6333333333	
84653.5971742868	84626.2186497450	406.4326062377	84653.6109143496	84653.5971742868	0.0000965984	0.0146666667	0.6333333333	
84653.0234835545	84626.2186497450	406.5119034456	84653.3798861504	84653.0234835545	0.0000635451	0.0726666667	0.6333333333	
84652.5158435106	84625.9670078754	406.0297662620	84652.8606365124	84652.5158435106	0.0001698710	0.0386666667	0.6333333333	
84651.9658650955	84625.9670078754	405.6545230945	84652.0907606681	84651.9658650955	0.0001462572	0.0186666667	0.6333333333	
84651.4602812131	84625.9670078754	405.3817122182	84651.6790954272	84651.4602812131	0.0001484761	0.0106666667	0.6333333333	
84650.6921046972	84625.9670078754	405.0748336391	84650.8477995793	84650.6921046972	0.0000046741	0.0073333333	0.6333333333	
84650.3716444969	84625.4280835390	405.1228612088	84650.4247663419	84650.3716444969	0.0000853752	0.0313333333	0.6333333333	
84650.2118374904	84625.4280835390	405.2584415257	84650.2730069558	84650.2118374904	0.0000233562	0.0000000000	0.6333333333	
84649.8080897331	84625.4280835390	405.4707664690	84649.8080897331	84649.8080897331	0.0000059806	0.0000000000	0.6333333333	
84648.9998110135	84622.1491426229	405.4622648127	84649.2199546099	84648.9998110135	0.0000733220	0.0253333333	0.6333333333	
84648.2693479459	84622.1491426229	405.5993682135	84648.4703314304	84648.2693479459	0.0002964160	0.0206666667	0.6333333333	
84647.7423050006	84622.0216602087	405.8163888243	84647.8684029977	84647.7423050006	0.0001490797	0.0286666667	0.6333333333	
84647.6697307825	84621.8871176243	405.8504828914	84647.6787002881	84647.6697307825	0.0000074511	0.0000000000	0.6333333333	
84646.3137966394	84621.8871176243	404.4793934171	84646.3806070884	84646.3137966394	0.0000224739	0.0000000000	0.6333333333	
84645.8024203777	84621.8871176243	404.0733089469	84645.8063354095	84645.8024203777	0.0000423106	0.0013333333	0.6333333333	
84645.4016592105	84621.8871176243	404.3542250475	84645.4190856218	84645.4016592105	0.0000611979	0.0220000000	0.6333333333	
84644.9830879768	84621.8871176243	404.0614553633	84645.2074337006	84644.9830879768	0.0000638871	0.0173333333	0.6333333333	
84644.9182299773	84621.8871176243	404.0655684743	84644.9182299773	84644.9182299773	0.0000000000	0.0000000000	0.6333333333	
84644.8358354966	84621.8871176243	404.0783362986	84644.8673415184	84644.8358354966	0.0000080734	0.0126666667	0.6333333333	
84644.5267319679	84621.8871176243	404.1136022938	84644.5978599787	84644.5267319679	0.0000101980	0.0160000000	0.6333333333	
84644.2194388310	84621.8871176243	403.9677166221	84644.2703102032	84644.2194388310	0.0000089232	0.0140000000	0.6333333333	
84644.1800075769	84621.8871176243	403.9887793903	84644.2103068034	84644.1800075769	0.0001019153	0.0640000000	0.6333333333	
84643.7792867422	84621.8871176243	403.9949100065	84643.8052878777	84643.7792867422	0.0000871416	0.0146666667	0.6333333333	
84643.2501467069	84620.5092757940	404.2247621119	84643.3303223054	84643.2501467069	0.0000817056	0.0126666667	0.6333333333	
84642.6315927505	84620.4063951969	404.3070099275	84642.7325628201	84642.6315927505	0.0000376411	0.0033333333	0.6333333333	
84642.4442774057	84620.4063951969	404.3704187480	84642.4614365896	84642.4442774057	0.0000225205	0.0353333333	0.6333333333	
84641.9596952200	84620.4063951969	404.4717139244	84642.0681097110	84641.9596952200	0.0001027753	0.0253333333	0.6333333333	
84640.8806967735	84610.4111447930	404.4978274199	84641.7740850647	84640.8806967735	0.0003024024	0.0793333333	0.6333333333	
84640.5792625745	84610.3038802743	404.7144318999	84640.6821328402	84640.5792625745	0.0000496987	0.0266666667	0.6333333333	
84639.0284444888	84588.8623967767	404.8278085425	84640.0263788303	84639.0284444888	0.0002427829	0.0493333333	0.6333333333	
84638.7328100204	84588.8623967767	404.9027333088	84638.7328100204	84638.7328100204	0.0000000000	0.0000000000	0.6333333333	
84637.8328788280	84586.1170217395	404.8673934803	84637.9917484522	84637.8328788280	0.0000604411	0.0000000000	0.6333333333	
84637.1376637618	84584.2982098460	404.5633707718	84637.4555553993	84637.1376637618	0.0000421692	0.0066666667	0.6333333333	
84636.6641141971	84584.2982098460	404.2649983019	84636.7155951262	84636.6641141971	0.0001005683	0.0080000000	0.6333333333	
84636.4278439681	84583.8912352920	404.1580761946	84636.4414250851	84636.4278439681	0.0000279552	0.0000000000	0.6333333333	
84636.1565421025	84583.1777706742	404.2622701262	84636.1565421025	84636.1565421025	0.0000000000	0.0000000000	0.6333333333	
84635.3149151802	84582.9519078135	405.0714570517	84635.5074807008	84635.3149151802	0.0002585388	0.0626666667	0.6333333333	
84635.1274196307	84582.9519078135	405.1763214534	84635.1274196307	84635.1274196307	0.0000000000	0.0000000000	0.6333333333	
84634.5378587643	84582.7115193009	405.4543398855	84634.6346724033	84634.5378587643	0.0000337080	0.0020000000	0.6333333333	
84634.3451559544	84582.4753150344	405.5602965661	84634.4168883562	84634.3451559544	0.0001489796	0.0000000000	0.6333333333	
84633.7461775541	84582.4753150344	405.6664254026	84634.0432804823	84633.7461775541	0.0001323133	0.0113333333	0.6333333333	
84633.4081387520	84582.4753150344	405.8714433222	84633.4653168917	84633.4081387520	0.0000437539	0.0000000000	0.6333333333	
84633.3280618985	84581.8241253495	405.7645020619	84633.3280618985	84633.3280618985	0.0000000000	0.0000000000	0.6333333333	
84632.9113970200	84581.8241253495	406.0183804706	84633.0825908979	84632.9113970200	0.0000288942	0.0453333333	0.6333333333	
84632.3487480481	84581.8241253495	406.3473811082	84632.7190881968	84632.3487480481	0.0000477167	0.0320000000	0.6333333333	
84632.0429247618	84581.8241253495	406.2769930712	84632.1093042692	84632.0429247618	0.0000161468	0.0253333333	0.6333333333	
84631.3689402739	84581.8241253495	405.9304236794	84631.3689402739	84631.3689402739	0.0000036247	0.0000000000	0.6333333333	
84628.3104238908	84581.8241253495	408.1109560988	84629.3121753136	84628.3104238908	0.0003151650	0.0580000000	0.6333333333	
84627.4297008912	84581.5911099315	408.8213939688	84627.6731737455	84627.4297008912	0.0001811894	0.0073333333	0.6333333333	
84625.8386782805	84581.5911099315	408.4593473047	84625.8449733257	84625.8386782805	0.0000813820	0.0000000000	0.6333333333	
84625.5677721898	84581.5911099315	408.5356985512	84625.6619258722	84625.5677721898	0.0000505649	0.0793333333	0.6333333333	
84625.0804448128	84581.5911099315	408.6640048436	84626.2046551704	84625.0804448128	0.0003099514	0.0940000000	0.6333333333	
84624.2521701256	84581.2128767371	408.6510184365	84624.4452295701	84624.2521701256	0.0001755811	0.0126666667	0.6333333333	
84623.8543331623	84581.2128767371	408.5015176963	84623.8849520683	84623.8543331623	0.0000182714	0.0286666667	0.6333333333	
84623.6346540848	84581.2128767371	408.5989090739	84623.6346540848	84623.6346540848	0.0000000000	0.0000000000	0.6333333333	
84623.1117683649	84581.2128767371	408.7771458119	84623.8794420163	84623.1117683649	0.0001990970	0.0586666667	0.6333333333	
84622.9623911778	84581.2128767371	408.6680609275	84623.0366758506	84622.9623911778	0.0000383950	0.0120000000	0.6333333333	
84622.0194995403	84581.0953661799	408.2177119279	84622.5858064492	84622.0194995403	0.0004582684	0.0840000000	0.6333333333	
84620.8540964127	84580.7877346873	408.1239313146	84621.0591667891	84620.8540964127	0.0000926058	0.0526666667	0.6333333333	
84620.3293039401	84580.4329797626	408.1760086786	84620.3293039401	84620.3293039401	0.0000024165	0.0000000000	0.6333333333	
84620.2193800608	84580.4329797626	408.1359401450	84620.2303008239	84620.2193800608	0.0000033993	0.0053333333	0.6333333333	
84619.7457424800	84580.4329797626	407.9126304500	84619.9929455916	84619.7457424800	0.0002495450	0.0600000000	0.6333333333	
84618.9536120494	84580.4329797626	408.0032931139	84619.4783264399	84618.9536120494	0.0001614483	0.0180000000	0.6333333333	
84618.1690406799	84580.4329797626	407.9866120072	84618.1690406799	84618.1690406799	0.0000000000	0.0000000000	0.6333333333	
84617.8475846847	84580.4329797626	407.8853514222	84618.1788365046	84617.8475846847	0.0000992685	0.0453333333	0.6333333333	
84617.2355242570	84580.4329797626	408.5353015364	84617.3807992538	84617.2355242570	0.0000403670	0.0633333333	0.6333333333	
84616.0670310259	84580.4329797626	409.6111983002	84616.3322130839	84616.0670310259	0.0002443613	0.0333333333	0.6333333333	
84615.7547024886	84580.0167068839	409.6867200742	84615.8021994432	84615.7547024886	0.0000598063	0.0000000000	0.6333333333	
84615.3510769208	84580.0167068839	409.4848288136	84616.4430236816	84615.3510769208	0.0003416312	0.1040000000	0.6333333333	
84614.8532354832	84579.0682479739	409.7027056131	84615.2290326357	84614.8532354832	0.0004021478	0.0253333333	0.6333333333	
84614.6897272269	84579.0682479739	409.5007190446	84615.3810077906	84614.6897272269	0.0002975248	0.0720000000	0.6333333333	
84614.3969804049	84579.0682479739	409.8818902227	84614.3969804049	84614.3969804049	0.0000000000	0.0000000000	0.6333333333	
84614.2864259084	84579.0013894439	409.7653533291	84614.3431782722	84614.2864259084	0.0000076485	0.0120000000	0.6333333333	
84614.1771938403	84579.0013894439	409.8330867236	84614.2812647422	84614.1771938403	0.0000569009	0.0253333333	0.6333333333	
84613.9183082183	84579.0013894439	410.0026917490	84613.9733048280	84613.9183082183	0.0000397269	0.0193333333	0.6333333333	
84611.5269750357	84569.9310779572	410.3888648183	84612.0951485634	84611.5269750357	0.0001024720	0.0193333333	0.6333333333	
84610.3139315049	84569.6690082550	410.4679995659	84610.3314028184	84610.3139315049	0.0001050094	0.0000000000	0.6333333333	
84609.9425333738	84569.6690082550	410.5245038999	84610.1098299026	84609.9425333738	0.0002315636	0.0186666667	0.6333333333	
84609.6754527092	84569.6690082550	410.4970004017	84609.7321657340	84609.6754527092	0.0000361976	0.0206666667	0.6333333333	
84609.2620941003	84569.6690082550	410.5004642158	84609.2620941003	84609.2620941003	0.0000000000	0.0000000000	0.6333333333	
84608.9895071586	84569.6690082550	410.2425048482	84609.0294448535	84608.9895071586	0.0001183356	0.0000000000	0.6333333333	
84608.5015026728	84567.9438740015	410.6314856432	84608.5137458642	84608.5015026728	0.0000106229	0.0166666667	0.6333333333	
84608.1953136126	84567.9438740015	410.7302425138	84608.5015026728	84608.1953136126	0.0001843507	0.0233333333	0.6333333333	
84608.0159050226	84567.9438740015	410.7311117979	84608.0554737647	84608.0159050226	0.0000231214	0.0046666667	0.6333333333	
84607.6225290696	84567.9438740015	411.0827512187	84607.8293621540	84607.6225290696	0.0001343754	0.0086666667	0.6333333333	
84606.7404506604	84567.9438740015	410.6148777636	84606.8902059396	84606.7404506604	0.0000685367	0.0246666667	0.6333333333	
84606.1532247066	84567.9438740015	410.5637909249	84606.2682062387	84606.1532247066	0.0000448336	0.0160000000	0.6333333333	
84606.0678543647	84567.9438740015	410.5976210370	84606.1006003618	84606.0678543647	0.0001076346	0.0166666667	0.6333333333	
84605.3242307901	84567.9438740015	411.2149018514	84605.3771976630	84605.3242307901	0.0000229454	0.0360000000	0.6333333333	
84603.9914057652	84566.1194533110	412.5264259020	84603.9914057652	84603.9914057652	0.0000000000	0.0000000000	0.6333333333	
84603.3770835400	84566.1194533110	413.1276305999	84604.0121229490	84603.3770835400	0.0002937167	0.1166666667	0.6333333333	
84603.3113658428	84566.1194533110	413.1364065485	84603.3113658428	84603.3113658428	0.0000000000	0.0000000000	0.6333333333	
84602.4232806762	84566.1194533110	414.1437267945	84602.6958745718	84602.4232806762	0.0001641501	0.0253333333	0.6333333333	
84602.1250355244	84566.1194533110	414.1325213982	84602.1402136485	84602.1250355244	0.0000422575	0.0100000000	0.6333333333	
84602.0673179626	84565.7990068197	414.1497044583	84602.1250355244	84602.0673179626	0.0000452049	0.0273333333	0.6333333333	
84600.3310348590	84565.7990068197	415.8378949567	84601.7882108688	84600.3310348590	0.0001386283	0.0413333333	0.6333333333	
84600.3310348590	84565.7990068197	415.8378949567	84600.3310348590	84600.3310348590	0.0000000000	0.0000000000	0.6333333333	
84599.6535142263	84565.7990068197	416.7374996419	84599.6707385778	84599.6535142263	0.0000150782	0.0186666667	0.6333333333	
84599.2851634820	84565.7990068197	416.5118729332	84599.5962868134	84599.2851634820	0.0002028680	0.0593333333	0.6333333333	
84598.8238664468	84565.5328035355	416.5646637131	84598.8416133324	84598.8238664468	0.0000042492	0.0066666667	0.6333333333	
84598.6827987432	84565.1459902525	416.7289813463	84598.6827987432	84598.6827987432	0.0000000000	0.0000000000	0.6333333333	
84596.9746712844	84565.1459902525	419.2279469953	84596.9746712844	84596.9746712844	0.0000000000	0.0000000000	0.6333333333	
84596.8987377485	84565.1459902525	419.2387267114	84596.8987377485	84596.8987377485	0.0000000000	0.0000000000	0.6333333333	
84595.6009823084	84565.1459902525	415.4111021794	84595.8517992496	84595.6009823084	0.0002183530	0.0160000000	0.6333333333	
84595.1211802165	84565.1459902525	414.3121095270	84595.6184577942	84595.1211802165	0.0001160087	0.0960000000	0.6333333333	
84594.7058477004	84565.1459902525	413.1220695928	84594.7058477004	84594.7058477004	0.0000000000	0.0000000000	0.6333333333	
84594.5830933253	84565.1459902525	413.1500588623	84594.5983258883	84594.5830933253	0.0000046741	0.0073333333	0.6333333333	
84593.9776774247	84565.1459902525	411.6498452806	84594.1435497999	84593.9776774247	0.0000647068	0.0000000000	0.6333333333	
84590.4011233648	84565.1459902525	414.9541897586	84590.4634857178	84590.4011233648	0.0000694797	0.1126666667	0.6333333333	
84586.3935214281	84565.1459902525	418.6492770506	84586.9160817067	84586.3935214281	0.0002407934	0.0326666667	0.6333333333	
84585.8751163880	84564.8694425821	419.0786559325	84586.1002141237	84585.8751163880	0.0001751936	0.0466666667	0.6333333333	
84585.7526179155	84564.8694425821	419.1720558286	84585.8164691925	84585.7526179155	0.0000260958	0.0093333333	0.6333333333	
84585.5912711223	84564.8694425821	419.0564548178	84585.6167821089	84585.5912711223	0.0001126187	0.0000000000	0.6333333333	
84585.3152245283	84564.8694425821	418.8952058956	84585.3152245283	84585.3152245283	0.0000000000	0.0000000000	0.6333333333	
84585.1536768675	84564.8694425821	419.0809318761	84585.1536768675	84585.1536768675	0.0000000000	0.0000000000	0.6333333333	
84585.1260077953	84564.8694425821	419.0916006090	84585.1477241516	84585.1260077953	0.0000093481	0.0146666667	0.6333333333	
84584.6771977345	84564.8694425821	418.8753532364	84584.6915572882	84584.6771977345	0.0000245843	0.0000000000	0.6333333333	
84584.0262190501	84564.8694425821	419.0538755532	84584.6188424031	84584.0262190501	0.0001666401	0.0440000000	0.6333333333	
84583.7793119748	84564.8694425821	418.6702559364	84583.7793119748	84583.7793119748	0.0000000000	0.0000000000	0.6333333333	
84583.4388810396	84564.8694425821	418.7733440949	84583.7294616302	84583.4388810396	0.0001915988	0.0213333333	0.6333333333	
84582.8815915187	84564.8694425821	419.2506481676	84582.9026293755	84582.8815915187	0.0000110478	0.0173333333	0.6333333333	
84581.4421097438	84564.8694425821	415.4757179987	84581.4992076159	84581.4421097438	0.0000208209	0.0326666667	0.6333333333	
84581.0001838207	84564.4174158573	415.2763047564	84581.0733109713	84581.0001838207	0.0000423546	0.0080000000	0.6333333333	
84580.8587757746	84564.4174158573	415.1840763087	84580.8633991082	84580.8587757746	0.0000266499	0.0000000000	0.6333333333	
84579.7337253888	84564.4174158573	412.5509009910	84579.9637401104	84579.7337253888	0.0000793987	0.0213333333	0.6333333333	
84579.5360346635	84564.4174158573	412.5735540256	84579.6286110083	84579.5360346635	0.0001413407	0.1373333333	0.6333333333	
84578.6756342649	84564.4174158573	413.1949155201	84578.6756342649	84578.6756342649	0.0000000000	0.0000000000	0.6333333333	
84578.3633333445	84564.4174158573	413.4355494948	84578.3945558469	84578.3633333445	0.0000617227	0.0000000000	0.6333333333	
84577.7887461583	84564.1712784767	413.4617339297	84577.9258459806	84577.7887461583	0.0000770743	0.0000000000	0.6333333333	
84577.4777863423	84564.1712784767	413.0502088231	84577.7185853322	84577.4777863423	0.0000478791	0.0013333333	0.6333333333	
84576.9770592451	84564.1712784767	413.1581764051	84577.0334523916	84576.9770592451	0.0000519833	0.0013333333	0.6333333333	
84576.1321292321	84564.1712784767	412.1255596713	84577.2592993577	84576.1321292321	0.0007176770	0.2506666667	0.6333333333	
84576.0841389497	84564.1712784767	412.1348126060	84576.0841389497	84576.0841389497	0.0000000000	0.0000000000	0.6333333333	
84575.7425500949	84564.1712784767	411.4980608378	84575.9838215510	84575.7425500949	0.0000438114	0.0046666667	0.6333333333	
84575.6075346470	84563.9153063297	411.5266234876	84575.6128311157	84575.6075346470	0.0000021246	0.0033333333	0.6333333333	
84575.3598624468	84563.9153063297	411.5976650494	84575.3752464056	84575.3598624468	0.0000161468	0.0253333333	0.6333333333	
84575.2751310666	84563.9153063297	411.6491016395	84575.2923434973	84575.2751310666	0.0000067986	0.0106666667	0.6333333333	
84574.9878585339	84563.9153063297	411.4590391685	84574.9923604727	84574.9878585339	0.0000113094	0.0046666667	0.6333333333	
84574.6048849821	84563.9153063297	411.2888518922	84574.6856717269	84574.6048849821	0.0000851603	0.0426666667	0.6333333333	
84574.4547738632	84563.9153063297	411.1112871131	84574.4705913464	84574.4547738632	0.0001003807	0.0120000000	0.6333333333	
84574.2828283707	84563.9153063297	411.0676946118	84574.3625980616	84574.2828283707	0.0000225205	0.0353333333	0.6333333333	
84574.0557930867	84563.9153063297	411.0859301485	84574.1908752918	84574.0557930867	0.0001173010	0.0146666667	0.6333333333	
84573.5285929839	84563.8102024794	411.1310524001	84573.9404914777	84573.5285929839	0.0002515617	0.0313333333	0.6333333333	
84573.3158361912	84563.8102024794	411.0306761233	84574.3481560548	84573.3158361912	0.0002259811	0.0286666667	0.6333333333	
84573.2547610998	84563.8102024794	410.9118386404	84573.2611393929	84573.2547610998	0.0000659107	0.0000000000	0.6333333333	
84573.0704591672	84563.7080460787	410.9679879974	84573.0704591672	84573.0704591672	0.0000000000	0.0000000000	0.6333333333	
84572.4068266153	84563.7080460787	410.8136464933	84572.4929591020	84572.4068266153	0.0000353818	0.0000000000	0.6333333333	
84571.8727147579	84563.7080460787	410.6390939046	84571.8855504195	84571.8727147579	0.0000835921	0.0000000000	0.6333333333	
84571.7060013612	84563.7080460787	410.4390721778	84571.7096980413	84571.7060013612	0.0000198240	0.0000000000	0.6333333333	
