Mean	Median	StdDev	Max	Min	Entropy	Hamming	RLD
89495.5622048179	89623.4296411276	394.0142729907	93127.9674793283	89495.5622048179	0.6780597000	1141.0800000000	0.0000000000	
87426.1644531290	87468.4674814343	378.8801112655	88799.1755088170	87426.1644531290	0.4367758372	601.1766666667	0.0000000000	
86517.2815909982	86557.5958684087	366.5517118723	87229.5169980327	86517.2815909982	0.3128483903	394.8960000000	0.0000000000	
85948.6988968651	85964.5300209522	381.8176538479	86412.6787307858	85948.6988968651	0.2205050381	221.4826666667	0.0000000000	
85611.7773609360	85634.9460333586	383.4085862904	85906.2423869967	85611.7773609360	0.1607574784	137.1793333333	0.0000000000	
85402.2544962168	85425.3115981817	379.5075739050	85623.4053228299	85402.2544962168	0.1132847759	72.9233333333	0.0333333333	
85275.7739737630	85350.5670115352	386.2986141059	85448.7643405795	85275.7739737630	0.0731712884	38.4953333333	0.1000000000	
85199.8401299119	85313.0327135324	400.9633623483	85339.2686294516	85199.8401299119	0.0514946873	27.7313333333	0.1666666667	
85144.2204456528	85258.2384929061	413.5993970897	85230.8418524265	85144.2204456528	0.0320062423	13.9793333333	0.2000000000	
85102.8008861343	85235.2823629975	410.4084614977	85158.4827120105	85102.8008861343	0.0205320777	8.1466666667	0.2000000000	
85060.4568324486	85147.7261886001	414.0485329477	85118.3011016250	85060.4568324486	0.0153441202	6.6466666667	0.2000000000	
85028.2813616594	85110.9080240130	419.0585047431	85058.0618397395	85028.2813616594	0.0105705677	2.9993333333	0.2333333333	
85001.3584537307	85070.5729052424	419.9561142922	85017.5459975004	85001.3584537307	0.0059666469	1.8506666667	0.2333333333	
84978.2739882668	85052.3693695664	421.6096771342	84997.8116730849	84978.2739882668	0.0052375058	2.1173333333	0.2666666667	
84954.6433327595	85027.4295851588	417.5071929776	84971.2518155575	84954.6433327595	0.0048460623	2.0153333333	0.2666666667	
84938.0145292481	85011.4599913359	420.3860767995	84948.8811159134	84938.0145292481	0.0040665053	1.4613333333	0.2666666667	
84919.7086849809	85006.3198342919	421.2268395428	84930.7967833678	84919.7086849809	0.0033906328	1.1346666667	0.2666666667	
84904.0469137828	85003.5809352994	422.0025883507	84913.7729389469	84904.0469137828	0.0028894546	0.8060000000	0.2666666667	
84891.4611101151	84995.5236718059	420.4706250770	84901.0724711418	84891.4611101151	0.0027513884	0.8586666667	0.2666666667	
84878.0385607481	84986.5778908134	417.8221040807	84886.5171407660	84878.0385607481	0.0028091204	0.8893333333	0.2666666667	
84865.7699217399	84981.1680629849	415.5233250986	84878.8142558932	84865.7699217399	0.0025845189	0.8666666667	0.2666666667	
84852.8568249941	84950.3594025970	413.6205819947	84860.9489489595	84852.8568249941	0.0026396081	0.5340000000	0.2666666667	
84843.5247548421	84937.5827893615	412.0373328818	84852.6208038131	84843.5247548421	0.0026447087	0.8060000000	0.2666666667	
84831.0194686055	84931.8984106183	410.0743570565	84842.7810046077	84831.0194686055	0.0027139038	0.7046666667	0.2666666667	
84822.4464119474	84923.2190594077	410.1529843862	84831.6648155451	84822.4464119474	0.0024023726	0.7900000000	0.3000000000	
84813.5776433349	84920.0442478061	403.5403480370	84826.8389823039	84813.5776433349	0.0033934132	0.8426666667	0.3000000000	
84802.8069346150	84915.8218696713	398.6333873423	84811.0012035569	84802.8069346150	0.0011850709	0.4666666667	0.3000000000	
84794.8917226990	84911.3869383931	396.7170030542	84803.2940958937	84794.8917226990	0.0018212618	0.6586666667	0.3333333333	
84785.2494089802	84890.9502133727	390.5205040894	84795.1846083999	84785.2494089802	0.0022715400	0.9913333333	0.3333333333	
84779.7051842014	84888.6721238494	388.6160045457	84789.1598797838	84779.7051842014	0.0017704816	0.5453333333	0.3333333333	
84774.2341509461	84884.3440011144	387.5659370412	84775.6250217557	84774.2341509461	0.0009094198	0.2440000000	0.3666666667	
84769.5546448231	84877.4468645453	386.2201956326	84772.0857496063	84769.5546448231	0.0009447983	0.4560000000	0.3666666667	
84763.3941745758	84875.4817590117	385.9982997265	84764.7950688998	84763.3941745758	0.0011430874	0.1733333333	0.3666666667	
84757.2891732057	84874.6761992574	384.9432368876	84758.7167429924	84757.2891732057	0.0010701116	0.2786666667	0.3666666667	
84752.6860812306	84866.2897393107	383.8548829322	84753.7183367213	84752.6860812306	0.0007911623	0.2833333333	0.3666666667	
84747.7209527294	84853.5807088017	382.6915585037	84749.0574209889	84747.7209527294	0.0004897088	0.2700000000	0.3666666667	
84745.3418704867	84851.0857596993	381.7659404531	84746.8675538898	84745.3418704867	0.0005068801	0.1886666667	0.3666666667	
84742.2815919916	84849.7273340821	381.6584082099	84743.2428283493	84742.2815919916	0.0006294254	0.1500000000	0.3666666667	
84738.8031553229	84842.5340816379	381.7930023423	84740.5271684130	84738.8031553229	0.0007516362	0.1533333333	0.4000000000	
84736.5213266015	84834.3054786325	381.7432326868	84736.9645163417	84736.5213266015	0.0002785365	0.1086666667	0.4000000000	
84731.6739119093	84810.4402974248	381.4996636527	84732.3398207625	84731.6739119093	0.0003351930	0.1673333333	0.4000000000	
84729.5888482531	84806.0101017356	382.1028144954	84732.4451980988	84729.5888482531	0.0005978506	0.2006666667	0.4000000000	
84727.2063030799	84799.7307077050	381.7526811860	84728.2143775622	84727.2063030799	0.0003381286	0.2233333333	0.4000000000	
84724.9416622519	84782.7656373382	381.8043114869	84725.1916141311	84724.9416622519	0.0002431694	0.0926666667	0.4000000000	
84723.5913367073	84778.9107054472	382.0005438452	84723.8288494945	84723.5913367073	0.0001249668	0.0953333333	0.4000000000	
84722.3670198520	84778.3587455750	382.3275340637	84723.4023429950	84722.3670198520	0.0004991317	0.1306666667	0.4000000000	
84718.2270244757	84776.4013439417	380.3101888584	84720.7619655132	84718.2270244757	0.0007762262	0.1673333333	0.4000000000	
84715.2120244503	84774.3685662746	378.1607901316	84715.8276267846	84715.2120244503	0.0001555122	0.0600000000	0.4000000000	
84706.6183215380	84771.9980150461	371.1833453877	84707.0402026176	84706.6183215380	0.0011368081	0.2346666667	0.4000000000	
84698.6349435647	84771.9412207603	365.7448730864	84700.4752765099	84698.6349435647	0.0006505377	0.2913333333	0.4000000000	
84695.6683212519	84767.5226181746	364.6600104101	84695.9384252628	84695.6683212519	0.0002482774	0.1053333333	0.4000000000	
84693.5028022528	84762.1443450451	364.7791718430	84695.1836470763	84693.5028022528	0.0005054345	0.1800000000	0.4000000000	
84691.4311252038	84762.1443450451	364.5045889523	84692.0451009274	84691.4311252038	0.0003574581	0.1966666667	0.4000000000	
84689.9322438240	84754.7202050686	364.2166746356	84690.1302419106	84689.9322438240	0.0002076201	0.1053333333	0.4000000000	
84688.4139494101	84754.7202050686	364.7634177398	84689.0431171656	84688.4139494101	0.0003583881	0.0626666667	0.4000000000	
84686.4841568470	84750.0055700541	365.0808260915	84686.9351917505	84686.4841568470	0.0003499318	0.0280000000	0.4000000000	
84682.5149128834	84731.9914951921	363.9649632106	84683.1445912520	84682.5149128834	0.0005065548	0.0806666667	0.4000000000	
84679.5944478114	84731.8388625979	363.9612110825	84680.0702031453	84679.5944478114	0.0003409387	0.0586666667	0.4666666667	
84677.3615107934	84731.1470374465	363.2353494839	84677.9873408874	84677.3615107934	0.0004046489	0.1373333333	0.4666666667	
84675.9975264470	84728.7216261029	362.8476325372	84676.0819520553	84675.9975264470	0.0002098409	0.0240000000	0.4666666667	
84675.1028356950	84728.2083258033	362.2151025806	84675.3904960553	84675.1028356950	0.0002790281	0.0366666667	0.4666666667	
84674.0288169185	84725.3921702504	362.2644865228	84674.4232059519	84674.0288169185	0.0002333443	0.0780000000	0.4666666667	
84672.8880706429	84724.4408115745	361.7534670740	84674.4072364767	84672.8880706429	0.0005591473	0.1320000000	0.4666666667	
84671.2599044045	84723.1914088130	361.3923387883	84671.6792532802	84671.2599044045	0.0003405300	0.0740000000	0.4666666667	
84670.1177772880	84723.1015339494	361.3825060307	84670.4718322555	84670.1177772880	0.0002685943	0.0360000000	0.4666666667	
84668.7990896900	84721.9945535064	360.8586924186	84669.3943753839	84668.7990896900	0.0004816291	0.0860000000	0.4666666667	
84667.7607018749	84720.1960012317	361.0178850105	84668.3323114117	84667.7607018749	0.0003182870	0.0526666667	0.4666666667	
84666.4043300350	84711.4681228995	361.3462800632	84667.4697388212	84666.4043300350	0.0004678618	0.1933333333	0.4666666667	
84665.2006591360	84711.4681228995	361.6485880186	84665.8863511682	84665.2006591360	0.0002943019	0.1113333333	0.4666666667	
84664.7459937135	84709.8512902856	361.6840468209	84664.8533820112	84664.7459937135	0.0000922107	0.0226666667	0.4666666667	
84663.0631497502	84709.8512902856	362.1259092102	84663.4684790174	84663.0631497502	0.0003030713	0.0813333333	0.4666666667	
84662.3460905751	84709.7886607051	362.1716700737	84662.6817855239	84662.3460905751	0.0001711535	0.0526666667	0.4666666667	
84660.4914099972	84702.5400683284	362.8008165168	84660.8050492406	84660.4914099972	0.0001756870	0.0400000000	0.4666666667	
84659.7726137439	84702.5400683284	362.8269281175	84660.2457440893	84659.7726137439	0.0003641852	0.0420000000	0.4666666667	
84658.7182979782	84701.8908545375	363.1112159232	84658.8701020678	84658.7182979782	0.0002768884	0.0233333333	0.4666666667	
84658.1045328577	84701.2541040778	362.8606269761	84658.2173380256	84658.1045328577	0.0000675015	0.0373333333	0.4666666667	
84657.3721743623	84700.8761122823	363.0264751155	84657.4890092015	84657.3721743623	0.0000575351	0.0320000000	0.4666666667	
84656.6919353604	84700.8761122823	363.1510883019	84656.7726396521	84656.6919353604	0.0001091594	0.0040000000	0.4666666667	
84654.0760800242	84697.6150408387	363.6685843261	84654.6826604009	84654.0760800242	0.0001708761	0.1180000000	0.5000000000	
84653.3124211431	84694.6396872401	363.9819153744	84653.5069065293	84653.3124211431	0.0001251629	0.0680000000	0.5000000000	
84652.7049353719	84694.0941855311	364.0694061334	84653.0231256286	84652.7049353719	0.0002338168	0.0873333333	0.5000000000	
84650.1152619720	84694.0137788653	360.4473838402	84650.2860948443	84650.1152619720	0.0002393873	0.0000000000	0.5000000000	
84649.4974363844	84694.0137788653	360.0796749287	84649.6231783430	84649.4974363844	0.0000226823	0.0200000000	0.5000000000	
84649.0298514565	84692.9994806647	360.1196521757	84649.2253054182	84649.0298514565	0.0002728414	0.0120000000	0.5000000000	
84647.6878567537	84691.8453529477	359.5382616174	84648.1996343533	84647.6878567537	0.0003427621	0.1226666667	0.5000000000	
84646.8596963088	84691.8453529477	359.6769720676	84647.0572992166	84646.8596963088	0.0002601438	0.0113333333	0.5000000000	
84645.8459333579	84691.8453529477	359.3168983174	84646.2858875593	84645.8459333579	0.0000544369	0.0713333333	0.5000000000	
84645.3751659393	84691.8453529477	359.4952034974	84645.4907321930	84645.3751659393	0.0000568826	0.0426666667	0.5000000000	
84644.6231551965	84691.8453529477	359.2177778296	84644.9341809750	84644.6231551965	0.0001358090	0.0166666667	0.5000000000	
84643.5143903891	84691.3401499391	359.5803489414	84643.5964004199	84643.5143903891	0.0000169966	0.0266666667	0.5000000000	
84642.4420811733	84691.3401499391	359.7780985229	84642.8795423110	84642.4420811733	0.0003242669	0.0546666667	0.5000000000	
84641.8389715751	84691.3401499391	359.6497092049	84642.1011332671	84641.8389715751	0.0001697769	0.0606666667	0.5000000000	
84640.9140169621	84691.3401499391	360.0308737744	84641.0360016425	84640.9140169621	0.0001555051	0.0386666667	0.5000000000	
84640.2756961187	84691.3401499391	360.0428554335	84640.4381606976	84640.2756961187	0.0000434031	0.0306666667	0.5000000000	
84639.2294375102	84691.1829605699	359.1221755162	84639.2629649242	84639.2294375102	0.0001054726	0.0060000000	0.5000000000	
84638.4585807721	84688.4769156575	358.9068292036	84638.8028572003	84638.4585807721	0.0004308627	0.0646666667	0.5000000000	
84637.8726150592	84688.2345870137	359.0909544452	84638.0769222975	84637.8726150592	0.0002756664	0.0226666667	0.5000000000	
84637.1379526456	84688.2345870137	358.5442626574	84637.3987934987	84637.1379526456	0.0000946292	0.0833333333	0.5000000000	
84636.4702888330	84688.2345870137	358.5395451902	84636.7905861139	84636.4702888330	0.0002066676	0.0113333333	0.5000000000	
84635.9752601385	84687.4989792705	358.0155023520	84636.0699921846	84635.9752601385	0.0000846413	0.0233333333	0.5000000000	
84635.6907594204	84687.4989792705	358.1961893752	84635.7835747798	84635.6907594204	0.0000560938	0.0420000000	0.5000000000	
84634.8971801996	84687.4989792705	358.4091253608	84635.4064273834	84634.8971801996	0.0002385613	0.1146666667	0.5000000000	
84633.7708642085	84687.4989792705	357.8538854773	84633.8542175293	84633.7708642085	0.0001408951	0.0186666667	0.5000000000	
84632.7668148279	84687.4174788594	357.7094932494	84632.9133828481	84632.7668148279	0.0001791911	0.0206666667	0.5000000000	
84632.0465761423	84687.4174788594	358.8245357057	84633.3670699596	84632.0465761423	0.0003219773	0.0640000000	0.5000000000	
84631.2825697660	84687.4174788594	359.0036167865	84631.7237999042	84631.2825697660	0.0004247165	0.0993333333	0.5000000000	
84630.7423499227	84686.8092998862	359.2124605847	84631.0400121411	84630.7423499227	0.0001260345	0.1233333333	0.5000000000	
84630.2022346854	84686.8005469441	359.7858123882	84630.2917163571	84630.2022346854	0.0000902693	0.0480000000	0.5000000000	
84628.3601474762	84686.8005469441	358.8769901488	84628.7200214465	84628.3601474762	0.0003242019	0.0000000000	0.5000000000	
84627.9717810949	84686.8005469441	358.5837056482	84628.1504654884	84627.9717810949	0.0000817478	0.0306666667	0.5000000000	
84627.0699910323	84686.4054635167	358.4435560080	84627.7524985870	84627.0699910323	0.0002617344	0.0720000000	0.5000000000	
84626.4967954159	84686.4054635167	358.3559090342	84626.5795022249	84626.4967954159	0.0002376306	0.0613333333	0.5000000000	
84625.8685835202	84686.4054635167	358.2760620183	84626.0833009084	84625.8685835202	0.0000491924	0.0273333333	0.5000000000	
84624.2397594452	84686.1971303821	358.3379834162	84625.1744266351	84624.2397594452	0.0003556824	0.0326666667	0.5000000000	
84624.0328164895	84686.1971303821	358.4371751254	84624.1018337011	84624.0328164895	0.0001521665	0.0046666667	0.5000000000	
84623.6413886150	84686.1971303821	358.1809050648	84623.8298831383	84623.6413886150	0.0001677354	0.0580000000	0.5000000000	
84622.9894377788	84685.9061166644	358.2928425083	84623.4679005543	84622.9894377788	0.0003678450	0.1286666667	0.5000000000	
84621.9488203526	84685.6399878860	358.4892763514	84622.0883258184	84621.9488203526	0.0000800872	0.0160000000	0.5000000000	
84621.1195518573	84685.0985452533	358.7542785658	84621.8313509226	84621.1195518573	0.0005144849	0.1033333333	0.5000000000	
84619.8642534018	84685.0985452533	358.4743573550	84620.1163033644	84619.8642534018	0.0001073923	0.0400000000	0.5000000000	
84617.7826881409	84685.0985452533	357.6235014774	84617.8909550111	84617.7826881409	0.0000528198	0.0233333333	0.5000000000	
84617.3019625743	84684.7931340337	357.5044821099	84617.4142475923	84617.3019625743	0.0001245975	0.0246666667	0.5000000000	
84616.1147731543	84684.7931340337	357.5858958097	84616.4209463199	84616.1147731543	0.0001227666	0.0446666667	0.5000000000	
84615.3088661035	84684.7931340337	357.3110753575	84615.4988100131	84615.3088661035	0.0002251490	0.0440000000	0.5000000000	
84614.4605110089	84684.7931340337	357.0496237199	84614.5154281457	84614.4605110089	0.0001520520	0.0280000000	0.5000000000	
84613.9425476392	84684.7931340337	356.7520521226	84614.7023504972	84613.9425476392	0.0006628922	0.0993333333	0.5000000000	
84613.3371728659	84684.7931340337	356.5189055665	84613.6154834429	84613.3371728659	0.0002219542	0.0680000000	0.5000000000	
84612.8158028920	84684.6779420972	356.6896725349	84612.8158028920	84612.8158028920	0.0000000000	0.0000000000	0.5000000000	
84612.1462839842	84682.7767893672	356.3050945955	84612.3332315683	84612.1462839842	0.0001521020	0.0153333333	0.5000000000	
84610.0689554214	84681.6326066852	354.6167240611	84612.6244642337	84610.0689554214	0.0006756587	0.1740000000	0.5000000000	
84609.6636178096	84681.6326066852	354.5658930440	84609.7942262888	84609.6636178096	0.0001215690	0.0293333333	0.5000000000	
84609.3482577801	84681.6326066852	354.3334601981	84609.3795382977	84609.3482577801	0.0000187554	0.0260000000	0.5000000000	
84609.0840439002	84681.6326066852	354.2985873016	84609.2353012164	84609.0840439002	0.0001190893	0.0433333333	0.5000000000	
84608.0252027512	84680.6460633874	354.2425008882	84608.1029665470	84608.0252027512	0.0000397346	0.0253333333	0.5000000000	
84607.9469869534	84680.6460633874	354.3252853728	84607.9560470581	84607.9469869534	0.0000277834	0.0000000000	0.5000000000	
84607.5288526217	84680.6460633874	354.0741727312	84607.6782288154	84607.5288526217	0.0000671615	0.0313333333	0.5000000000	
84607.3674585422	84680.3112223744	353.9471962143	84607.4645644426	84607.3674585422	0.0000545447	0.0246666667	0.5000000000	
84605.5516558886	84680.3112223744	352.8845685050	84605.6222657363	84605.5516558886	0.0000829058	0.0000000000	0.5000000000	
84604.0551809470	84678.8187548518	352.1968020250	84604.9387707313	84604.0551809470	0.0002504102	0.0553333333	0.5000000000	
84603.1764101982	84678.8187548518	351.7805242464	84603.2153970003	84603.1764101982	0.0000259198	0.0406666667	0.5000000000	
84602.7793465058	84678.8187548518	351.7722573742	84602.8599586089	84602.7793465058	0.0000454099	0.0246666667	0.5000000000	
84602.5674335162	84678.6055728793	351.7325753210	84602.6495728890	84602.5674335162	0.0000767160	0.0040000000	0.5000000000	
84602.0997716983	84678.6055728793	351.8109351484	84602.1475535631	84602.0997716983	0.0000182691	0.0153333333	0.5000000000	
84601.7297436794	84678.6055728793	351.6727788021	84601.8054809173	84601.7297436794	0.0000565401	0.0200000000	0.5000000000	
84600.6898140907	84676.9939616323	351.0970074294	84600.7077304522	84600.6898140907	0.0000327789	0.0046666667	0.5000000000	
84599.8391483227	84676.9939616323	350.9656634905	84599.9194091558	84599.8391483227	0.0000698922	0.0093333333	0.5000000000	
84599.2104178667	84676.1716708541	351.0973762188	84599.9648118019	84599.2104178667	0.0002372178	0.0626666667	0.5000000000	
84598.5633683205	84676.1716708541	350.8538674018	84598.9698123932	84598.5633683205	0.0000975001	0.0506666667	0.5000000000	
84597.7011350791	84676.1716708541	350.5622160969	84597.7918001016	84597.7011350791	0.0001206901	0.0140000000	0.5000000000	
84597.4202167988	84676.1716708541	350.5431940044	84597.4277838071	84597.4202167988	0.0000429922	0.0000000000	0.5000000000	
84596.4523245891	84676.1716708541	349.9979085685	84597.3036553462	84596.4523245891	0.0003165825	0.1033333333	0.5000000000	
84596.1421976487	84676.1716708541	349.8549505504	84596.2201309204	84596.1421976487	0.0000372626	0.0060000000	0.5000000000	
84595.5158088605	84676.1716708541	349.5446406302	84595.5939579010	84595.5158088605	0.0000855299	0.0093333333	0.5000000000	
84595.3424390157	84676.1716708541	349.5330826560	84595.5027945836	84595.3424390157	0.0001791071	0.0060000000	0.5000000000	
84595.1244338353	84676.1716708541	349.5240790604	84595.1674064000	84595.1244338353	0.0000481939	0.0066666667	0.5000000000	
84593.8268314799	84675.6633237004	349.4722874916	84594.0333150824	84593.8268314799	0.0001702275	0.0400000000	0.5000000000	
84593.6669229468	84675.2875939012	349.3612593886	84593.7606915832	84593.6669229468	0.0000631068	0.0093333333	0.5000000000	
84593.5578079025	84675.2875939012	349.2798601052	84593.5625472665	84593.5578079025	0.0000097731	0.0153333333	0.5000000000	
84593.3382669091	84675.2875939012	349.2041711116	84593.3496766289	84593.3382669091	0.0000050990	0.0080000000	0.5000000000	
84593.3134147525	84675.2875939012	349.2105666135	84593.3302473028	84593.3134147525	0.0000645764	0.0000000000	0.5000000000	
84593.1991111239	84675.1497849822	349.1746141777	84593.2329085469	84593.1991111239	0.0001173379	0.0133333333	0.5000000000	
84593.0279913545	84675.1497849822	349.0668560259	84593.1419550379	84593.0279913545	0.0000650120	0.1020000000	0.5000000000	
84592.7337973316	84675.1497849822	349.0045492158	84592.8127764662	84592.7337973316	0.0001556384	0.0000000000	0.5000000000	
84591.0174839695	84674.9314591289	348.0912834419	84591.0702843467	84591.0174839695	0.0001228963	0.0280000000	0.5000000000	
84590.8528913061	84674.9314591289	347.9194850654	84591.0098643104	84590.8528913061	0.0000144471	0.0226666667	0.5000000000	
84590.4069849849	84674.7082367539	347.7186451259	84590.5569333832	84590.4069849849	0.0000084983	0.0133333333	0.5000000000	
84590.1515280207	84674.7082367539	347.5959035244	84590.1780574520	84590.1515280207	0.0000276195	0.0433333333	0.5000000000	
84589.6553237240	84672.7898761630	347.4681522461	84589.8955987891	84589.6553237240	0.0001700973	0.0226666667	0.5000000000	
84589.5281810562	84672.7898761630	347.4013208474	84589.6033745011	84589.5281810562	0.0000802893	0.0160000000	0.5000000000	
84589.1823304693	84672.7898761630	347.7213731101	84589.2791766922	84589.1823304693	0.0000538938	0.0506666667	0.5000000000	
84589.0128841996	84672.7303668857	347.5652011746	84589.0324716767	84589.0128841996	0.0000332744	0.0106666667	0.5000000000	
84588.6508044600	84672.7303668857	347.5061530669	84588.9641585946	84588.6508044600	0.0002094415	0.0360000000	0.5000000000	
84588.2404050231	84672.7303668857	347.5773672653	84588.4403215845	84588.2404050231	0.0000955496	0.0220000000	0.5000000000	
84587.8660318255	84672.5379541516	347.4281416966	84588.1757961710	84587.8660318255	0.0002464083	0.0333333333	0.5000000000	
84587.5108481447	84669.2215934396	347.4641515933	84587.5108481447	84587.5108481447	0.0000000000	0.0000000000	0.5000000000	
84587.4688435594	84669.2215934396	347.4581769112	84587.4812804659	84587.4688435594	0.0000143016	0.0000000000	0.5000000000	
84587.1635984381	84669.0689250827	347.3585429621	84587.1772133311	84587.1635984381	0.0000228826	0.0313333333	0.5000000000	
84586.9750466943	84669.0689250827	347.2901104924	84587.1333423257	84586.9750466943	0.0001400363	0.0000000000	0.5000000000	
84586.9241783023	84669.0689250827	347.3469057159	84586.9431039691	84586.9241783023	0.0000512870	0.0000000000	0.5000000000	
84586.5156856179	84669.0173491836	347.0146423818	84586.5191240112	84586.5156856179	0.0000165089	0.0213333333	0.5000000000	
84585.8512541652	84669.0173491836	346.0806408751	84585.8754190803	84585.8512541652	0.0000196567	0.0246666667	0.5000000000	
84585.0041255355	84667.5616428256	345.1186881712	84585.6410456697	84585.0041255355	0.0003814289	0.1173333333	0.5000000000	
84584.5722227295	84667.5616428256	344.8415143871	84584.5799190799	84584.5722227295	0.0000310805	0.0113333333	0.5000000000	
84584.3167967598	84667.5616428256	344.6822595271	84584.3757842978	84584.3167967598	0.0001777302	0.0213333333	0.5000000000	
84583.8178174694	84667.5616428256	344.5182092296	84584.0906940897	84583.8178174694	0.0001540999	0.0626666667	0.5000000000	
84583.6627555887	84667.5616428256	344.4545779837	84583.6734971404	84583.6627555887	0.0000607875	0.0000000000	0.5000000000	
84583.2711812854	84667.5616428256	344.0303393961	84583.2711812854	84583.2711812854	0.0000000000	0.0000000000	0.5000000000	
84583.0305170019	84667.5616428256	344.0524398067	84583.0693909526	84583.0305170019	0.0000964930	0.0093333333	0.5000000000	
84582.8316834569	84667.5616428256	344.1112168221	84582.8874052564	84582.8316834569	0.0000198697	0.0000000000	0.5000000000	
84582.5101102392	84667.5616428256	343.9284204386	84582.5204683344	84582.5101102392	0.0000333938	0.0186666667	0.5000000000	
84582.4712245663	84667.5616428256	343.9534202607	84582.4712245663	84582.4712245663	0.0000000000	0.0000000000	0.5000000000	
84582.4156315128	84667.5616428256	344.0312796811	84582.4156315128	84582.4156315128	0.0000000000	0.0000000000	0.5000000000	
84582.3122476538	84667.5616428256	344.1119780570	84582.4677782257	84582.3122476538	0.0001263478	0.0220000000	0.5000000000	
84582.1343951424	84667.5616428256	344.0448773963	84582.1551655730	84582.1343951424	0.0000089232	0.0140000000	0.5000000000	
84582.0643829306	84667.5616428256	344.0543977592	84582.1027436852	84582.0643829306	0.0000411457	0.0100000000	0.5000000000	
84582.0138793190	84667.5616428256	344.0230950558	84582.0195912321	84582.0138793190	0.0000042492	0.0066666667	0.5000000000	
84581.9642662009	84667.4639537930	344.0248080796	84581.9707788030	84581.9642662009	0.0000063737	0.0100000000	0.5000000000	
84581.6978250941	84667.4639537930	344.1247417442	84581.6978250941	84581.6978250941	0.0000000000	0.0000000000	0.5000000000	
84581.5764237444	84667.4639537930	344.2597798222	84581.6153628628	84581.5764237444	0.0001059607	0.0000000000	0.5000000000	
84581.3938660423	84667.4639537930	344.4588937604	84581.6467975577	84581.3938660423	0.0000822918	0.0533333333	0.5000000000	
84581.3616872827	84667.4639537930	344.4619425799	84581.3876753052	84581.3616872827	0.0000447603	0.0013333333	0.5000000000	
84580.6719989578	84667.4639537930	343.9554977632	84581.8271530668	84580.6719989578	0.0004547799	0.1353333333	0.5000000000	
84579.1807106137	84667.4639537930	345.1218263691	84579.5313881834	84579.1807106137	0.0000678277	0.0320000000	0.5000000000	
84579.0056489905	84667.4639537930	344.9616783720	84579.1797615091	84579.0056489905	0.0001074290	0.0120000000	0.5000000000	
84578.9562132955	84667.4639537930	344.9780619871	84578.9730643233	84578.9562132955	0.0000304895	0.0000000000	0.5000000000	
84578.7348688642	84667.4639537930	344.8802281852	84578.7473200758	84578.7348688642	0.0000046741	0.0073333333	0.5000000000	
84578.7298225363	84667.4639537930	344.8770698864	84578.7298225363	84578.7298225363	0.0000000000	0.0000000000	0.5000000000	
84578.6971800526	84667.4639537930	344.8699220211	84578.7195870280	84578.6971800526	0.0000310500	0.0000000000	0.5000000000	
84578.6492275198	84667.4639537930	344.8962146020	84578.6714679996	84578.6492275198	0.0000794114	0.0186666667	0.5000000000	
84578.6173686385	84667.4639537930	344.8492269929	84578.6492275198	84578.6173686385	0.0000049659	0.0040000000	0.5000000000	
84578.4751306971	84666.9974580407	344.7801534065	84578.4751306971	84578.4751306971	0.0000000000	0.0000000000	0.5000000000	
84578.1282481551	84666.9974580407	344.6424581799	84578.3911080162	84578.1282481551	0.0002656264	0.0266666667	0.5000000000	
84578.0523960789	84666.9974580407	344.6431150440	84578.0523960789	84578.0523960789	0.0000000000	0.0000000000	0.5000000000	
84577.6540999611	84666.9974580407	344.2728392276	84577.9735520482	84577.6540999611	0.0001420343	0.0160000000	0.5000000000	
84577.4810124437	84666.9974580407	344.1783886637	84577.4927241604	84577.4810124437	0.0000382153	0.0000000000	0.5000000000	
84576.1310208837	84666.9974580407	342.8589774867	84576.3661242525	84576.1310208837	0.0001775105	0.0060000000	0.5000000000	
84575.9628972411	84666.9974580407	342.6605718029	84575.9628972411	84575.9628972411	0.0000059458	0.0000000000	0.5000000000	
84575.7395159205	84666.9974580407	342.5599446299	84575.7486642400	84575.7395159205	0.0000367755	0.0000000000	0.5000000000	
84575.6026729941	84666.9974580407	342.6504908389	84575.7395159205	84575.6026729941	0.0000529535	0.0580000000	0.5000000000	
84575.3082022071	84666.9974580407	342.4827643795	84575.3270392617	84575.3082022071	0.0001126600	0.0220000000	0.5000000000	
84574.7333362699	84666.3864240050	342.1011065023	84575.2136738102	84574.7333362699	0.0000627544	0.0946666667	0.5000000000	
84574.4501836101	84666.3864240050	341.9164184822	84574.6733292937	84574.4501836101	0.0000821337	0.0260000000	0.5000000000	
84574.2670352260	84666.3864240050	341.9496371210	84574.3234689037	84574.2670352260	0.0001130161	0.0120000000	0.5000000000	
84574.2392980059	84666.3864240050	341.9558345076	84574.2392980059	84574.2392980059	0.0000000000	0.0000000000	0.5000000000	
84573.9871798952	84666.3864240050	341.7318288432	84574.0191492438	84573.9871798952	0.0000220956	0.0346666667	0.5000000000	
84573.8701557120	84666.3864240050	341.6955915566	84573.9355042577	84573.8701557120	0.0000436390	0.0093333333	0.5000000000	
84573.6770988504	84664.5188018680	341.6157425685	84573.6852082610	84573.6770988504	0.0000059488	0.0093333333	0.5000000000	
84573.1656842430	84664.5188018680	341.4413120036	84573.5531853636	84573.1656842430	0.0001030751	0.0553333333	0.5000000000	
84573.0678008993	84664.5188018680	341.5228959519	84573.2430880268	84573.0678008993	0.0001544393	0.0586666667	0.5000000000	
84572.8659964601	84664.5188018680	341.6174674527	84572.8809051712	84572.8659964601	0.0000914029	0.0093333333	0.5000000000	
84572.3123849432	84663.8722077012	341.1433663635	84572.9499861598	84572.3123849432	0.0003584356	0.1580000000	0.5000000000	
84572.2608150045	84663.8722077012	341.1263502375	84572.2822359204	84572.2608150045	0.0000089232	0.0140000000	0.5000000000	
84572.1211664875	84663.8722077012	340.9821854975	84572.1775433421	84572.1211664875	0.0000135973	0.0213333333	0.5000000000	
84570.5525866151	84662.8941193223	341.0999653287	84571.2376052141	84570.5525866151	0.0004836024	0.0746666667	0.5000000000	
84570.3421529134	84662.8941193223	341.1368821618	84570.4294840495	84570.3421529134	0.0000458262	0.0086666667	0.5000000000	
84569.5764662822	84662.7874508500	340.4462736458	84569.6950062116	84569.5764662822	0.0000431613	0.0506666667	0.5000000000	
84568.9952961604	84662.7874508500	339.9752717948	84569.0551851193	84568.9952961604	0.0000238846	0.0000000000	0.5000000000	
84568.7961200873	84662.0672181249	340.0353647695	84568.8602940242	84568.7961200873	0.0000477494	0.0000000000	0.5000000000	
84568.4451671441	84658.4264293313	339.8847756155	84568.4451671441	84568.4451671441	0.0000000000	0.0000000000	0.5000000000	
84567.9876464605	84658.1896707416	340.2403372489	84568.2506058614	84567.9876464605	0.0001148125	0.0713333333	0.5000000000	
84567.2436096271	84649.9730244279	340.1735296753	84567.7235390743	84567.2436096271	0.0002049807	0.0413333333	0.5000000000	
84566.9838051001	84649.9730244279	339.8022006991	84567.1539918582	84566.9838051001	0.0000991952	0.0086666667	0.5000000000	
84566.7420685291	84649.6743008494	339.7633573021	84566.7509800196	84566.7420685291	0.0000089232	0.0140000000	0.5000000000	
84566.6952852408	84649.6743008494	339.7835381781	84566.7024648190	84566.6952852408	0.0000233354	0.0000000000	0.5000000000	
84566.5539274613	84649.6743008494	339.8758110507	84566.5580906471	84566.5539274613	0.0000063737	0.0100000000	0.5000000000	
84566.4184345802	84649.6743008494	339.9740068998	84566.4525083701	84566.4184345802	0.0000675486	0.0120000000	0.5000000000	
84566.4184345802	84649.6743008494	339.9740068998	84566.4184345802	84566.4184345802	0.0000000000	0.0000000000	0.5000000000	
84566.1129504442	84649.6743008494	339.6865915373	84566.1129504442	84566.1129504442	0.0000000000	0.0000000000	0.5000000000	
84565.4606544971	84649.6743008494	339.0368459021	84565.6859256824	84565.4606544971	0.0000080734	0.0126666667	0.5000000000	
84564.9184149504	84649.6743008494	338.5784604390	84565.4579335451	84564.9184149504	0.0002130058	0.0886666667	0.5000000000	
84563.6562655369	84649.6743008494	337.6594091472	84563.6562655369	84563.6562655369	0.0000000000	0.0000000000	0.5000000000	
84563.5900358359	84649.6743008494	337.6558260749	84563.6322828134	84563.5900358359	0.0000903047	0.0373333333	0.5000000000	
84563.2620127996	84649.6743008494	337.6229262656	84563.2998206218	84563.2620127996	0.0000625937	0.0013333333	0.5000000000	
84563.0149887006	84649.6743008494	337.5541262085	84563.1048764785	84563.0149887006	0.0001628778	0.0186666667	0.5000000000	
84562.8974469503	84649.6743008494	337.7315838552	84562.8974469503	84562.8974469503	0.0000000000	0.0000000000	0.5000000000	
84562.2067348162	84649.6743008494	337.9900037565	84562.2214855750	84562.2067348162	0.0000152970	0.0240000000	0.5000000000	
84561.8071685235	84649.6743008494	337.9010085818	84561.8539138635	84561.8071685235	0.0000986541	0.0406666667	0.5000000000	
84561.5950616201	84649.6743008494	337.9452122648	84561.6374667486	84561.5950616201	0.0000712416	0.0000000000	0.5000000000	
84561.5623732408	84649.6743008494	337.9890464496	84561.6015781959	84561.5623732408	0.0001173010	0.0066666667	0.5000000000	
84560.6869767110	84649.6743008494	338.4918644139	84561.2746498982	84560.6869767110	0.0000287020	0.0233333333	0.5000000000	
84559.8468639453	84649.6743008494	337.9053670852	84559.9572680394	84559.8468639453	0.0000639450	0.0100000000	0.5000000000	
84559.6942114830	84649.6743008494	338.0183355740	84559.7494596243	84559.6942114830	0.0001052647	0.0306666667	0.5000000000	
84559.6179850896	84649.6743008494	337.9878205959	84559.6262131135	84559.6179850896	0.0000178860	0.0126666667	0.5000000000	
84559.5641462008	84649.6743008494	337.9728330261	84559.5641462008	84559.5641462008	0.0000000000	0.0000000000	0.5000000000	
84559.2626315355	84649.6743008494	337.6951331074	84559.5396604141	84559.2626315355	0.0001560785	0.0560000000	0.5000000000	
84559.1518576940	84649.6743008494	337.6370902439	84559.2873215675	84559.1518576940	0.0000860153	0.0153333333	0.5000000000	
84558.9481959740	84649.5926395059	337.6108429776	84558.9531165361	84558.9481959740	0.0000283201	0.0000000000	0.5000000000	
84558.9212397734	84649.5926395059	337.5937955778	84558.9212397734	84558.9212397734	0.0000000000	0.0000000000	0.5000000000	
84557.3890550931	84641.2763580680	337.1547971630	84557.9823879401	84557.3890550931	0.0000884131	0.0706666667	0.5333333333	
84557.2524372737	84641.0107627511	337.0717994522	84557.2701436281	84557.2524372737	0.0000152447	0.0000000000	0.5333333333	
84557.2291107972	84641.0107627511	337.0981971204	84557.2383634249	84557.2291107972	0.0000129285	0.0180000000	0.5333333333	
84557.1990340948	84640.5596122146	337.0877718308	84557.1990340948	84557.1990340948	0.0000000000	0.0000000000	0.5333333333	
84557.0473446449	84640.5596122146	336.9945269264	84557.1647099654	84557.0473446449	0.0000373161	0.0066666667	0.5333333333	
84556.8212922414	84640.5596122146	336.8732151425	84556.8384720882	84556.8212922414	0.0002652792	0.0013333333	0.5333333333	
84556.3954867919	84640.5596122146	337.0831808850	84556.3954867919	84556.3954867919	0.0000000000	0.0000000000	0.5333333333	
84556.1998363336	84640.5596122146	337.0144302298	84556.2568928798	84556.1998363336	0.0001392448	0.0000000000	0.5333333333	
84556.1340097586	84640.1119008660	337.0338530736	84556.1340097586	84556.1340097586	0.0000089709	0.0000000000	0.5333333333	
84555.9494562944	84640.1119008660	337.0905308032	84555.9650160869	84555.9494562944	0.0000080734	0.0126666667	0.5333333333	
84555.7382327318	84637.6566633582	337.0426873346	84555.7382327318	84555.7382327318	0.0000091348	0.0000000000	0.5333333333	
84555.6414985657	84636.7679849267	337.0412928769	84555.6481540203	84555.6414985657	0.0000038242	0.0060000000	0.5333333333	
84555.6218147278	84636.7679849267	337.0192448941	84555.6414985657	84555.6218147278	0.0000110478	0.0173333333	0.5333333333	
84555.6218147278	84636.7679849267	337.0192448941	84555.6218147278	84555.6218147278	0.0000000000	0.0000000000	0.5333333333	
84554.9676994483	84636.7679849267	337.0104951188	84557.0896871885	84554.9676994483	0.0002764254	0.1040000000	0.5333333333	
84554.9584782124	84636.6296663880	337.0074153344	84554.9584782124	84554.9584782124	0.0000000000	0.0000000000	0.5333333333	
84554.6043558915	84636.6296663880	337.1759586965	84554.6385548512	84554.6043558915	0.0000596532	0.0000000000	0.5333333333	
84554.4460123777	84636.6296663880	337.1320578914	84554.5011862119	84554.4460123777	0.0000896090	0.0073333333	0.5333333333	
84554.4460123777	84636.6296663880	337.1320578914	84554.4460123777	84554.4460123777	0.0000000000	0.0000000000	0.5333333333	
84554.1711266835	84636.6296663880	337.1876287896	84554.2433993022	84554.1711266835	0.0000546287	0.0100000000	0.5333333333	
