Mean	Median	StdDev	Max	Min	Entropy	Hamming	RLD
89938.8248962164	90047.6350232959	649.9733643918	101916.1318504810	89938.8248962164	0.8483860767	1986.8640000000	0.0000000000	
88026.9062549869	88124.4017556310	393.3711471403	100734.1630333662	88026.9062549869	0.7666659725	1689.9173333333	0.0000000000	
86946.1260107160	86951.1569231749	418.1548165391	99502.6784120997	86946.1260107160	0.6771056151	1465.6900000000	0.0000000000	
86267.3471998175	86323.6802965403	446.6116857555	97432.3710243901	86267.3471998175	0.6029720964	1298.2006666667	0.0000000000	
85789.6199362477	85813.0147159100	423.0641098267	94598.7951744596	85789.6199362477	0.5181520665	1105.9133333333	0.0000000000	
85455.9279836218	85417.4619033933	420.4066475821	91931.7882642150	85455.9279836218	0.4501425038	944.9800000000	0.0000000000	
85228.0999282996	85229.2270943522	425.5009873290	90261.3636766871	85228.0999282996	0.3937174634	830.2486666667	0.0000000000	
85050.2239190539	85066.2741228938	424.7967610997	89027.5950431824	85050.2239190539	0.3385893972	693.8880000000	0.0000000000	
84922.1531985203	84935.1369872689	419.1267086913	87961.3753182689	84922.1531985203	0.2927804396	600.0980000000	0.0333333333	
84811.8267120918	84826.4610320330	422.6779974369	87215.9441572428	84811.8267120918	0.2569378951	518.3626666667	0.0666666667	
84731.7150818308	84750.3393277526	427.0452048670	86410.8545046051	84731.7150818308	0.2203876048	437.6473333333	0.1000000000	
84671.7090947429	84697.9549780488	429.6426017740	85771.3127535582	84671.7090947429	0.1825504612	361.5826666667	0.1333333333	
84621.4795840780	84639.5712450147	429.5268398900	85568.8092030088	84621.4795840780	0.1609755245	306.5453333333	0.1666666667	
84573.9504294594	84605.6177839637	420.0748172631	85370.9135140975	84573.9504294594	0.1422176496	272.1966666667	0.1666666667	
84542.3987237612	84583.5017785430	418.0070893529	85191.2465339899	84542.3987237612	0.1233829495	229.2493333333	0.2333333333	
84512.8240055839	84569.1039487720	412.7055114707	85012.6385354996	84512.8240055839	0.1108969672	202.3426666667	0.2333333333	
84485.3174136082	84528.5282626748	409.4217638249	84965.6769612432	84485.3174136082	0.1056598551	192.1566666667	0.2666666667	
84463.3814943830	84482.5168684125	406.1755633844	84906.9987273216	84463.3814943830	0.0981680625	176.8206666667	0.2666666667	
84441.6156717141	84449.5110645890	401.4948996253	84785.0023088853	84441.6156717141	0.0896100875	160.5940000000	0.3333333333	
84422.3922588428	84430.3698971868	400.1521634489	84752.4946078658	84422.3922588428	0.0824196433	146.4520000000	0.3333333333	
84406.2068196138	84411.7402538657	394.8780167505	84693.7735307217	84406.2068196138	0.0758975901	131.3873333333	0.3333333333	
84390.5456699928	84386.9330629706	392.7420492369	84654.4088618954	84390.5456699928	0.0734189615	127.0473333333	0.3333333333	
84380.2081907789	84375.8587256074	392.0028102880	84603.3297917247	84380.2081907789	0.0688578607	119.7393333333	0.3333333333	
84367.6712515950	84365.1038303971	390.8012950120	84570.3604758779	84367.6712515950	0.0663625693	114.4786666667	0.3333333333	
84356.2716243664	84354.2037531734	389.6548025510	84535.5696115891	84356.2716243664	0.0613129138	106.5893333333	0.3333333333	
84344.1547604402	84347.2478434443	388.1370463979	84515.8509735266	84344.1547604402	0.0605916798	103.1793333333	0.3333333333	
84336.1339153846	84340.1530936360	388.9072546291	84498.3244973421	84336.1339153846	0.0553878169	94.9513333333	0.3666666667	
84329.7785960635	84338.1203427911	388.6765722850	84482.1418728431	84329.7785960635	0.0533730747	90.6300000000	0.3666666667	
84323.6211642623	84328.7648484111	388.2232922906	84460.5767128865	84323.6211642623	0.0510330720	85.3253333333	0.4000000000	
84313.8802376390	84326.7306849360	386.3262987823	84449.2023534576	84313.8802376390	0.0506223730	87.6340000000	0.4000000000	
84304.7600864371	84322.9720875621	388.5459058436	84442.5444339712	84304.7600864371	0.0498510829	83.9640000000	0.4000000000	
84299.5229406158	84320.5967977643	387.0845520012	84422.9785017173	84299.5229406158	0.0471098776	79.3986666667	0.4000000000	
84292.8771910071	84311.9104102254	387.1998058314	84406.7903582255	84292.8771910071	0.0449620929	72.7986666667	0.4000000000	
84288.3210602403	84310.3303238750	388.1496803584	84395.8157523473	84288.3210602403	0.0432196974	71.4606666667	0.4333333333	
84283.3466830850	84307.2695836425	387.9958936551	84392.0176600416	84283.3466830850	0.0438683330	73.5126666667	0.4333333333	
84278.6903338631	84302.5619760156	386.7946883742	84384.4504242142	84278.6903338631	0.0428725665	72.3766666667	0.4333333333	
84274.9685963988	84298.8432481885	386.7256889828	84372.4673578143	84274.9685963988	0.0411100920	68.9473333333	0.4333333333	
84271.5839629372	84295.0668349862	387.3610839698	84361.0802490513	84271.5839629372	0.0389799135	65.7633333333	0.4333333333	
84266.9094096621	84289.7559121251	389.4322224325	84358.5795608163	84266.9094096621	0.0395304423	65.9560000000	0.4333333333	
84261.8926595648	84288.6813566089	387.0294003816	84355.6719345848	84261.8926595648	0.0390969416	66.3080000000	0.4333333333	
84258.9049280683	84287.5675633550	387.2427763604	84350.2766085664	84258.9049280683	0.0376469139	64.2060000000	0.4333333333	
84255.4665324092	84286.6923257709	387.3473026985	84336.4430100719	84255.4665324092	0.0367193543	61.3500000000	0.4333333333	
84251.2680936853	84284.4829544425	388.2485636671	84330.0352641940	84251.2680936853	0.0372947526	61.2540000000	0.4333333333	
84248.5349866748	84282.1055158973	386.8260209313	84324.6223150690	84248.5349866748	0.0366380466	59.7546666667	0.4333333333	
84244.0607073903	84281.3699409366	385.4732161148	84324.1178938746	84244.0607073903	0.0364651756	60.8400000000	0.4666666667	
84240.7863043745	84278.2100066543	384.7339920504	84322.8809308012	84240.7863043745	0.0368888041	61.7306666667	0.4666666667	
84237.4418756366	84276.8463715911	383.6417635225	84318.0742846926	84237.4418756366	0.0365552702	60.5206666667	0.4666666667	
84234.6173253655	84276.5234962106	382.0168230669	84316.6120289763	84234.6173253655	0.0369200655	60.1913333333	0.4666666667	
84229.7414661447	84275.4114851356	378.5739011149	84309.5388101538	84229.7414661447	0.0367804155	59.0260000000	0.4666666667	
84226.9416752458	84275.2790406346	379.0008919326	84303.9801328381	84226.9416752458	0.0362095171	59.8586666667	0.4666666667	
84224.7907488545	84275.0845983624	379.1797859054	84297.9880338907	84224.7907488545	0.0354122609	58.1740000000	0.4666666667	
84221.8748465180	84273.8138183951	378.3701295666	84291.7368392150	84221.8748465180	0.0342881972	54.2353333333	0.4666666667	
84220.0304274758	84272.1427127719	378.0439756434	84286.9635063410	84220.0304274758	0.0341325079	54.3333333333	0.4666666667	
84216.6802428166	84267.6898673177	377.6938889063	84283.9206218719	84216.6802428166	0.0335289156	54.3526666667	0.4666666667	
84214.9690232674	84266.2050113082	377.4513072801	84279.1628257434	84214.9690232674	0.0330734756	53.8120000000	0.4666666667	
84212.7955285708	84262.6184806228	377.6701678890	84275.2542202671	84212.7955285708	0.0331006920	54.3100000000	0.4666666667	
84210.0628592571	84259.9782362580	378.3235699895	84272.2884939114	84210.0628592571	0.0332268243	54.0800000000	0.4666666667	
84207.0567750931	84259.1446533799	379.6703741878	84269.6678896745	84207.0567750931	0.0325464435	53.2873333333	0.4666666667	
84203.1551724672	84258.8923528790	381.4288941817	84264.7851996620	84203.1551724672	0.0318709874	52.1233333333	0.4666666667	
84200.3406830629	84258.5111215711	382.6209537460	84261.3873982430	84200.3406830629	0.0313147485	50.1500000000	0.4666666667	
84199.2047413190	84258.1299588084	382.6553759674	84252.0195678870	84199.2047413190	0.0304400349	49.3480000000	0.4666666667	
84197.9005891085	84257.7900722623	382.6714164453	84247.3060349623	84197.9005891085	0.0294859914	47.2366666667	0.4666666667	
84195.2225404978	84248.3033165336	383.3404872200	84240.3714392583	84195.2225404978	0.0282319624	45.6873333333	0.4666666667	
84191.9965304931	84241.5236100554	381.9839598679	84238.9565715194	84191.9965304931	0.0285077088	45.3793333333	0.4666666667	
84185.1618276040	84232.6682344079	377.4080381547	84236.7848693331	84185.1618276040	0.0285728108	44.6826666667	0.4666666667	
84180.8188140392	84221.8674793839	376.8460464454	84233.8063039382	84180.8188140392	0.0290482685	45.6200000000	0.4666666667	
84177.0277863741	84213.1568744779	375.9489444651	84230.3037361304	84177.0277863741	0.0287377743	46.1360000000	0.5000000000	
84173.6001950502	84199.8965844512	375.0914086380	84225.7288749019	84173.6001950502	0.0297948911	47.4946666667	0.5000000000	
84170.7612156868	84189.6057441831	374.7719199899	84224.3801591794	84170.7612156868	0.0297122253	48.8473333333	0.5333333333	
84169.7843647003	84185.9843954444	374.7145335679	84221.2302106619	84169.7843647003	0.0287557361	45.7840000000	0.5333333333	
84168.0612164736	84184.5546051860	374.4525742865	84219.3669841687	84168.0612164736	0.0278837043	45.1080000000	0.5333333333	
84165.2897237738	84176.3709172606	374.5966600607	84214.6075926224	84165.2897237738	0.0269892251	41.8493333333	0.5333333333	
84162.7361435692	84175.0203475356	374.0043568492	84212.4923288822	84162.7361435692	0.0278399441	43.8580000000	0.5333333333	
84160.9667361776	84171.8142613769	373.8036498949	84211.2642271320	84160.9667361776	0.0282114404	44.1460000000	0.5333333333	
84158.7441844742	84171.1556926370	373.5141097180	84209.4130645196	84158.7441844742	0.0285419737	45.6766666667	0.5333333333	
84156.5575179458	84171.1062952876	373.7123397361	84195.8939371506	84156.5575179458	0.0278144493	43.2020000000	0.5333333333	
84155.5017253757	84170.4634740949	373.8444775145	84193.4959425529	84155.5017253757	0.0274564090	42.9873333333	0.5333333333	
84153.7666401267	84170.0423315167	373.9302796624	84191.7705247800	84153.7666401267	0.0274445167	41.8366666667	0.5333333333	
84152.0917877555	84169.7492614388	373.6973694597	84188.7206998467	84152.0917877555	0.0267475678	42.1666666667	0.5333333333	
84151.2012681365	84169.0986856818	373.5179877813	84193.5777436693	84151.2012681365	0.0263404928	41.1420000000	0.5333333333	
84150.5397292972	84167.7345916629	373.6319142246	84189.2345804970	84150.5397292972	0.0258685211	39.6520000000	0.5666666667	
84149.3314527472	84166.6673853993	373.7403191259	84188.1264961759	84149.3314527472	0.0260753426	39.0780000000	0.5666666667	
84148.3980972568	84166.2293568254	374.0046614502	84186.3055059314	84148.3980972568	0.0260540897	40.6340000000	0.5666666667	
84147.0749154687	84166.1785170436	373.3988913140	84177.9364798466	84147.0749154687	0.0247394345	39.2726666667	0.5666666667	
84145.7303226988	84165.5144408345	373.0077713749	84176.4259936412	84145.7303226988	0.0244059471	38.0960000000	0.5666666667	
84144.9728366733	84165.4340967536	372.9178702916	84173.1037551165	84144.9728366733	0.0238405212	37.3253333333	0.5666666667	
84144.2188524206	84161.2285509706	372.6730237750	84171.9403549035	84144.2188524206	0.0229951387	36.1760000000	0.5666666667	
84143.7470033765	84160.7087656856	372.7169411302	84168.9837450783	84143.7470033765	0.0227064690	35.7653333333	0.5666666667	
84142.6002133886	84160.4864314198	372.4612542494	84168.6389721433	84142.6002133886	0.0229581066	36.5413333333	0.5666666667	
84141.9499579072	84160.0782260299	372.7279602725	84168.0322747429	84141.9499579072	0.0233538394	36.6093333333	0.5666666667	
84140.2771982551	84159.7483947873	372.9873536586	84167.0359486341	84140.2771982551	0.0236436937	36.7440000000	0.5666666667	
84139.3349847198	84159.3742623925	373.1490269307	84167.0181715488	84139.3349847198	0.0241249561	37.5773333333	0.5666666667	
84137.5850819548	84158.5145220160	372.3395371558	84163.0161211888	84137.5850819548	0.0229077147	35.4326666667	0.5666666667	
84137.0949324965	84157.6695665717	372.6056635395	84162.3210350672	84137.0949324965	0.0223970690	34.6173333333	0.5666666667	
84136.1251303554	84157.0772185922	372.3107093222	84160.8770057559	84136.1251303554	0.0224660269	34.0206666667	0.5666666667	
84135.6975091497	84156.6514357924	372.3493791726	84159.3434515595	84135.6975091497	0.0222679719	34.0713333333	0.5666666667	
84134.8353303472	84156.1740204692	372.4131121680	84158.9738147457	84134.8353303472	0.0224180634	34.4766666667	0.5666666667	
84133.4660932422	84154.5913591981	372.2228127038	84158.5932915409	84133.4660932422	0.0218575337	33.9846666667	0.5666666667	
84132.5132426620	84153.5201534629	372.8479376883	84156.9512346387	84132.5132426620	0.0213039504	32.9073333333	0.5666666667	
84130.6399815281	84152.7347698808	373.2430839486	84154.2300576965	84130.6399815281	0.0208825059	32.0320000000	0.5666666667	
84129.9756794174	84152.0151153207	373.3765365365	84153.1740197539	84129.9756794174	0.0211627644	31.6113333333	0.5666666667	
84129.3373160561	84151.5686735511	373.1212996560	84152.8067953388	84129.3373160561	0.0210718779	32.4106666667	0.5666666667	
84128.6643865705	84151.5686735511	372.7623027761	84152.7335359653	84128.6643865705	0.0209465306	32.8446666667	0.5666666667	
84128.4390665094	84151.5206024051	372.7701199993	84151.9694314400	84128.4390665094	0.0204986777	31.6133333333	0.5666666667	
84127.3565478126	84151.4481797814	372.3834367606	84150.7455956936	84127.3565478126	0.0201105420	30.2786666667	0.5666666667	
84126.8881665667	84151.3248220086	372.3093911855	84150.3888303041	84126.8881665667	0.0198039456	30.1026666667	0.5666666667	
84126.4528013269	84151.3248220086	372.1536905831	84149.1078811884	84126.4528013269	0.0196991666	30.1486666667	0.5666666667	
84125.8100945751	84151.1883959174	372.5700771278	84148.1951560577	84125.8100945751	0.0193903261	30.1166666667	0.5666666667	
84125.2388585607	84151.0839059949	372.5625245589	84148.3134458462	84125.2388585607	0.0197448140	30.5446666667	0.5666666667	
84124.8311711351	84150.9621158242	372.4738626031	84147.4929686387	84124.8311711351	0.0196672139	30.8233333333	0.5666666667	
84124.1177011530	84150.9476199746	373.0575263966	84147.0709413290	84124.1177011530	0.0198579136	31.3466666667	0.5666666667	
84123.4270581603	84150.4105940461	372.8280367894	84146.2381660938	84123.4270581603	0.0197114187	30.2340000000	0.5666666667	
84122.9783720772	84150.3583535552	372.8675871421	84145.4211290677	84122.9783720772	0.0195976561	29.9046666667	0.5666666667	
84122.4505077799	84144.3172916770	372.8417994959	84146.7570378383	84122.4505077799	0.0192277228	29.8786666667	0.5666666667	
84121.5361480912	84142.9278448224	372.7937346997	84146.6894608736	84121.5361480912	0.0192287816	29.6600000000	0.6000000000	
84120.2944667141	84135.6169298291	372.5032692457	84144.1273504496	84120.2944667141	0.0196524473	29.9273333333	0.6000000000	
84120.0286981463	84134.4671145082	372.4859202029	84142.9900614421	84120.0286981463	0.0191172731	28.9513333333	0.6000000000	
84119.8316016793	84133.2501694560	372.5448124903	84140.9424674511	84119.8316016793	0.0184378207	27.6840000000	0.6000000000	
84118.9044645429	84125.1700088382	372.5773143412	84140.5004698038	84118.9044645429	0.0186213836	28.4080000000	0.6000000000	
84118.3265351256	84124.8712226748	372.6060923580	84140.6526243687	84118.3265351256	0.0188053314	28.7826666667	0.6000000000	
84118.1382442514	84124.1727665067	372.5814518654	84138.4801679850	84118.1382442514	0.0184593373	28.2313333333	0.6000000000	
84116.8100522955	84123.1835648417	373.6333991772	84135.4150507848	84116.8100522955	0.0181781308	27.8333333333	0.6000000000	
84113.9774166544	84122.7363273501	375.8379182253	84148.6585787932	84113.9774166544	0.0193828151	28.5953333333	0.6000000000	
84113.6065285404	84121.2657287717	376.0067949317	84148.6110478640	84113.6065285404	0.0191898952	29.6400000000	0.6000000000	
84112.9163244367	84121.2657287717	376.6533042812	84141.7468287547	84112.9163244367	0.0186268368	28.6940000000	0.6000000000	
84109.8697641492	84120.9467187524	379.9781509633	84136.6279953718	84109.8697641492	0.0184118446	28.0140000000	0.6000000000	
84109.2016387979	84120.7858070731	379.9522921810	84132.7161047856	84109.2016387979	0.0183056922	27.6393333333	0.6000000000	
84108.5139772296	84120.0107648969	380.2674450577	84131.6035928329	84108.5139772296	0.0178609024	26.9913333333	0.6000000000	
84108.1313221653	84119.8350444436	380.4173948590	84131.5164154768	84108.1313221653	0.0176850872	26.3486666667	0.6000000000	
84107.8877682487	84119.8350444436	380.5848722397	84130.7349518935	84107.8877682487	0.0175471027	26.3553333333	0.6000000000	
84107.2200031082	84119.8346719146	380.8541812752	84128.4691853325	84107.2200031082	0.0170739565	25.5946666667	0.6000000000	
84107.0066560308	84119.8346719146	380.8009816152	84124.7775839766	84107.0066560308	0.0166889580	24.5406666667	0.6000000000	
84106.5781504909	84119.3967416883	380.6361869435	84122.6726781328	84106.5781504909	0.0166932995	24.4486666667	0.6000000000	
84106.1224686106	84118.7333747745	380.3987577100	84123.1990529100	84106.1224686106	0.0164529130	24.4193333333	0.6000000000	
84105.7629163067	84118.4856697917	380.6348609592	84122.5172602137	84105.7629163067	0.0162263493	24.3580000000	0.6000000000	
84105.0034225980	84118.4856697917	380.8259898529	84120.8001260956	84105.0034225980	0.0160916823	24.2946666667	0.6000000000	
84104.7882617513	84118.4856697917	380.8972992898	84119.4874963164	84104.7882617513	0.0160872315	24.3713333333	0.6000000000	
84104.1709515452	84117.8235873580	380.1770339438	84121.7975834012	84104.1709515452	0.0162131473	24.9626666667	0.6000000000	
84103.4160356720	84112.2572705150	380.0981273275	84121.9297626615	84103.4160356720	0.0163480109	24.6246666667	0.6000000000	
84103.0387863517	84111.5877047181	379.8200573573	84115.4615907868	84103.0387863517	0.0164299109	24.4046666667	0.6000000000	
84102.7249609431	84111.0684916377	379.7685940238	84118.0564138293	84102.7249609431	0.0158171487	23.4353333333	0.6000000000	
84102.2238346934	84110.7602313161	379.6898594564	84117.9149694244	84102.2238346934	0.0157747490	23.9366666667	0.6000000000	
84102.0014781753	84110.7602313161	379.6692782671	84118.0059751868	84102.0014781753	0.0156413689	23.8160000000	0.6000000000	
84101.5077182651	84109.2802777886	379.6511861099	84116.3601681590	84101.5077182651	0.0154936292	23.3766666667	0.6000000000	
84100.9243769447	84106.3283994794	379.4203237879	84115.6909476717	84100.9243769447	0.0158128270	23.7200000000	0.6000000000	
84099.7744410237	84106.1100468040	378.6311414191	84115.8410160740	84099.7744410237	0.0169397188	24.8100000000	0.6000000000	
84098.7089670698	84105.1300585270	378.9149094845	84116.1207502087	84098.7089670698	0.0174363015	25.3720000000	0.6000000000	
84098.3078429103	84105.1264733076	378.8840675062	84113.7056832512	84098.3078429103	0.0174209064	25.9726666667	0.6000000000	
84097.9404275616	84105.1264733076	378.7835271959	84113.0423975984	84097.9404275616	0.0173012634	26.0640000000	0.6000000000	
84097.3748984933	84104.9711376429	378.9357889940	84114.5699418585	84097.3748984933	0.0173321058	25.8060000000	0.6000000000	
84096.1963086327	84104.9234360456	379.5177820678	84115.1069725553	84096.1963086327	0.0179129286	26.6053333333	0.6000000000	
84095.0912440817	84104.9234360456	379.8411284805	84116.1107640465	84095.0912440817	0.0184016744	27.8160000000	0.6000000000	
84094.3270378311	84103.3404886723	379.9904235914	84113.8295246164	84094.3270378311	0.0180275318	27.7660000000	0.6000000000	
84094.0992219249	84103.3073544502	379.9876797847	84113.6847896377	84094.0992219249	0.0174002815	26.6706666667	0.6000000000	
84092.2272416949	84103.3037692308	380.7300958848	84113.4240169327	84092.2272416949	0.0176181172	26.3073333333	0.6000000000	
84091.8170017997	84103.3037692308	380.8531541739	84112.6110411684	84091.8170017997	0.0174230226	25.5446666667	0.6000000000	
84090.7867900531	84103.3037692308	381.6506862727	84111.0489043593	84090.7867900531	0.0172100545	25.7526666667	0.6000000000	
84090.2564074596	84102.8807818890	381.9099239491	84109.6326674024	84090.2564074596	0.0165089585	25.0153333333	0.6000000000	
84089.8642626405	84102.6767879725	381.7585919071	84105.0642535090	84089.8642626405	0.0160875248	24.0220000000	0.6000000000	
84089.1220071912	84102.6767879725	381.5154377697	84103.3885815740	84089.1220071912	0.0158519671	22.7846666667	0.6000000000	
84088.8158525030	84102.6767879725	381.7316043875	84102.9381784797	84088.8158525030	0.0159101233	23.5486666667	0.6000000000	
84088.5524454713	84102.6767879725	381.8072319634	84102.0894481738	84088.5524454713	0.0162948997	24.2586666667	0.6000000000	
84088.0542638898	84102.6767879725	381.5007723693	84102.2494019071	84088.0542638898	0.0162123475	24.3473333333	0.6000000000	
84086.2784698606	84100.2822205424	382.4168744268	84102.1356172363	84086.2784698606	0.0166676950	24.7306666667	0.6000000000	
84085.6750020385	84100.2822205424	382.5000473005	84103.0600936214	84085.6750020385	0.0170093993	24.9486666667	0.6000000000	
84085.2018492420	84100.2822205424	382.6340301929	84102.8865580757	84085.2018492420	0.0166060512	25.1846666667	0.6000000000	
84084.2172283928	84100.2822205424	382.9315616187	84102.9355612397	84084.2172283928	0.0169820056	25.9233333333	0.6000000000	
84083.8599388798	84100.2116903663	383.1132243138	84102.6399321357	84083.8599388798	0.0166075167	25.0366666667	0.6000000000	
84083.6296917001	84100.2116903663	383.3669068171	84100.5792140961	84083.6296917001	0.0162036465	24.4600000000	0.6000000000	
84083.5178590814	84100.2081051469	383.3880113116	84099.2915534973	84083.5178590814	0.0157820202	23.7506666667	0.6000000000	
84082.8028322260	84100.2081051469	383.3262212000	84098.4380420049	84082.8028322260	0.0157390389	23.7640000000	0.6000000000	
84082.4446331461	84100.2081051469	383.3435345549	84096.5452602506	84082.4446331461	0.0156214670	23.3573333333	0.6000000000	
84081.9821193814	84099.9276772141	383.0735058452	84096.4220487078	84081.9821193814	0.0154785600	22.8640000000	0.6000000000	
84081.6647685568	84096.7141374946	383.0315953410	84096.1545913418	84081.6647685568	0.0152949835	22.7126666667	0.6000000000	
84081.4908098181	84095.6121757627	383.0219687557	84096.7501275738	84081.4908098181	0.0155295852	23.1120000000	0.6000000000	
84081.4222640793	84095.3002914786	383.0223521059	84097.2492299477	84081.4222640793	0.0156193811	23.4820000000	0.6000000000	
84081.2533105413	84095.2474847436	382.9591399278	84098.2883126537	84081.2533105413	0.0154684327	23.6866666667	0.6000000000	
84080.7802147667	84095.2211514115	382.7733291127	84095.0257225831	84080.7802147667	0.0155952758	23.1686666667	0.6000000000	
84080.1446943482	84095.2211514115	383.4797187560	84093.7598435084	84080.1446943482	0.0156866771	23.2820000000	0.6000000000	
84080.0036628048	84095.2211514115	383.4878691356	84094.4418632984	84080.0036628048	0.0157311014	23.1593333333	0.6000000000	
84079.6958970030	84095.2211514115	383.6557924866	84093.3125201861	84079.6958970030	0.0153986130	21.9866666667	0.6000000000	
84079.1519632936	84095.1598092914	384.0984167376	84092.4079686403	84079.1519632936	0.0154540978	22.2873333333	0.6000000000	
84078.5257910689	84095.1479777694	384.5537595391	84093.1508073211	84078.5257910689	0.0155207822	23.1920000000	0.6000000000	
84078.2291623950	84095.1479777694	384.6659026878	84092.4684320887	84078.2291623950	0.0153522048	23.1106666667	0.6000000000	
84077.8845339020	84095.1479777694	384.5923520539	84092.2050059835	84077.8845339020	0.0152334497	22.6013333333	0.6000000000	
84077.6623810331	84094.5966795087	384.6988751781	84091.4262606700	84077.6623810331	0.0147839796	22.2393333333	0.6000000000	
84077.6071022948	84094.5848479867	384.7251742615	84089.6885031462	84077.6071022948	0.0148359970	22.1180000000	0.6000000000	
84077.4649005135	84094.5848479867	384.7402954914	84089.2309135199	84077.4649005135	0.0146731390	22.2373333333	0.6000000000	
84077.0781581600	84094.5586130023	384.9327672019	84089.6051073074	84077.0781581600	0.0146053885	21.6700000000	0.6000000000	
84076.6429802775	84094.5586130023	385.0791628494	84089.7747290134	84076.6429802775	0.0150275835	22.2893333333	0.6000000000	
84076.2874703606	84094.4159463048	385.1793127305	84090.1665790876	84076.2874703606	0.0146501373	22.2640000000	0.6000000000	
84076.0900565982	84094.3828120828	385.3053656671	84089.0716944138	84076.0900565982	0.0144778647	21.9313333333	0.6000000000	
84076.0191586614	84094.3828120828	385.2891479503	84089.0130931139	84076.0191586614	0.0144797784	21.6220000000	0.6000000000	
84075.0879922509	84094.3788155913	385.4309272016	84088.7946259975	84075.0879922509	0.0147341834	22.1380000000	0.6000000000	
84075.0359041492	84094.3788155913	385.4302684939	84088.0245157083	84075.0359041492	0.0146873062	22.0653333333	0.6000000000	
84074.8485228419	84091.7483225465	385.4317318264	84087.0357720057	84074.8485228419	0.0141865584	21.8500000000	0.6000000000	
84074.7499153018	84091.7264267802	385.4087011945	84085.8283082644	84074.7499153018	0.0137171293	21.2220000000	0.6000000000	
84074.4826015830	84091.6750505567	385.5757820382	84085.4843938351	84074.4826015830	0.0136006486	20.6086666667	0.6000000000	
84074.4475031893	84091.6714653373	385.6086511466	84085.4721549153	84074.4475031893	0.0135068511	20.2700000000	0.6000000000	
84074.1024085879	84091.4096847177	385.6089091097	84085.1204875112	84074.1024085879	0.0136633954	20.3186666667	0.6000000000	
84074.0105542541	84091.4056882262	385.7225668758	84084.2947641015	84074.0105542541	0.0133906445	19.8560000000	0.6000000000	
84073.8932165504	84091.3506969810	385.4616364870	84083.1059115132	84073.8932165504	0.0130264878	19.6246666667	0.6000000000	
84073.8181639711	84091.3506969810	385.4605365135	84082.9301829139	84073.8181639711	0.0129741032	19.1500000000	0.6000000000	
84073.3978892366	84091.3388654590	385.4224641337	84083.0233972271	84073.3978892366	0.0131934088	19.4266666667	0.6000000000	
84073.2928281029	84090.4960557818	385.4497724985	84083.0204082529	84073.2928281029	0.0134540389	19.8420000000	0.6000000000	
84073.1448472540	84090.4328182340	385.5244135390	84082.9234620929	84073.1448472540	0.0135724359	20.1133333333	0.6000000000	
84073.0615173777	84090.4328182340	385.4797450838	84082.6088250677	84073.0615173777	0.0137061774	20.4740000000	0.6000000000	
84072.9222765565	84090.4328182340	385.5882440062	84082.3708894849	84072.9222765565	0.0135830195	20.2760000000	0.6000000000	
84072.8760213653	84090.4328182340	385.6057986580	84082.1693576376	84072.8760213653	0.0135795563	19.9000000000	0.6000000000	
84072.7932332953	84090.4328182340	385.6617144111	84082.2380063931	84072.7932332953	0.0136058233	20.2680000000	0.6000000000	
84072.6700302958	84089.9370014668	385.6275693476	84081.5240178506	84072.6700302958	0.0136457731	20.1753333333	0.6000000000	
84072.4972916643	84089.9370014668	385.6464819371	84081.4150373141	84072.4972916643	0.0137521998	20.4613333333	0.6000000000	
84071.3879079620	84075.2826035023	385.5384111160	84081.1071715752	84071.3879079620	0.0137459533	20.8346666667	0.6000000000	
84070.6646580497	84065.2852684259	385.5332113185	84085.3868242105	84070.6646580497	0.0140581750	21.3513333333	0.6000000000	
84066.6170759002	84057.0738658309	385.8642633789	84092.5450432301	84066.6170759002	0.0145283016	21.0286666667	0.6000000000	
84064.3975209196	84052.2826299071	386.7121907943	84092.5540220737	84064.3975209196	0.0155676971	21.8293333333	0.6000000000	
84063.4506894151	84051.8922075629	387.0218725723	84095.3059852123	84063.4506894151	0.0154430116	22.6366666667	0.6000000000	
84063.3967160185	84051.8922075629	387.0359158904	84080.3715658188	84063.3967160185	0.0148154587	22.0793333333	0.6000000000	
84063.2769849896	84051.6297265887	387.1063092766	84080.2033859491	84063.2769849896	0.0144935719	21.7886666667	0.6000000000	
84063.0755544702	84050.9308055043	387.1996883272	84080.2039947112	84063.0755544702	0.0145960395	22.2073333333	0.6000000000	
84062.8239672383	84050.6650730968	387.2330527782	84080.2049156030	84062.8239672383	0.0147844053	22.4373333333	0.6000000000	
84062.4093704422	84050.6650730968	387.1661140307	84078.0779692531	84062.4093704422	0.0143988570	21.7400000000	0.6000000000	
84060.6978179018	84050.6115362048	387.9351875696	84078.0440416932	84060.6978179018	0.0148134993	22.6606666667	0.6000000000	
84060.3577110171	84050.6115362048	387.9948640385	84077.0967913667	84060.3577110171	0.0146780836	22.9293333333	0.6000000000	
84059.6172810594	84050.6115362048	387.7178817849	84071.7583181461	84059.6172810594	0.0140520857	21.2533333333	0.6000000000	
84059.2156001925	84050.6115362048	387.4545075818	84071.3773256540	84059.2156001925	0.0142013964	21.0000000000	0.6000000000	
84059.1339821617	84050.6115362048	387.4439818782	84071.8616630634	84059.1339821617	0.0143440354	21.3466666667	0.6000000000	
84058.9705986778	84050.6115362048	387.4380931444	84070.5956383546	84058.9705986778	0.0139549653	20.7440000000	0.6000000000	
84058.7737418215	84050.6115362048	387.4520324350	84070.5910068750	84058.7737418215	0.0139095965	20.7786666667	0.6000000000	
84058.6849730213	84050.6115362048	387.4908736346	84070.4501728217	84058.6849730213	0.0136351269	20.4733333333	0.6000000000	
84058.5703266660	84050.5917206407	387.3300537554	84070.4561467965	84058.5703266660	0.0135949685	20.0873333333	0.6000000000	
84057.9515684644	84050.5590155721	387.0497335474	84069.0642009179	84057.9515684644	0.0136320542	19.9040000000	0.6000000000	
84057.7111330628	84050.5590155721	386.9768354950	84068.5268115997	84057.7111330628	0.0138812394	20.4093333333	0.6000000000	
84057.2625701626	84050.5590155721	386.9104480654	84068.9093126853	84057.2625701626	0.0141062580	20.4380000000	0.6000000000	
84057.1873846650	84050.5590155721	386.8540211013	84068.2109647989	84057.1873846650	0.0137087515	20.0066666667	0.6000000000	
84056.9509471456	84050.5590155721	386.8633666181	84067.2596273820	84056.9509471456	0.0134704020	19.8493333333	0.6000000000	
84056.7346848051	84050.5590155721	386.7075444042	84066.8900028865	84056.7346848051	0.0131682122	19.2580000000	0.6000000000	
84056.7307916284	84050.5590155721	386.7053243907	84065.1607026656	84056.7307916284	0.0130524278	18.9493333333	0.6000000000	
84056.5559598804	84050.5590155721	386.6734554021	84064.3668113152	84056.5559598804	0.0129070909	18.8540000000	0.6000000000	
84056.4932488402	84050.5590155721	386.6915124970	84063.6982464790	84056.4932488402	0.0127991860	18.9573333333	0.6000000000	
84055.6623980403	84050.5590155721	385.3538717374	84064.2074902852	84055.6623980403	0.0127935389	19.1206666667	0.6000000000	
84055.3211691976	84047.5527778268	385.2982424418	84063.9011553923	84055.3211691976	0.0129721352	19.0613333333	0.6000000000	
84055.2974125743	84047.5527778268	385.2946112460	84063.6265971263	84055.2974125743	0.0128860396	19.1240000000	0.6000000000	
84055.1521010200	84047.5527778268	385.0023464963	84063.0268807213	84055.1521010200	0.0127007057	18.8246666667	0.6000000000	
84054.6418242653	84047.5527778268	384.3594406862	84062.8767507275	84054.6418242653	0.0126754945	18.7213333333	0.6000000000	
84054.2750454942	84047.1483722329	384.0647080721	84063.3620783687	84054.2750454942	0.0131979454	19.3666666667	0.6000000000	
84054.1139830152	84047.1483722329	383.7864822976	84063.2535027464	84054.1139830152	0.0131127535	19.6486666667	0.6000000000	
84054.1038329403	84047.1483722329	383.7935010773	84062.6550070445	84054.1038329403	0.0129529431	19.5280000000	0.6000000000	
84054.0411288540	84047.1483722329	383.7844865818	84061.5434610844	84054.0411288540	0.0125801539	18.8820000000	0.6000000000	
84054.0354227026	84047.1483722329	383.7853157303	84060.7401144505	84054.0354227026	0.0123411478	18.4613333333	0.6000000000	
84053.3082404733	84047.1483722329	383.5435490120	84061.0661373536	84053.3082404733	0.0126210183	18.5926666667	0.6000000000	
84052.9459878802	84047.1483722329	383.4423451787	84062.2073441744	84052.9459878802	0.0126323864	18.5953333333	0.6000000000	
84052.7649884423	84047.1483722329	383.5061206519	84062.4255939325	84052.7649884423	0.0129316955	18.9640000000	0.6000000000	
84052.6053409775	84047.1483722329	383.4567644506	84062.6341849566	84052.6053409775	0.0131713477	18.8113333333	0.6000000000	
84052.4231649439	84047.1483722329	383.3602521133	84063.0624101559	84052.4231649439	0.0132901893	19.0480000000	0.6000000000	
84051.9401823481	84047.1483722329	382.4849718429	84062.9491376877	84051.9401823481	0.0134240912	19.2933333333	0.6000000000	
84051.9014325738	84047.1483722329	382.4673919312	84062.8768310944	84051.9014325738	0.0135050401	19.2186666667	0.6000000000	
84051.6745099425	84047.1483722329	382.7194614297	84064.8160262903	84051.6745099425	0.0134806804	19.2340000000	0.6000000000	
84051.2584727009	84047.1483722329	382.3316473425	84063.2703955968	84051.2584727009	0.0139678792	19.9040000000	0.6000000000	
84051.0669609904	84047.1483722329	382.3506132226	84062.6587249835	84051.0669609904	0.0139479410	20.3853333333	0.6000000000	
84050.9602174163	84047.1483722329	382.3652197320	84062.0516167084	84050.9602174163	0.0138352627	20.2473333333	0.6000000000	
84050.8701681097	84047.1483722329	382.3808797799	84059.3561067184	84050.8701681097	0.0134633387	19.7746666667	0.6000000000	
84050.6787871321	84047.1483722329	382.4520315851	84059.0631622076	84050.6787871321	0.0134046365	19.8846666667	0.6000000000	
84050.5127122998	84047.1483722329	382.2026786538	84058.9191257954	84050.5127122998	0.0130258517	18.9406666667	0.6000000000	
84049.9485618870	84047.1483722329	382.0996777003	84058.9115478595	84049.9485618870	0.0129850692	18.9086666667	0.6000000000	
84049.5568047961	84046.8652859330	382.2787080914	84058.9022610585	84049.5568047961	0.0130470921	19.0226666667	0.6000000000	
84048.1646212935	84046.8150541186	382.8730698694	84058.9899998903	84048.1646212935	0.0134680675	19.0693333333	0.6000000000	
84047.6042490204	84046.7640444636	382.8489418889	84059.0744378169	84047.6042490204	0.0138411101	19.9813333333	0.6000000000	
84047.5074540575	84046.6768547893	382.7824508346	84058.7563979626	84047.5074540575	0.0139835594	20.1360000000	0.6000000000	
84047.4063002070	84046.6768547893	382.7510069557	84058.6086912950	84047.4063002070	0.0138172955	20.4760000000	0.6000000000	
84047.3065560063	84046.6768547893	382.8079773699	84058.3307520549	84047.3065560063	0.0136343136	20.2026666667	0.6000000000	
84046.8577008446	84046.6768547893	382.8622547558	84057.4554949999	84046.8577008446	0.0133964514	19.7300000000	0.6000000000	
84046.3671264052	84046.5836271644	382.6644739116	84060.5488532782	84046.3671264052	0.0132007178	19.4813333333	0.6000000000	
84045.9983512759	84046.5570464730	383.0806910583	84059.4039102395	84045.9983512759	0.0132490441	19.0900000000	0.6000000000	
84045.8425779144	84046.5569093823	383.1306349135	84059.7985816002	84045.8425779144	0.0136357807	19.7493333333	0.6000000000	
84045.5257202188	84046.5326175094	383.2834879127	84059.7819139560	84045.5257202188	0.0138253849	20.1140000000	0.6000000000	
84045.2295208971	84046.5326175094	383.5063931502	84056.6986789306	84045.2295208971	0.0138031753	19.7120000000	0.6000000000	
84044.8344265421	84046.5326175094	383.4479078910	84056.3877473275	84044.8344265421	0.0138712791	20.4146666667	0.6000000000	
84044.5608412226	84046.5326175094	383.3911856054	84057.0192541679	84044.5608412226	0.0138803537	20.3733333333	0.6000000000	
84044.4321857889	84046.5326175094	383.3579333514	84057.7697799603	84044.4321857889	0.0137469671	20.2126666667	0.6000000000	
84044.2790539066	84046.2407514453	383.3303709736	84057.7950559060	84044.2790539066	0.0137717920	19.9666666667	0.6000000000	
84044.1197529435	84046.0159853101	383.2391642118	84057.5365777810	84044.1197529435	0.0137485972	19.6060000000	0.6000000000	
84044.0329407652	84045.9381565452	383.2400921550	84056.8497563402	84044.0329407652	0.0136072156	19.6000000000	0.6000000000	
84043.9096332590	84045.9353074431	383.1701014883	84056.7019481460	84043.9096332590	0.0133348282	19.4293333333	0.6000000000	
84043.8639071584	84045.9353074431	383.1462293367	84053.1956206759	84043.8639071584	0.0127336747	18.5626666667	0.6000000000	
84043.7191539009	84045.9353074431	383.1169493567	84052.8459249934	84043.7191539009	0.0125446057	18.4473333333	0.6000000000	
84043.6699572206	84045.9353074431	383.1398091327	84052.2826159994	84043.6699572206	0.0125233930	18.5906666667	0.6000000000	
84043.4549420079	84045.9353074431	383.0701772284	84052.2788716356	84043.4549420079	0.0127457616	18.4573333333	0.6000000000	
