Mean	Median	StdDev	Max	Min	Entropy	Hamming	RLD
90116.8623774250	90058.6958944798	416.0555006280	95564.9730963508	90116.8623774250	0.7843419420	1718.3433333333	0.0000000000	
88154.0046990911	88132.0196241140	427.4542314150	91776.9114355246	88154.0046990911	0.6384664252	1351.6793333333	0.0000000000	
87085.4189158479	87071.9628691673	488.9070830288	89194.2167791724	87085.4189158479	0.4921576079	938.0313333333	0.0000000000	
86411.4775559306	86438.4873613715	510.7149288728	87707.4898415804	86411.4775559306	0.3732418990	682.6426666667	0.0000000000	
85995.8255359530	86030.4316565394	544.3956941436	86698.6945941051	85995.8255359530	0.2715513184	462.0613333333	0.0000000000	
85716.6868844628	85746.7436432838	569.1164243988	86078.7441506982	85716.6868844628	0.1777992637	263.1680000000	0.0000000000	
85536.3229450583	85546.4151948690	587.8828456706	85777.2231364250	85536.3229450583	0.1270394363	167.6380000000	0.0333333333	
85391.5539768338	85395.8929970860	578.3897995303	85562.8846058249	85391.5539768338	0.0948321972	119.0293333333	0.0333333333	
85283.6398725708	85289.8694068193	579.1561085382	85419.7990209858	85283.6398725708	0.0741790631	88.9360000000	0.1000000000	
85211.6039654613	85200.0101923943	588.9337413951	85305.9001975258	85211.6039654613	0.0567854514	56.9540000000	0.1666666667	
85152.1163074176	85110.4347735643	589.0984934875	85218.1848620375	85152.1163074176	0.0418614108	33.4080000000	0.2000000000	
85112.6320596536	85058.1064820290	589.2524205007	85159.2052243153	85112.6320596536	0.0290917720	20.9200000000	0.2333333333	
85076.2089649836	85031.6357389092	594.0670697332	85119.9359957377	85076.2089649836	0.0261039696	16.4353333333	0.2666666667	
85038.9213525255	85012.4232545495	595.0272602436	85087.1463624636	85038.9213525255	0.0247434401	14.8746666667	0.2666666667	
85005.2540800969	84979.5274034142	598.7377546131	85048.9588705699	85005.2540800969	0.0214408352	14.3080000000	0.3000000000	
84976.5598049760	84953.5964086652	596.7451711163	85010.6250927846	84976.5598049760	0.0175201113	9.6600000000	0.3000000000	
84949.7076795499	84919.9056401849	599.3056437148	84981.0551443696	84949.7076795499	0.0180316302	10.1660000000	0.3000000000	
84922.7480731408	84893.7050923705	601.1449145922	84956.9123266141	84922.7480731408	0.0191937595	10.6020000000	0.3000000000	
84902.8509401282	84878.3791691065	598.4213996020	84930.2073917786	84902.8509401282	0.0157549963	8.6626666667	0.3000000000	
84880.1258503397	84858.9446574450	603.9601253910	84906.1588232716	84880.1258503397	0.0156508606	7.9233333333	0.3000000000	
84864.6949541569	84849.2974489927	601.7823243210	84884.0488647421	84864.6949541569	0.0120169221	5.7593333333	0.3000000000	
84852.6939804355	84845.3231662512	601.9592620456	84871.3624737660	84852.6939804355	0.0091666588	3.6113333333	0.3000000000	
84833.4829960267	84826.4523267746	600.8752459117	84856.5116027991	84833.4829960267	0.0122172492	5.2740000000	0.3000000000	
84818.6105077465	84811.7580071092	600.4648603986	84842.1660375595	84818.6105077465	0.0116587847	4.7466666667	0.3000000000	
84807.8025459250	84801.1908307672	601.0265233729	84822.1519224842	84807.8025459250	0.0080478536	2.4446666667	0.3000000000	
84798.5545713703	84792.2706738114	600.2338458598	84809.6508392692	84798.5545713703	0.0079101604	1.9306666667	0.3000000000	
84790.2586442232	84788.6827155948	599.5754740802	84800.6385768453	84790.2586442232	0.0068798856	2.5846666667	0.3000000000	
84777.5812757015	84778.0815735459	599.2547998643	84792.4794002374	84777.5812757015	0.0090328262	3.2253333333	0.3333333333	
84769.6898368994	84772.0331862569	598.0813911598	84780.4705323776	84769.6898368994	0.0074549902	2.7906666667	0.3333333333	
84760.0954634945	84761.8588432670	595.4337932269	84773.0511383216	84760.0954634945	0.0081963628	3.6920000000	0.3333333333	
84751.9555380940	84747.7279558778	593.6791138468	84762.7045260866	84751.9555380940	0.0079656096	2.6280000000	0.3666666667	
84745.7286289334	84742.3528179526	595.1683550449	84752.4153793852	84745.7286289334	0.0051216362	1.7800000000	0.3666666667	
84732.8558372458	84740.0043323636	592.5745194405	84750.5221451322	84732.8558372458	0.0082946928	3.5933333333	0.3666666667	
84725.7650445898	84722.1195504069	591.9079220774	84737.6187146703	84725.7650445898	0.0068678369	2.3606666667	0.3666666667	
84718.6878960331	84703.1342759728	592.4890708217	84727.4123588204	84718.6878960331	0.0048918613	1.1640000000	0.3666666667	
84712.6139562329	84701.5148997307	593.4364949366	84720.3741662701	84712.6139562329	0.0061904444	2.3773333333	0.3666666667	
84704.3634170294	84698.2797622681	595.9686886269	84714.6733249227	84704.3634170294	0.0059073387	1.9360000000	0.3666666667	
84698.3933654428	84697.9466915131	595.5893740064	84709.1351415714	84698.3933654428	0.0054016196	1.2580000000	0.4000000000	
84692.3041157921	84694.5581227541	595.7101666973	84702.1257949869	84692.3041157921	0.0054521095	1.4206666667	0.4000000000	
84688.1390902400	84693.6115980148	596.5597240039	84694.1025458773	84688.1390902400	0.0042241311	0.9973333333	0.4000000000	
84683.2907649875	84691.1048978567	596.2375848251	84690.5645460884	84683.2907649875	0.0051771548	1.2113333333	0.4000000000	
84679.3785602848	84689.0507698059	595.6184600273	84684.8407629132	84679.3785602848	0.0037891407	0.8213333333	0.4000000000	
84676.2083783746	84686.4346563816	595.2436648552	84680.6761824091	84676.2083783746	0.0034379932	0.9606666667	0.4000000000	
84671.2752821048	84685.1261168718	595.7661368909	84678.8613972068	84671.2752821048	0.0047757275	1.1440000000	0.4666666667	
84665.6461675962	84684.1869726777	596.8549246713	84673.8860285282	84665.6461675962	0.0043504157	1.1160000000	0.4666666667	
84656.8498617411	84677.7030870318	597.9389023705	84670.4024058580	84656.8498617411	0.0047590559	2.0126666667	0.4666666667	
84652.6429202159	84673.9017978311	597.8785273295	84658.2889503241	84652.6429202159	0.0035184348	0.9060000000	0.4666666667	
84648.5896338026	84669.3269088864	598.7649747663	84657.8781537215	84648.5896338026	0.0039216204	1.0313333333	0.4666666667	
84643.2218951980	84667.9668471217	599.4352830567	84653.7614670396	84643.2218951980	0.0044808466	1.1173333333	0.4666666667	
84638.9145879944	84664.1487732530	598.3474421007	84645.1143464446	84638.9145879944	0.0040202033	0.7686666667	0.4666666667	
84634.0497037768	84663.4675875306	598.3411041881	84638.9283681909	84634.0497037768	0.0032686675	0.5400000000	0.4666666667	
84631.2582329909	84661.4512458444	597.6475907501	84635.2162636320	84631.2582329909	0.0026917457	0.7213333333	0.4666666667	
84625.7215364774	84631.0618564487	597.9916043322	84636.4223053058	84625.7215364774	0.0037516407	0.8000000000	0.4666666667	
84620.9045660496	84620.8709493279	596.0910459256	84625.7192734877	84620.9045660496	0.0029983855	0.5786666667	0.5000000000	
84618.3685255051	84620.0995221734	596.6442336868	84627.9966020584	84618.3685255051	0.0028849481	0.7413333333	0.5000000000	
84615.5566763878	84618.9975067973	597.4647229039	84619.0105394522	84615.5566763878	0.0020812611	0.4080000000	0.5000000000	
84612.4747490883	84618.4802934527	598.9924778126	84617.5713280837	84612.4747490883	0.0025973909	0.4853333333	0.5000000000	
84610.5930691957	84618.2697817683	599.5286266228	84612.7424410979	84610.5930691957	0.0021441278	0.4180000000	0.5000000000	
84608.0911596616	84616.9035956264	600.7644400671	84611.2258493900	84608.0911596616	0.0021977410	0.4953333333	0.5000000000	
84604.7116982937	84614.4640341401	600.9254370045	84609.3521275123	84604.7116982937	0.0027857116	0.6300000000	0.5000000000	
84601.9761101405	84614.4640341401	601.3894406726	84605.2278379599	84601.9761101405	0.0017825655	0.4273333333	0.5000000000	
84599.4595273336	84614.2882809043	601.1194020541	84602.7801209688	84599.4595273336	0.0017259794	0.4073333333	0.5000000000	
84597.1212355296	84613.2457479835	600.9429422439	84600.3332448006	84597.1212355296	0.0022631199	0.4513333333	0.5000000000	
84592.5404028098	84610.5882033706	599.2496496277	84598.2400836547	84592.5404028098	0.0020965977	0.4293333333	0.5000000000	
84590.5941209197	84609.9440082908	599.4239627518	84593.3266512553	84590.5941209197	0.0017464282	0.3680000000	0.5000000000	
84588.9295837283	84609.7150608897	600.1920116143	84592.1178085605	84588.9295837283	0.0015688115	0.2833333333	0.5000000000	
84586.5944165985	84609.4013914466	601.0799793694	84589.2153321703	84586.5944165985	0.0017212538	0.2013333333	0.5000000000	
84584.6359744668	84609.1564223170	601.6185247887	84587.0877948403	84584.6359744668	0.0021239025	0.3586666667	0.5000000000	
84583.3367998401	84609.1564223170	601.9149536437	84584.6742984653	84583.3367998401	0.0015298365	0.2413333333	0.5000000000	
84580.6502224008	84609.0968593955	602.9445405247	84583.9195866386	84580.6502224008	0.0018259822	0.4140000000	0.5000000000	
84579.2183920741	84608.8758423924	603.0797582976	84581.6313619415	84579.2183920741	0.0018128646	0.4273333333	0.5000000000	
84574.3376077215	84603.1059756875	596.2320940624	84586.3593648871	84574.3376077215	0.0031368283	1.2466666667	0.5000000000	
84570.6067312757	84600.4086658359	590.9728275011	84576.8853806456	84570.6067312757	0.0024091157	0.8273333333	0.5000000000	
84563.9380026857	84570.6756636500	583.6205067298	84577.4782217542	84563.9380026857	0.0026445480	0.6413333333	0.5000000000	
84559.8919472098	84565.6434640288	583.2360676770	84571.0091897845	84559.8919472098	0.0030337249	0.7686666667	0.5000000000	
84555.9498605132	84564.4456610084	583.3841962001	84561.9560242693	84555.9498605132	0.0020913400	0.7160000000	0.5000000000	
84551.9395463665	84561.1640140414	583.0371924285	84558.9720576008	84551.9395463665	0.0030824225	0.6433333333	0.5000000000	
84550.7677746813	84561.1640140414	582.7432059026	84552.3332368334	84550.7677746813	0.0012456092	0.2653333333	0.5000000000	
84548.7837639451	84560.3252485394	582.6418230908	84551.2279694279	84548.7837639451	0.0015588985	0.4126666667	0.5000000000	
84545.4269916813	84560.3252485394	580.9576163653	84550.4822326700	84545.4269916813	0.0026033301	0.4300000000	0.5000000000	
84542.3023620248	84556.1199352145	579.1536843583	84546.0074856877	84542.3023620248	0.0024086241	0.5640000000	0.5000000000	
84540.7441247503	84555.9579178691	578.4233821209	84542.8603630265	84540.7441247503	0.0014073839	0.5040000000	0.5000000000	
84538.9152990778	84554.6824440360	578.2048176891	84541.0800355673	84538.9152990778	0.0015330228	0.1966666667	0.5000000000	
84537.5236353278	84554.2488828301	578.3116918030	84539.9842556318	84537.5236353278	0.0015372673	0.2566666667	0.5000000000	
84535.8484205604	84553.5690173507	578.6085174517	84538.3969500661	84535.8484205604	0.0014458408	0.3160000000	0.5000000000	
84533.8768965999	84552.0343706012	579.0469686765	84538.9857350786	84533.8768965999	0.0024779983	0.4793333333	0.5333333333	
84531.9271694620	84550.4431024194	579.7647584422	84534.6796420217	84531.9271694620	0.0017268081	0.4613333333	0.5333333333	
84530.6239041686	84550.4431024194	580.4462289664	84532.1720948815	84530.6239041686	0.0011242545	0.2633333333	0.5333333333	
84529.5361551642	84550.4431024194	580.8117424492	84531.1967679858	84529.5361551642	0.0011283724	0.2033333333	0.5333333333	
84528.6736447612	84550.3931000829	580.0195094925	84530.0507278244	84528.6736447612	0.0012677448	0.3106666667	0.5333333333	
84527.6102249821	84550.3931000829	580.0907616687	84529.4426785906	84527.6102249821	0.0012865564	0.1333333333	0.5333333333	
84525.5425267418	84550.3931000829	580.5959963505	84530.4457665483	84525.5425267418	0.0010372712	0.1040000000	0.5333333333	
84524.0712244312	84549.8000800610	580.4856087316	84525.7789590955	84524.0712244312	0.0010010558	0.2246666667	0.5666666667	
84522.3831078410	84548.7116232514	578.7190346578	84525.0871108969	84522.3831078410	0.0009848576	0.1233333333	0.5666666667	
84521.5671274066	84548.7116232514	578.6117172197	84526.6919313868	84521.5671274066	0.0009264291	0.1113333333	0.5666666667	
84519.4579665859	84548.1690362096	578.7068304537	84525.9173346559	84519.4579665859	0.0016961438	0.5493333333	0.5666666667	
84518.3082965016	84547.3812982440	578.6826862250	84519.9837383628	84518.3082965016	0.0012727374	0.2006666667	0.5666666667	
84515.6076025963	84544.6607798338	579.1689105733	84518.9192792773	84515.6076025963	0.0020334204	0.2233333333	0.5666666667	
84514.8938908180	84542.9719716311	579.1870196581	84518.0883673827	84514.8938908180	0.0010664618	0.0686666667	0.5666666667	
84513.5556595524	84542.9719716311	579.8713894177	84514.9855349461	84513.5556595524	0.0013131752	0.1740000000	0.5666666667	
84512.7202237646	84542.9719716311	580.1123647485	84513.9890891314	84512.7202237646	0.0008883986	0.1600000000	0.5666666667	
84511.9987566272	84542.9719716311	579.8916236962	84513.3251308401	84511.9987566272	0.0013669754	0.3046666667	0.5666666667	
84510.8409296473	84542.9719716311	579.8344733653	84514.7408838073	84510.8409296473	0.0008620463	0.0906666667	0.5666666667	
84509.3902213375	84542.9719716311	578.9870339168	84511.0449660818	84509.3902213375	0.0009812693	0.0653333333	0.5666666667	
84508.7377207478	84542.5857603550	578.7897988522	84509.4677010179	84508.7377207478	0.0009036751	0.1073333333	0.5666666667	
84507.2639651100	84541.5951073170	578.2300314838	84508.8771721721	84507.2639651100	0.0006920469	0.0840000000	0.5666666667	
84506.6486325860	84541.5951073170	578.0044435049	84507.3539492488	84506.6486325860	0.0006084785	0.0413333333	0.5666666667	
84505.2543345094	84540.5645400286	577.0671000024	84506.9232172767	84505.2543345094	0.0006916486	0.0933333333	0.5666666667	
84503.6596783996	84540.5645400286	575.6915721932	84506.7480449875	84503.6596783996	0.0011465390	0.1980000000	0.5666666667	
84502.5852422913	84539.8274689913	575.3361556343	84504.4276516636	84502.5852422913	0.0006720007	0.1353333333	0.5666666667	
84501.4911176761	84538.4082585573	575.7163545535	84504.7187355161	84501.4911176761	0.0012291777	0.2700000000	0.5666666667	
84500.6116470695	84536.3094642758	575.9426109577	84502.0104475816	84500.6116470695	0.0010432848	0.3073333333	0.5666666667	
84499.3752065301	84536.3094642758	576.6479067265	84500.8140022556	84499.3752065301	0.0009810077	0.1420000000	0.5666666667	
84498.3854173620	84535.1369872689	576.6032488036	84499.7760908802	84498.3854173620	0.0010062971	0.0580000000	0.5666666667	
84497.7938613296	84535.0422367454	576.7179453326	84498.6063072085	84497.7938613296	0.0008195315	0.0600000000	0.5666666667	
84497.0087972283	84534.6649363637	576.7578277691	84498.4115190307	84497.0087972283	0.0007773751	0.1133333333	0.5666666667	
84496.3650301099	84534.3887105584	576.4915008492	84497.3173599442	84496.3650301099	0.0008034399	0.0733333333	0.5666666667	
84495.8843722939	84534.3497231603	576.4961505831	84496.7509149512	84495.8843722939	0.0005976519	0.1746666667	0.5666666667	
84495.5582500498	84534.0152755380	576.3490797339	84495.9153140585	84495.5582500498	0.0003361898	0.0000000000	0.5666666667	
84495.2354608973	84534.0152755380	576.4312318248	84495.9009304643	84495.2354608973	0.0006422477	0.1513333333	0.5666666667	
84494.8297461867	84533.8839963078	575.9557492417	84495.4356983304	84494.8297461867	0.0005875598	0.1346666667	0.5666666667	
84494.4662156701	84533.7478294969	575.8424230968	84495.0034408768	84494.4662156701	0.0007312637	0.1026666667	0.5666666667	
84494.0413629015	84532.8226312995	575.8251449421	84494.7385943929	84494.0413629015	0.0006634821	0.1200000000	0.5666666667	
84493.8247425358	84532.1222975850	575.8210544942	84494.2884678642	84493.8247425358	0.0005268054	0.0800000000	0.5666666667	
84493.5536429286	84529.4310793281	575.8028165321	84493.8575070103	84493.5536429286	0.0004648871	0.0340000000	0.5666666667	
84492.9902224739	84529.4310793281	575.7283547796	84494.0135160089	84492.9902224739	0.0007031902	0.1293333333	0.5666666667	
84491.8590544661	84528.1074658036	575.3915544376	84494.4997303685	84491.8590544661	0.0015809153	0.2793333333	0.5666666667	
84490.7152598103	84526.8410161138	575.1055069386	84492.0444922646	84490.7152598103	0.0009247728	0.1066666667	0.5666666667	
84490.4121254881	84526.6503795981	574.9824149376	84490.8651410540	84490.4121254881	0.0003299444	0.0146666667	0.5666666667	
84489.8302858074	84526.6503795981	575.0598452251	84491.0130062699	84489.8302858074	0.0005958496	0.1606666667	0.5666666667	
84489.3264723818	84526.6503795981	575.0704011669	84489.8085905115	84489.3264723818	0.0006248634	0.0513333333	0.5666666667	
84488.9954915643	84526.4053329825	575.3721030263	84489.3456587195	84488.9954915643	0.0004376076	0.0626666667	0.5666666667	
84488.8207124670	84526.1237815022	575.3050026676	84489.0162242452	84488.8207124670	0.0003516164	0.0026666667	0.6000000000	
84488.4009896715	84523.5269084573	575.0265213070	84488.8298174739	84488.4009896715	0.0005508118	0.0186666667	0.6000000000	
84487.5531156858	84523.5269084573	574.2974038542	84489.0454168121	84487.5531156858	0.0004945157	0.1226666667	0.6000000000	
84486.3940999905	84523.2206150889	574.3734856884	84487.8865120808	84486.3940999905	0.0008265268	0.1540000000	0.6000000000	
84486.1640346050	84522.7727636695	574.5069900035	84486.4338004589	84486.1640346050	0.0003819039	0.0473333333	0.6000000000	
84485.9021111329	84522.7727636695	574.6670121934	84486.1626229684	84485.9021111329	0.0002415097	0.0400000000	0.6000000000	
84485.7443855206	84522.7727636695	574.8405650742	84485.9166719516	84485.7443855206	0.0003999430	0.0366666667	0.6000000000	
84484.6394038200	84522.7727636695	575.2803619790	84485.7408426205	84484.6394038200	0.0013602845	0.1740000000	0.6000000000	
84483.8997485240	84522.1813932061	575.0531023318	84485.1758315166	84483.8997485240	0.0004726977	0.1160000000	0.6000000000	
84483.6236981551	84522.1813932061	574.9795970857	84483.9732019107	84483.6236981551	0.0004487215	0.0466666667	0.6000000000	
84483.1459561984	84521.3179156184	575.1353346384	84483.8747819265	84483.1459561984	0.0006277624	0.0740000000	0.6000000000	
84482.1185805400	84517.7565798163	575.0933893685	84483.1309278806	84482.1185805400	0.0007313857	0.1493333333	0.6333333333	
84481.8964274724	84517.7565798163	574.8184422054	84482.3804136117	84481.8964274724	0.0005693114	0.0626666667	0.6333333333	
84481.3989921411	84517.7003487945	574.6300658198	84481.9674579303	84481.3989921411	0.0004288010	0.0406666667	0.6333333333	
84481.1599677801	84517.7003487945	574.5613121297	84481.4015998443	84481.1599677801	0.0004100937	0.0440000000	0.6333333333	
84481.0177346071	84517.7003487945	574.5550480555	84481.2137256066	84481.0177346071	0.0003299595	0.0373333333	0.6333333333	
84480.4583337903	84515.3187975287	574.6620674666	84481.6473677754	84480.4583337903	0.0008215278	0.1160000000	0.6333333333	
84479.3086694678	84515.0476470590	575.8548208069	84480.2526868383	84479.3086694678	0.0008183314	0.2213333333	0.6333333333	
84478.5522470872	84514.5803287625	576.8744112428	84479.2838842670	84478.5522470872	0.0005255768	0.0606666667	0.6333333333	
84478.1749763091	84514.5803287625	577.1561447228	84478.8429079453	84478.1749763091	0.0005922269	0.1580000000	0.6333333333	
84477.3188122113	84514.5803287625	577.7746496914	84478.6031379302	84477.3188122113	0.0006999747	0.1660000000	0.6333333333	
84476.7430578669	84513.5617032647	578.0282271570	84477.6390148203	84476.7430578669	0.0010914572	0.2306666667	0.6333333333	
84475.9664733211	84513.5617032647	578.5545688393	84476.3665011525	84475.9664733211	0.0005389659	0.0133333333	0.6333333333	
84475.5113596718	84513.1575688720	578.5764170071	84475.9664733211	84475.5113596718	0.0005006497	0.0273333333	0.6333333333	
84475.0730606914	84513.1575688720	578.3984888990	84475.5209248265	84475.0730606914	0.0006331983	0.0313333333	0.6666666667	
84474.4339910150	84513.1575688720	578.9116747171	84475.1033571362	84474.4339910150	0.0003647458	0.0060000000	0.6666666667	
84473.9748971661	84513.0893841386	579.0934383431	84474.4849154353	84473.9748971661	0.0003174987	0.0973333333	0.6666666667	
84473.6906938751	84512.5705137849	579.2121373336	84474.4253735741	84473.6906938751	0.0008155107	0.0446666667	0.6666666667	
84473.4901798765	84512.4726369977	579.1575473491	84473.6906938751	84473.4901798765	0.0003915480	0.0260000000	0.6666666667	
84473.1811508536	84512.4726369977	579.3114761109	84473.5249955456	84473.1811508536	0.0005346721	0.0233333333	0.6666666667	
84472.7130545179	84511.4940956235	579.1461709522	84473.1819970409	84472.7130545179	0.0003985797	0.0093333333	0.6666666667	
84471.9594696164	84506.8320855498	579.2160676845	84473.4627518058	84471.9594696164	0.0004548905	0.0946666667	0.6666666667	
84471.7191254099	84505.5882200599	579.1266049839	84472.2167041898	84471.7191254099	0.0002269256	0.0726666667	0.6666666667	
84471.3308585684	84505.5882200599	579.1284175373	84471.7967940370	84471.3308585684	0.0003564184	0.0473333333	0.6666666667	
84469.4498633345	84505.5882200599	580.8178616059	84471.3761127989	84469.4498633345	0.0007368989	0.1153333333	0.6666666667	
84469.3743949135	84505.5882200599	580.8163584714	84469.4583617647	84469.3743949135	0.0004769823	0.0380000000	0.6666666667	
84468.2592601577	84505.5882200599	581.8070956941	84469.5664643248	84468.2592601577	0.0002170832	0.0580000000	0.6666666667	
84467.7780051033	84505.5882200599	582.0921976295	84468.3307088415	84467.7780051033	0.0002551843	0.0946666667	0.6666666667	
84467.1011923750	84505.5882200599	581.4105213684	84468.0108985305	84467.1011923750	0.0004919635	0.0186666667	0.6666666667	
84466.5956192215	84504.2512401938	581.1220221448	84467.0763527354	84466.5956192215	0.0003834808	0.0506666667	0.6666666667	
84464.6579723557	84500.5017772317	581.1286279090	84467.0945782463	84464.6579723557	0.0010579080	0.3606666667	0.6666666667	
84462.1793108185	84494.3931207061	581.3435396690	84465.9382765492	84462.1793108185	0.0019715745	1.1713333333	0.6666666667	
84460.8622579773	84493.4009835124	581.7007217652	84462.3068268100	84460.8622579773	0.0010476030	0.3646666667	0.6666666667	
84459.4773732622	84493.1630358100	582.2527430772	84460.9255269170	84459.4773732622	0.0006096336	0.2853333333	0.6666666667	
84458.6070399483	84492.5969764590	582.5058189650	84459.7963552674	84458.6070399483	0.0008342239	0.1540000000	0.6666666667	
84457.6291057467	84491.9738009572	582.3301835337	84458.7418557207	84457.6291057467	0.0006236375	0.1240000000	0.6666666667	
84457.0575178663	84490.0951489806	582.4142406320	84457.8418851892	84457.0575178663	0.0006299365	0.1206666667	0.6666666667	
84456.6732369860	84489.9929866195	582.5570755194	84457.3660541574	84456.6732369860	0.0003106835	0.0813333333	0.6666666667	
84456.1923387647	84489.9929866195	582.6287772702	84456.8547023336	84456.1923387647	0.0004279421	0.0846666667	0.6666666667	
84455.9017543991	84489.9929866195	582.7828035091	84456.2595745921	84455.9017543991	0.0003357249	0.0446666667	0.6666666667	
84455.6659914057	84489.9929866195	582.9111045100	84455.9311130643	84455.6659914057	0.0003540121	0.0186666667	0.6666666667	
84455.1814012726	84489.9929866195	583.1429953337	84455.8544418216	84455.1814012726	0.0004295830	0.0393333333	0.6666666667	
84455.0734431545	84489.4768342376	583.1539278459	84455.1814012726	84455.0734431545	0.0001706986	0.0000000000	0.6666666667	
84454.8141681155	84489.4768342376	582.9458802348	84455.0734431545	84454.8141681155	0.0001946601	0.0020000000	0.6666666667	
84453.8015515606	84476.2947812676	582.9839048786	84456.0747413834	84453.8015515606	0.0008924848	0.2973333333	0.6666666667	
84453.5482572516	84473.9429727197	583.0008494021	84453.8665220141	84453.5482572516	0.0002508318	0.0206666667	0.6666666667	
84453.0614480376	84471.0862621665	583.2369817506	84453.5482572516	84453.0614480376	0.0003237464	0.0246666667	0.6666666667	
84452.7619335055	84470.4855278134	583.2995813548	84453.1376412511	84452.7619335055	0.0003843189	0.0133333333	0.6666666667	
84452.1218942602	84467.4714758992	583.3722383116	84452.8019824624	84452.1218942602	0.0003814847	0.0406666667	0.6666666667	
84451.5454893311	84466.7311713099	583.6123513328	84452.1199513475	84451.5454893311	0.0003397005	0.0960000000	0.6666666667	
84449.8953438799	84451.9354268909	583.9826048059	84453.9908352494	84449.8953438799	0.0008477869	0.1780000000	0.6666666667	
84449.3105891347	84451.9354268909	583.9392619202	84450.2208682895	84449.3105891347	0.0004733835	0.1200000000	0.6666666667	
84448.2634349664	84451.9354268909	584.1499000675	84450.2700219552	84448.2634349664	0.0010626185	0.2980000000	0.6666666667	
84447.7642214298	84451.9354268909	584.2668208271	84448.2634349664	84447.7642214298	0.0006645880	0.0466666667	0.6666666667	
84447.1249353886	84451.9354268909	584.4426480726	84449.0473425388	84447.1249353886	0.0008930221	0.1073333333	0.6666666667	
84445.8582460880	84445.8045527339	584.3271932244	84447.6622899373	84445.8582460880	0.0003789915	0.0860000000	0.6666666667	
84445.3851864735	84445.8045527339	584.1122181409	84445.8697700500	84445.3851864735	0.0002931915	0.0360000000	0.6666666667	
84445.2448034286	84445.6608846784	584.1495742973	84445.3913595279	84445.2448034286	0.0002365943	0.0086666667	0.6666666667	
84444.4346984227	84445.5400481820	584.6849349730	84445.2448034286	84444.4346984227	0.0004873303	0.0400000000	0.6666666667	
84443.2278343042	84432.3653981090	584.8608336048	84446.4455946286	84443.2278343042	0.0008862935	0.2673333333	0.6666666667	
84442.9636639357	84432.3653981090	584.9908527823	84443.4265498320	84442.9636639357	0.0005131665	0.0786666667	0.6666666667	
84442.6233069102	84429.0827289224	585.0842241212	84443.0232079824	84442.6233069102	0.0001966292	0.0273333333	0.6666666667	
84441.6682251294	84429.0827289224	584.7420571923	84442.6233069102	84441.6682251294	0.0003586457	0.0860000000	0.6666666667	
84441.3805197676	84429.0827289224	584.7434106262	84443.4144528707	84441.3805197676	0.0002417313	0.1060000000	0.6666666667	
84440.9445857008	84429.0827289224	584.6460717745	84441.8704257409	84440.9445857008	0.0004541668	0.0520000000	0.6666666667	
84440.7405472795	84429.0827289224	584.7847310292	84441.2168591221	84440.7405472795	0.0003726919	0.0626666667	0.6666666667	
84440.6981262565	84429.0827289224	584.7730883918	84440.7668144504	84440.6981262565	0.0001659065	0.0073333333	0.6666666667	
84440.5269981424	84428.9454326034	584.7455719352	84440.9225170811	84440.5269981424	0.0001221435	0.0000000000	0.6666666667	
84440.5124089122	84428.9454326034	584.7630127233	84440.5269981424	84440.5124089122	0.0000758584	0.0013333333	0.6666666667	
84440.1513587435	84428.9454326034	584.4988160616	84440.4754925768	84440.1513587435	0.0002320850	0.0186666667	0.6666666667	
84439.6624450882	84426.6878798604	584.3482686523	84441.0254690051	84439.6624450882	0.0005403051	0.1380000000	0.6666666667	
84438.6703311404	84426.6878798604	584.2960935131	84443.3160194755	84438.6703311404	0.0002515877	0.0480000000	0.6666666667	
84438.4131820003	84426.6878798604	584.3061183239	84443.1622482340	84438.4131820003	0.0003545711	0.0080000000	0.6666666667	
84438.1500586867	84426.6878798604	584.3870339441	84438.5049600403	84438.1500586867	0.0003834385	0.0406666667	0.6666666667	
84437.7221837640	84426.6878798604	584.5139939204	84438.2464970152	84437.7221837640	0.0006023075	0.0406666667	0.6666666667	
84437.4572210511	84426.6878798604	584.6292189272	84437.7872007092	84437.4572210511	0.0001015519	0.0186666667	0.6666666667	
84437.3446558913	84426.1848017573	584.6594587760	84437.6543777188	84437.3446558913	0.0001911731	0.0360000000	0.6666666667	
84437.0824691653	84425.9062007070	584.6741208679	84437.3781944315	84437.0824691653	0.0001533572	0.0620000000	0.6666666667	
84436.8167596062	84425.9062007070	584.6537838144	84437.1953653296	84436.8167596062	0.0003668626	0.0346666667	0.6666666667	
84436.1326657732	84425.9062007070	584.9715670808	84438.0855281154	84436.1326657732	0.0005093620	0.1353333333	0.6666666667	
84436.0129929582	84425.9062007070	584.9987255211	84436.3711203138	84436.0129929582	0.0003664506	0.0126666667	0.6666666667	
84435.7720056176	84425.7731840014	584.8278967179	84435.9044626355	84435.7720056176	0.0003401483	0.0240000000	0.6666666667	
84435.5979823073	84425.7731840014	584.9626298869	84435.7877485951	84435.5979823073	0.0001895769	0.0060000000	0.6666666667	
84435.4779691498	84425.4403010011	584.8935946735	84435.6141963601	84435.4779691498	0.0002401379	0.0280000000	0.6666666667	
84435.4013112187	84425.4403010011	584.8757190447	84435.4907738169	84435.4013112187	0.0001351972	0.0120000000	0.6666666667	
84435.2713232239	84425.4403010011	585.0366296767	84435.4013112187	84435.2713232239	0.0000867230	0.0053333333	0.6666666667	
84434.8525445660	84425.1383289695	584.8884673379	84435.2964269121	84434.8525445660	0.0002152874	0.0460000000	0.6666666667	
84434.1540570060	84425.1383289695	585.1661242068	84436.3316111763	84434.1540570060	0.0004925836	0.1113333333	0.6666666667	
84434.1371888916	84425.0833764672	585.1724798860	84434.5227139195	84434.1371888916	0.0001309072	0.0186666667	0.6666666667	
84433.9678447445	84424.2017582059	585.2408706713	84434.1631465157	84433.9678447445	0.0000808619	0.0200000000	0.6666666667	
84433.4661192695	84423.7033143640	584.7060203194	84433.9986903469	84433.4661192695	0.0003620271	0.0686666667	0.6666666667	
84433.1939793627	84423.7033143640	584.6069066030	84433.5310227672	84433.1939793627	0.0002406607	0.0493333333	0.6666666667	
84433.0953201652	84423.7033143640	584.6461994598	84433.2860439022	84433.0953201652	0.0002051461	0.0193333333	0.6666666667	
84432.9058968027	84423.7033143640	584.5835287226	84433.0987522006	84432.9058968027	0.0002211923	0.0260000000	0.6666666667	
84432.2433949510	84423.7033143640	585.0929224238	84433.7802043557	84432.2433949510	0.0008413447	0.4833333333	0.6666666667	
84431.0005532702	84420.2536985278	585.7231895461	84431.7977260550	84431.0005532702	0.0006569381	0.2080000000	0.6666666667	
84429.7765756647	84415.6877502799	586.2521949650	84431.1090142528	84429.7765756647	0.0006693408	0.0746666667	0.6666666667	
84429.4951743881	84415.6877502799	586.4613122741	84430.1562735438	84429.4951743881	0.0002881267	0.0273333333	0.6666666667	
84429.3966455261	84415.3978630900	586.5453264681	84429.5794382691	84429.3966455261	0.0001685188	0.0120000000	0.6666666667	
84429.0504043301	84415.3978630900	586.9267366588	84429.3966455261	84429.0504043301	0.0003128231	0.0133333333	0.6666666667	
84428.6238618692	84413.5747373104	586.9645778295	84429.1428859035	84428.6238618692	0.0004142707	0.1540000000	0.6666666667	
84428.4321953853	84410.8752280474	586.9891747646	84429.5505961776	84428.4321953853	0.0007384885	0.0600000000	0.6666666667	
84428.2819793622	84410.5986386538	587.0369626129	84428.3792626858	84428.2819793622	0.0000507482	0.0353333333	0.6666666667	
84428.0287013451	84410.5986386538	587.1476028757	84428.2899262508	84428.0287013451	0.0004083798	0.0000000000	0.6666666667	
84427.8813302517	84410.5986386538	587.1640359463	84428.0669212341	84427.8813302517	0.0002019277	0.0173333333	0.6666666667	
84427.8188266357	84410.5986386538	587.2013086915	84428.0637260278	84427.8188266357	0.0001581554	0.0160000000	0.6666666667	
84427.6878859599	84410.5986386538	587.0862610826	84427.8731119633	84427.6878859599	0.0001986861	0.0220000000	0.6666666667	
84427.6430020730	84410.5986386538	587.1089511665	84427.7550168832	84427.6430020730	0.0001370646	0.0353333333	0.6666666667	
84427.5408889850	84409.9000662565	587.1059122441	84427.6577667395	84427.5408889850	0.0002814679	0.0000000000	0.6666666667	
84427.3245431979	84409.1010034084	587.1430145847	84427.5254273415	84427.3245431979	0.0001938055	0.0706666667	0.6666666667	
84426.7797726393	84404.7942280769	587.2685025782	84427.1892601252	84426.7797726393	0.0005642967	0.0413333333	0.6666666667	
84426.7202041547	84404.7942280769	587.2601357186	84426.7542638381	84426.7202041547	0.0001035086	0.0140000000	0.6666666667	
84426.5526485443	84404.7942280769	587.3467224505	84426.7210211356	84426.5526485443	0.0001318700	0.0266666667	0.6666666667	
84426.4628748099	84404.7942280769	587.3880371781	84426.4991255601	84426.4628748099	0.0000771176	0.0493333333	0.6666666667	
84426.4365853866	84404.7942280769	587.4040839149	84426.4628748099	84426.4365853866	0.0001455244	0.0033333333	0.6666666667	
84425.8354039987	84404.7942280769	587.5017020249	84426.4365853866	84425.8354039987	0.0001609946	0.0560000000	0.6666666667	
84425.5766324202	84404.7942280769	586.9964860634	84431.1116351684	84425.5766324202	0.0005946647	0.3380000000	0.6666666667	
84424.3445481857	84404.7942280769	583.4617562037	84426.0666682323	84424.3445481857	0.0003537147	0.2240000000	0.6666666667	
84423.8099602858	84404.7942280769	582.3752295304	84424.3689729770	84423.8099602858	0.0002506668	0.0386666667	0.6666666667	
84423.7735023101	84404.7942280769	582.3999599248	84423.8738636176	84423.7735023101	0.0001425913	0.0193333333	0.6666666667	
84423.7493407726	84404.7942280769	582.4370192840	84423.7886850039	84423.7493407726	0.0000440050	0.0320000000	0.6666666667	
84423.6242008209	84404.7942280769	582.4035188459	84423.7566131353	84423.6242008209	0.0001341225	0.0473333333	0.6666666667	
84423.6203543345	84404.7942280769	582.4064300935	84423.6242008209	84423.6203543345	0.0000076485	0.0120000000	0.6666666667	
84423.1223948797	84404.7942280769	581.3182388547	84423.6835873127	84423.1223948797	0.0001421857	0.0220000000	0.6666666667	
84422.8626853228	84404.7942280769	581.5386580348	84423.0316595237	84422.8626853228	0.0001650790	0.0193333333	0.6666666667	
84422.7726594607	84404.7942280769	581.4636251571	84422.8694220384	84422.7726594607	0.0002377899	0.0373333333	0.6666666667	
84422.5091373920	84404.4152885675	581.2352289215	84423.3038705587	84422.5091373920	0.0006555331	0.0580000000	0.6666666667	
84422.4069307248	84403.6933153868	581.2686359389	84422.5107731422	84422.4069307248	0.0001490047	0.0073333333	0.6666666667	
84422.2376165787	84401.8865346909	581.3284655536	84423.7910242875	84422.2376165787	0.0004028559	0.0293333333	0.6666666667	
84422.0686910550	84401.8865346909	581.2775989026	84422.3916774988	84422.0686910550	0.0002994123	0.0480000000	0.6666666667	
84421.4582812786	84401.8865346909	580.4970225450	84422.0990667741	84421.4582812786	0.0002667549	0.0393333333	0.6666666667	
84421.2727584441	84401.8865346909	580.4394467539	84421.6499414047	84421.2727584441	0.0002959816	0.1133333333	0.6666666667	
84421.1564117670	84401.8865346909	580.4231309154	84421.4004103343	84421.1564117670	0.0002081145	0.0000000000	0.6666666667	
84417.5663272540	84400.3232836723	570.7707183450	84421.9073138634	84417.5663272540	0.0009321215	0.4540000000	0.6666666667	
84416.4725013574	84400.3232836723	568.0056206565	84417.8755768140	84416.4725013574	0.0004607897	0.2340000000	0.6666666667	
84416.1083243291	84400.3232836723	567.3360493100	84416.4507083098	84416.1083243291	0.0001812892	0.0386666667	0.6666666667	
84415.9431129694	84400.3232836723	567.3419273104	84416.1800926924	84415.9431129694	0.0001035480	0.0140000000	0.6666666667	
84415.9229566654	84400.3232836723	567.3682728284	84415.9431129694	84415.9229566654	0.0000283878	0.0000000000	0.6666666667	
84415.9229566654	84400.3232836723	567.3682728284	84415.9229566654	84415.9229566654	0.0000000000	0.0000000000	0.6666666667	
84415.7749899228	84400.3232836723	567.3499019916	84415.9308451414	84415.7749899228	0.0001386177	0.0126666667	0.6666666667	
84415.7591142257	84400.0851482153	567.3516270925	84415.7749899228	84415.7591142257	0.0000078697	0.0000000000	0.6666666667	
84415.6386874119	84400.0851482153	567.2914324396	84415.9281112750	84415.6386874119	0.0001877167	0.0233333333	0.6666666667	
84415.4445338249	84400.0851482153	566.9644708543	84415.5821778377	84415.4445338249	0.0001634767	0.0026666667	0.6666666667	
84415.2710098028	84400.0851482153	566.5891720708	84415.3193817536	84415.2710098028	0.0002187904	0.0000000000	0.6666666667	
84415.2457280954	84400.0851482153	566.6178830650	84415.2710098028	84415.2457280954	0.0000292077	0.0126666667	0.6666666667	
84415.2304446697	84400.0851482153	566.6218502858	84415.2457280954	84415.2304446697	0.0000571253	0.0000000000	0.6666666667	
