Mean	Median	StdDev	Max	Min	Entropy	Hamming	RLD
90629.5079032580	90625.7477581501	630.0607738026	101954.1979758938	90629.5079032580	0.8780296160	2278.7120000000	0.0000000000	
89106.8978419900	89050.8018583059	478.1347427025	101543.4631851315	89106.8978419900	0.8679485425	2270.9606666667	0.0000000000	
88356.1899075906	88362.6204684377	355.0036915271	101398.8977382580	88356.1899075906	0.8615975221	2267.6280000000	0.0000000000	
87847.7010751764	87858.5673317313	348.8885657073	101250.8771272500	87847.7010751764	0.8563680331	2260.0840000000	0.0000000000	
87501.3217970729	87547.4496990442	341.6139231346	101077.0261020462	87501.3217970729	0.8513244200	2248.2666666667	0.0000000000	
87258.3172784249	87324.2017835379	351.9253391419	101036.6820267836	87258.3172784249	0.8477728910	2246.1126666667	0.0000000000	
87030.9851454695	87055.9291511774	332.0255790685	100925.5615098278	87030.9851454695	0.8436072754	2240.4913333333	0.0000000000	
86839.5868375897	86862.0164275169	379.6978303756	100889.8457769553	86839.5868375897	0.8394155094	2231.3360000000	0.0000000000	
86681.2455438574	86708.0878823996	403.6997421724	100874.6974383791	86681.2455438574	0.8358357264	2223.0800000000	0.0000000000	
86503.8692238927	86537.8329515457	357.2281714435	100768.1520109375	86503.8692238927	0.8320390133	2217.2946666667	0.0000000000	
86411.4303943515	86450.3094598651	354.8854271342	100699.4408660134	86411.4303943515	0.8286500025	2210.2513333333	0.0000000000	
86305.7076108456	86338.9795616269	335.8419696407	100699.4408660134	86305.7076108456	0.8247717857	2199.6133333333	0.0000000000	
86234.8702012499	86281.5801173449	349.3943390689	100672.0138189197	86234.8702012499	0.8222864042	2199.6853333333	0.0000000000	
86127.0763569077	86164.3198281527	327.1821793737	100385.5350737770	86127.0763569077	0.8193225346	2193.4860000000	0.0000000000	
86082.4182127913	86139.5409971476	314.1674821667	100385.5350737770	86082.4182127913	0.8161391610	2186.6393333333	0.0000000000	
86006.6889709234	86056.0952588916	320.5757288180	100230.4219891628	86006.6889709234	0.8130805154	2181.1886666667	0.0000000000	
85930.6695012252	86037.1240705252	340.8681614228	100172.8839525580	85930.6695012252	0.8098916571	2175.8260000000	0.0000000000	
85865.6332849463	85958.1975236535	340.4558716506	99855.7792687416	85865.6332849463	0.8062602770	2167.4686666667	0.0000000000	
85819.1678863764	85880.5089250207	330.2949914762	99827.8312409918	85819.1678863764	0.8035073302	2159.9006666667	0.0000000000	
85766.8082716068	85849.1705223918	329.9463792134	99827.8312409918	85766.8082716068	0.8011918273	2159.2613333333	0.0000000000	
85731.7783542474	85805.3365305066	332.4978726736	99409.1129529476	85731.7783542474	0.7982401251	2154.2933333333	0.0000000000	
85647.6134796937	85713.0497738719	310.2632554170	99361.4823191365	85647.6134796937	0.7957483049	2147.8646666667	0.0000000000	
85591.7713898420	85605.6072577834	295.8268108380	99275.9146657586	85591.7713898420	0.7927471118	2140.6793333333	0.0000000000	
85536.8069611986	85510.6540977955	300.8299635871	99275.9146657586	85536.8069611986	0.7906110627	2136.6800000000	0.0000000000	
85487.0901641250	85502.5867849588	297.2276008068	99197.8312654297	85487.0901641250	0.7880873268	2130.7286666667	0.0000000000	
85450.4762186607	85474.9821677804	304.2925091137	99180.0318289797	85450.4762186607	0.7841931447	2122.5013333333	0.0000000000	
85411.6699338953	85406.9907024503	293.7328665905	99156.3565430045	85411.6699338953	0.7809464758	2119.4640000000	0.0000000000	
85379.8671102524	85384.0875312686	278.4373497862	98856.4056516687	85379.8671102524	0.7777230403	2111.0873333333	0.0000000000	
85343.4390706817	85340.3806045651	279.0906539197	98703.0722202857	85343.4390706817	0.7744731029	2107.5560000000	0.0000000000	
85307.5690685709	85287.6439139247	280.6899521052	98703.0722202857	85307.5690685709	0.7727336948	2102.7240000000	0.0000000000	
85273.8242980838	85228.4180477262	279.7404743565	98574.2282155156	85273.8242980838	0.7706834142	2097.6620000000	0.0000000000	
85234.0689368049	85182.9648330808	274.0189355980	98449.0351829926	85234.0689368049	0.7681142610	2092.3606666667	0.0000000000	
85192.5063109398	85142.1846717596	266.8770607023	98255.4843829076	85192.5063109398	0.7645309869	2085.9113333333	0.0000000000	
85155.7277678450	85116.3118392229	251.1006762179	97987.7488415440	85155.7277678450	0.7607719404	2081.4920000000	0.0000000000	
85128.9716283480	85116.3118392229	273.2012229107	97745.8241827289	85128.9716283480	0.7572455006	2072.5446666667	0.0000000000	
85112.0940267046	85102.0261541009	271.1387264657	97633.4646890561	85112.0940267046	0.7544638048	2065.8380000000	0.0000000000	
85096.8868206938	85056.7837223411	275.1906211179	97584.3967279792	85096.8868206938	0.7517662454	2056.6626666667	0.0000000000	
85064.8602914810	85022.2937449813	267.0839464831	97584.3967279792	85064.8602914810	0.7489294017	2052.1973333333	0.0000000000	
85028.2602823774	84990.7077416778	267.3492816195	97523.0777531862	85028.2602823774	0.7450640902	2039.2766666667	0.0000000000	
85000.9491796295	84987.6160338521	275.3175761209	97440.4561338822	85000.9491796295	0.7441545584	2039.3126666667	0.0333333333	
84971.3046874603	84956.2900036573	284.5650465234	97426.3053979476	84971.3046874603	0.7411603456	2034.1506666667	0.0666666667	
84928.2615962625	84936.1851572990	297.9933029682	97378.5694090525	84928.2615962625	0.7386372998	2027.9986666667	0.0666666667	
84901.9290465117	84909.1908663511	312.6774049451	97299.1756688555	84901.9290465117	0.7351146685	2019.2533333333	0.1000000000	
84877.7278186878	84875.0838458538	326.5111367439	97069.2258168260	84877.7278186878	0.7320692687	2011.7173333333	0.1333333333	
84859.8133564989	84856.4916059375	325.0408571130	96996.7387793462	84859.8133564989	0.7290979998	2008.1013333333	0.1333333333	
84816.5951235096	84832.7615395188	350.3152652632	96996.7387793462	84816.5951235096	0.7268717931	2009.1573333333	0.2333333333	
84801.8972955147	84829.5362010598	347.3570718508	96944.8375396927	84801.8972955147	0.7254455969	2006.3340000000	0.2666666667	
84776.0331514478	84815.1724800467	347.3840358325	96944.8375396927	84776.0331514478	0.7228494745	1997.8540000000	0.2666666667	
84759.4865497947	84791.9984072447	343.9692712732	96610.3638277451	84759.4865497947	0.7206640148	1988.0973333333	0.2666666667	
84742.1578465899	84754.1243329644	345.3321179662	96610.3638277451	84742.1578465899	0.7182594556	1987.9873333333	0.2666666667	
84717.7932585279	84741.1417260766	346.9200099911	96599.2667527993	84717.7932585279	0.7144346012	1979.4200000000	0.3333333333	
84696.1029011011	84702.1662235260	353.3530954519	96539.7930388649	84696.1029011011	0.7128913129	1977.0840000000	0.3333333333	
84677.5869161884	84702.1662235260	344.4376302070	96318.5198897123	84677.5869161884	0.7094366770	1966.9853333333	0.3333333333	
84668.0290719867	84661.0073834658	343.4494946956	96318.5198897123	84668.0290719867	0.7071248175	1962.1860000000	0.3666666667	
84651.8273861210	84649.9681770802	342.3633055013	96316.4461028576	84651.8273861210	0.7035570078	1956.3786666667	0.4000000000	
84638.7924234072	84646.4545816183	340.1115745823	96335.4550675551	84638.7924234072	0.7000919656	1941.2813333333	0.4333333333	
84609.8533886671	84602.2005468607	329.4810575607	96225.6966167688	84609.8533886671	0.6960345130	1933.6566666667	0.4333333333	
84580.6406475107	84594.3935841322	322.1239085074	96181.4072463910	84580.6406475107	0.6935953487	1931.0320000000	0.4333333333	
84566.3619818290	84573.7810894847	330.4334193233	96021.7766122023	84566.3619818290	0.6907972913	1921.7466666667	0.4333333333	
84538.8794249296	84537.9266560078	320.9680771722	95945.0916800896	84538.8794249296	0.6877986903	1918.9693333333	0.4666666667	
84524.6752533317	84536.6325438023	312.2652230388	95699.2241858443	84524.6752533317	0.6851591814	1915.2213333333	0.4666666667	
84512.5171671311	84536.6325438023	315.1993374695	95689.4524191817	84512.5171671311	0.6826949864	1907.4560000000	0.4666666667	
84498.1438842416	84489.2497673631	313.8933475654	95549.1026265423	84498.1438842416	0.6800346508	1896.7073333333	0.5333333333	
84482.7009101709	84468.1095302105	317.8251948310	95536.6819285353	84482.7009101709	0.6782210492	1897.4720000000	0.5666666667	
84477.6595801115	84464.3709868193	317.0064555199	95466.4117906491	84477.6595801115	0.6751985129	1891.7086666667	0.5666666667	
84466.2572290500	84444.2766606808	313.3518017339	95304.3115456899	84466.2572290500	0.6738859954	1884.3226666667	0.6000000000	
84455.4505222042	84433.1987217069	306.5742622761	95262.7380494277	84455.4505222042	0.6716897428	1883.3133333333	0.6333333333	
84440.0667365392	84416.9127225876	308.2090814314	95118.9469467600	84440.0667365392	0.6701024361	1876.2653333333	0.6333333333	
84430.1547700167	84416.4978921413	302.4389536437	94826.1384392778	84430.1547700167	0.6661380061	1865.2360000000	0.6333333333	
84417.3845133185	84410.4938238859	303.8087827454	94611.3173079491	84417.3845133185	0.6661926082	1866.5186666667	0.6333333333	
84397.4137056867	84404.0664196014	299.4051880810	94224.2921984196	84397.4137056867	0.6642369863	1865.1246666667	0.6333333333	
84387.2448569536	84404.0664196014	288.1554995146	94121.3208506505	84387.2448569536	0.6616423387	1859.8026666667	0.7000000000	
84368.2753445705	84391.9306546450	285.9224942247	94072.3386761546	84368.2753445705	0.6583488085	1848.1666666667	0.7000000000	
84361.1862006783	84384.7432211041	284.3775983748	94086.2424106399	84361.1862006783	0.6550054597	1843.5820000000	0.7000000000	
84350.9726591905	84383.3495989442	285.2300027294	93942.2896581888	84350.9726591905	0.6537421943	1839.7506666667	0.7333333333	
84333.4850867589	84381.7682310939	291.7474275098	94027.8874721130	84333.4850867589	0.6502774068	1831.4020000000	0.7333333333	
84324.5296803117	84376.4553770423	301.3821864285	94025.9217920899	84324.5296803117	0.6499861163	1827.7853333333	0.7333333333	
84315.4551360011	84376.4553770423	298.9367442230	93914.3789763252	84315.4551360011	0.6476051003	1824.5246666667	0.7333333333	
84300.7882445057	84359.4317451119	299.6852324249	93827.5127812227	84300.7882445057	0.6465598293	1820.6653333333	0.7666666667	
84290.8034527302	84359.4317451119	303.5849762280	93794.2201890548	84290.8034527302	0.6441872836	1814.7953333333	0.7666666667	
84279.2669201891	84349.8295828700	303.6392692529	93690.4588163892	84279.2669201891	0.6411475509	1807.8553333333	0.8000000000	
84260.0310573975	84341.1808073521	310.7077045760	93646.0265775522	84260.0310573975	0.6392361381	1800.9066666667	0.8000000000	
84253.1712800264	84321.5173020959	309.8211579875	93564.3645229936	84253.1712800264	0.6368709118	1797.2120000000	0.8000000000	
84239.6264762680	84303.4578621387	314.4052128371	93511.7429931958	84239.6264762680	0.6343304213	1791.1200000000	0.8000000000	
84229.1917341948	84296.9559922814	308.3282301115	93402.9991538326	84229.1917341948	0.6312088524	1779.3960000000	0.8333333333	
84221.9002477328	84284.8043337464	308.7282524722	93293.5268328587	84221.9002477328	0.6282841144	1772.3873333333	0.8333333333	
84209.9532754223	84280.2672669291	315.3187463750	93275.4535342256	84209.9532754223	0.6272881054	1771.2280000000	0.8333333333	
84197.1095103025	84280.2672669291	318.4062944460	93292.3476481438	84197.1095103025	0.6261554954	1770.8120000000	0.8333333333	
84187.0156366626	84256.4840644598	317.8736382417	93406.7379431923	84187.0156366626	0.6243537832	1763.5693333333	0.8333333333	
84169.1072458029	84227.0311802626	306.8883690564	93300.7433982690	84169.1072458029	0.6226944983	1757.6473333333	0.9000000000	
84159.4137821595	84216.8611586094	305.4882061547	93111.1054686705	84159.4137821595	0.6182490886	1748.6033333333	0.9000000000	
84154.3774122993	84196.3697865605	305.6325963906	92930.1517580946	84154.3774122993	0.6158622291	1746.9173333333	0.9000000000	
84147.2311183810	84183.5774227977	307.8135732908	92966.3314649463	84147.2311183810	0.6117927811	1734.5886666667	0.9000000000	
84139.9565728505	84182.6726391912	306.9091628556	92986.9313650330	84139.9565728505	0.6092066730	1724.9113333333	0.9000000000	
84133.3420450489	84182.6726391912	308.3383501078	92977.8503168623	84133.3420450489	0.6073466719	1723.9806666667	0.9000000000	
84128.9350252350	84180.8690026402	309.3338196563	92874.5208575328	84128.9350252350	0.6054484606	1713.6853333333	0.9000000000	
84116.7347477873	84165.7364189625	311.6655095507	92886.6268910964	84116.7347477873	0.6046708162	1709.0260000000	0.9000000000	
84112.2006110350	84146.2515637279	310.6420789096	92844.3297737837	84112.2006110350	0.6022322049	1705.9406666667	0.9000000000	
84099.9264278014	84134.8124325275	309.9371489595	92878.1921796004	84099.9264278014	0.5993901770	1697.4220000000	0.9000000000	
84095.2269020677	84134.8124325275	309.8815232379	92862.9237197836	84095.2269020677	0.5989562837	1696.8840000000	0.9000000000	
84086.9409077366	84133.2503676414	310.6332917195	92805.8928108215	84086.9409077366	0.5968156135	1689.4386666667	0.9000000000	
84076.4673595627	84114.9349182844	300.7015524375	92895.4789517323	84076.4673595627	0.5935233627	1686.0060000000	0.9333333333	
84063.2964083552	84114.9349182844	311.6351672093	92834.3170674642	84063.2964083552	0.5926019930	1689.5000000000	0.9333333333	
84053.4960970283	84110.8526438475	306.4128515005	92884.0010259549	84053.4960970283	0.5908576765	1677.3200000000	0.9333333333	
84046.5254227320	84110.8526438475	311.2429318776	92870.3821550806	84046.5254227320	0.5885988552	1671.4340000000	0.9333333333	
84039.9935343862	84109.9245458841	315.0503281672	92732.2018599510	84039.9935343862	0.5871639078	1670.2433333333	0.9333333333	
84031.5137526393	84109.9245458841	314.8442199701	92631.0443862279	84031.5137526393	0.5848326483	1659.0800000000	0.9666666667	
84026.7655547460	84104.6619683504	318.0179212943	92532.2168783347	84026.7655547460	0.5807595316	1651.1646666667	0.9666666667	
84013.9423936605	84089.9305254221	321.5425177968	92519.1748615106	84013.9423936605	0.5810576355	1647.6433333333	0.9666666667	
84007.2305236260	84089.9305254221	319.7063954116	92395.3962152203	84007.2305236260	0.5790017349	1642.8146666667	0.9666666667	
83999.3958299359	84077.5390416384	315.9684319146	92326.9512917598	83999.3958299359	0.5780265099	1639.4533333333	0.9666666667	
83993.4345055620	84077.5390416384	315.0921271174	91968.3903307716	83993.4345055620	0.5737689256	1631.3200000000	0.9666666667	
83984.4258953134	84024.8156368732	314.3523462008	91829.4345217943	83984.4258953134	0.5736187986	1626.2686666667	0.9666666667	
83977.0870018005	84018.7651485205	315.8990846250	91769.4453350703	83977.0870018005	0.5702177712	1621.8806666667	0.9666666667	
83972.8024307887	84018.7651485205	316.0320914650	91710.7650854190	83972.8024307887	0.5679156379	1618.7973333333	0.9666666667	
83966.7046551903	84018.7651485205	315.5224574460	91634.8896546165	83966.7046551903	0.5681804329	1615.0273333333	0.9666666667	
83961.0173272093	84016.4970964193	315.7005432334	91577.4538023273	83961.0173272093	0.5660022784	1603.8386666667	0.9666666667	
83950.4098610083	84000.2306669950	315.2241324928	91500.8813290795	83950.4098610083	0.5627282450	1597.3840000000	0.9666666667	
83936.3723231355	84000.2306669950	316.9947345419	91446.4069158832	83936.3723231355	0.5625126770	1597.0933333333	0.9666666667	
83927.5729806225	83979.7268941998	314.6169104167	91480.9148554007	83927.5729806225	0.5598858223	1588.9620000000	0.9666666667	
83923.4379950166	83978.2665535808	314.9873155836	91486.5113304059	83923.4379950166	0.5587114286	1583.5346666667	0.9666666667	
83911.7622607946	83964.6180704236	311.7516540269	91434.5541086793	83911.7622607946	0.5566042163	1577.1346666667	1.0000000000	
83902.8357875347	83941.1935389042	311.8147884886	91360.7803129156	83902.8357875347	0.5550526413	1575.0453333333	1.0000000000	
83896.1031437914	83931.3805520535	313.6352548236	91411.5319518248	83896.1031437914	0.5529465286	1570.7486666667	1.0000000000	
83890.8951289455	83922.9388326406	314.2072701225	91417.9957645138	83890.8951289455	0.5525328557	1571.4880000000	1.0000000000	
83881.9945026437	83901.1627510190	310.1974382784	91378.8339731097	83881.9945026437	0.5496080497	1560.1206666667	1.0000000000	
83875.7787224650	83900.2609267831	309.2754946045	91358.3990715941	83875.7787224650	0.5465442421	1549.3486666667	1.0000000000	
83870.6818555792	83892.3100218177	307.5273659430	91306.0241067410	83870.6818555792	0.5454575834	1548.3500000000	1.0000000000	
83866.4675597350	83891.6185900569	305.1450277011	91255.4318184654	83866.4675597350	0.5417682929	1540.9513333333	1.0000000000	
83863.0360917250	83891.6185900569	302.7201552582	91328.5291498899	83863.0360917250	0.5403921028	1540.4813333333	1.0000000000	
83855.6751311819	83887.3800367117	303.4455982373	91184.7011349599	83855.6751311819	0.5390503631	1539.1113333333	1.0000000000	
83849.8323791226	83880.0094127655	300.1591121948	91139.9310138822	83849.8323791226	0.5367516943	1525.0593333333	1.0000000000	
83844.0074289839	83880.0094127655	297.1875654787	91146.2156529228	83844.0074289839	0.5359761767	1521.4906666667	1.0000000000	
83838.1036404769	83879.1479885578	294.7443368304	91179.9626511335	83838.1036404769	0.5344925917	1519.8280000000	1.0000000000	
83831.4875450730	83874.9967306852	293.5883228669	91129.4734174013	83831.4875450730	0.5317581059	1513.2840000000	1.0000000000	
83826.9140444199	83874.9967306852	291.2772582942	91165.7331865032	83826.9140444199	0.5303862779	1512.5766666667	1.0000000000	
83822.2794059912	83859.3563348055	289.9730876121	91089.6622265379	83822.2794059912	0.5273513059	1499.9893333333	1.0000000000	
83816.3790307442	83856.2829911709	289.4397003653	91184.5112697283	83816.3790307442	0.5266803132	1494.2326666667	1.0000000000	
83813.9469114939	83855.5122762918	287.5207974933	91071.2604502837	83813.9469114939	0.5256557214	1487.5706666667	1.0000000000	
83808.2071009278	83849.5017603040	285.8193248136	90995.2550340692	83808.2071009278	0.5230446542	1478.1833333333	1.0000000000	
83800.6086678306	83849.5017603040	286.0743011581	91050.0990866621	83800.6086678306	0.5209310333	1469.9146666667	1.0000000000	
83792.5595249732	83842.4711167812	286.3852612390	91095.4957951109	83792.5595249732	0.5196029493	1464.8240000000	1.0000000000	
83784.8920326432	83839.8915171623	285.6123494751	91026.3908118010	83784.8920326432	0.5191313836	1466.7666666667	1.0000000000	
83777.1422954400	83783.0482855439	284.1225410723	91008.1471314033	83777.1422954400	0.5171481260	1464.2560000000	1.0000000000	
83772.9692886273	83781.0986533761	285.6425522324	91107.2626043359	83772.9692886273	0.5155089723	1453.2193333333	1.0000000000	
83767.2480217616	83769.6471080184	285.5479771213	91082.4624224504	83767.2480217616	0.5145087260	1458.6280000000	1.0000000000	
83761.7335011562	83767.1718224883	284.9139692567	91043.1530693173	83761.7335011562	0.5121002045	1445.1280000000	1.0000000000	
83752.5759565830	83761.6431102157	280.4053869581	90853.0558305979	83752.5759565830	0.5089203245	1438.4586666667	1.0000000000	
83748.2142229875	83761.2439379096	282.8000175195	90928.8392421603	83748.2142229875	0.5098624638	1439.5806666667	1.0000000000	
83744.3134152889	83760.4417428374	281.2368018361	91011.0299273332	83744.3134152889	0.5071800418	1432.9120000000	1.0000000000	
83740.1499094566	83755.0419852138	280.5347708792	90857.5791589419	83740.1499094566	0.5048205881	1424.5893333333	1.0000000000	
83734.7928865751	83755.0419852138	280.8512864714	90869.5168829958	83734.7928865751	0.5050361473	1423.5140000000	1.0000000000	
83730.9549208482	83755.0419852138	282.3272632934	90873.4648494919	83730.9549208482	0.5026544530	1410.2446666667	1.0000000000	
83726.2277187904	83755.0419852138	280.0076096177	90853.1885495782	83726.2277187904	0.5014784361	1412.8273333333	1.0000000000	
83720.7407971223	83755.0419852138	277.7046602894	90774.4832127293	83720.7407971223	0.5009380643	1412.7140000000	1.0000000000	
83717.5984677672	83755.0419852138	277.5385924361	90679.3353799979	83717.5984677672	0.4977484439	1398.1560000000	1.0000000000	
83714.9776771665	83754.1527435184	276.4528729174	90757.3766119281	83714.9776771665	0.4941110445	1384.5720000000	1.0000000000	
83709.2374974489	83754.1527315974	278.4507361653	90729.5655043920	83709.2374974489	0.4926367156	1389.3986666667	1.0000000000	
83704.1402853529	83738.8256177306	276.0619303066	90417.7381979426	83704.1402853529	0.4905738970	1383.8086666667	1.0000000000	
83700.1712913315	83738.8256177306	273.7417689621	90429.2509281635	83700.1712913315	0.4906948031	1378.8760000000	1.0000000000	
83693.2444650928	83725.8008554578	270.9096022668	90482.1891224384	83693.2444650928	0.4899661624	1372.4960000000	1.0000000000	
83690.2055588365	83716.6264727712	266.6493175725	90439.5312904318	83690.2055588365	0.4883062241	1367.1893333333	1.0000000000	
83685.1915396253	83711.0720306635	266.7194093231	90402.6680834095	83685.1915396253	0.4856623420	1364.7340000000	1.0000000000	
83683.0294863383	83711.0720306635	266.0226230854	90346.6525009274	83683.0294863383	0.4834515459	1349.3286666667	1.0000000000	
83679.7568886479	83711.0720306635	266.1849601090	90289.4243855278	83679.7568886479	0.4789443209	1348.1373333333	1.0000000000	
83677.2104957700	83709.7714334726	264.4461343836	90263.2590091228	83677.2104957700	0.4754069824	1334.2813333333	1.0000000000	
83673.1010938684	83703.1212642789	265.4151264207	90250.2443599701	83673.1010938684	0.4725607258	1322.3166666667	1.0000000000	
83666.6856468717	83701.5374019742	264.0147691209	90153.9748393496	83666.6856468717	0.4710935872	1316.1273333333	1.0000000000	
83661.0881192486	83695.3313753009	264.8512140246	90108.6514598131	83661.0881192486	0.4708552002	1316.6040000000	1.0000000000	
83657.9071838657	83683.5532709956	265.1837465242	90105.1194913189	83657.9071838657	0.4674919406	1310.4393333333	1.0000000000	
83654.4932054480	83681.7801699042	265.5979370813	90076.2468745311	83654.4932054480	0.4672033684	1303.9666666667	1.0000000000	
83651.0228386521	83679.3284431100	263.8186061836	90159.9027206500	83651.0228386521	0.4658377622	1302.0440000000	1.0000000000	
83648.1485271454	83674.2984876037	265.6412704151	90143.6490467191	83648.1485271454	0.4640908546	1288.4506666667	1.0000000000	
83643.1952099999	83671.0781767964	264.0731974805	90125.8082115650	83643.1952099999	0.4611851773	1281.9226666667	1.0000000000	
83639.2428141832	83669.7521135211	263.7947947179	90113.6816603939	83639.2428141832	0.4601896817	1280.7606666667	1.0000000000	
83635.5081781745	83665.9866198897	261.1475577217	90010.9639236331	83635.5081781745	0.4576513154	1277.6326666667	1.0000000000	
83629.8954436183	83648.9125058055	259.1946961036	89889.2048880458	83629.8954436183	0.4520261535	1252.3000000000	1.0000000000	
83624.5567265153	83646.1473241448	259.4867029794	89724.0707945824	83624.5567265153	0.4484828515	1249.7266666667	1.0000000000	
83618.5995560884	83644.2749425769	259.4780244706	89731.1387218038	83618.5995560884	0.4455547485	1241.9953333333	1.0000000000	
83615.9891734521	83641.1835148931	259.4353255460	89821.2337945898	83615.9891734521	0.4443782771	1240.0500000000	1.0000000000	
83612.8265269597	83641.1835148931	258.4651206739	89821.2337945898	83612.8265269597	0.4416109617	1237.0486666667	1.0000000000	
83609.8482358456	83640.4073849320	257.7747362349	89793.6054813862	83609.8482358456	0.4395721355	1224.7840000000	1.0000000000	
83604.3701711297	83637.2232571244	252.7256212284	89830.5246711771	83604.3701711297	0.4388864765	1219.4346666667	1.0000000000	
83599.8222375910	83627.7896270156	252.9816873319	89698.2136073709	83599.8222375910	0.4344565290	1206.6500000000	1.0000000000	
83596.7290374637	83626.8476679921	251.2468343799	89649.4768952330	83596.7290374637	0.4327812646	1205.1760000000	1.0000000000	
83593.8080020746	83626.8476679921	253.1955143483	89593.6221563816	83593.8080020746	0.4303594125	1197.2206666667	1.0000000000	
83590.7814731200	83626.8073812127	254.5466503374	89547.7063646913	83590.7814731200	0.4265165382	1187.3520000000	1.0000000000	
83588.5295618574	83626.7234370112	252.5442799474	89590.9058942397	83588.5295618574	0.4247769604	1181.2346666667	1.0000000000	
83586.0246770581	83626.7234370112	252.3393909250	89618.7226199110	83586.0246770581	0.4223814936	1171.6306666667	1.0000000000	
83583.5162167748	83619.3715944886	252.3760604796	89595.4408419132	83583.5162167748	0.4207633357	1170.3313333333	1.0000000000	
83578.8714055220	83617.7033141255	250.4379715956	89562.4460388223	83578.8714055220	0.4192183548	1159.6033333333	1.0000000000	
83575.8734306693	83617.4085244536	250.0424950536	89484.0373210112	83575.8734306693	0.4180876927	1159.4880000000	1.0000000000	
83572.7755776048	83617.4085244536	249.1985228783	89460.8810166518	83572.7755776048	0.4163639449	1154.8860000000	1.0000000000	
83568.0924149354	83617.4085244536	249.5862774454	89410.4843140642	83568.0924149354	0.4140731332	1146.4086666667	1.0000000000	
83565.8425003290	83613.7213125825	248.5441394773	89372.8073110183	83565.8425003290	0.4108013254	1134.6986666667	1.0000000000	
83563.5085052252	83613.4892269969	249.0536739416	89299.9494476120	83563.5085052252	0.4057410030	1121.6480000000	1.0000000000	
83560.6094463666	83613.4892269969	247.6790251664	89209.7446639339	83560.6094463666	0.4048355074	1116.5846666667	1.0000000000	
83556.6718888283	83613.4892269969	247.5438092228	89279.8978708188	83556.6718888283	0.4035338190	1103.0640000000	1.0000000000	
83553.4894390901	83611.1838892102	248.8138618773	89261.2741870681	83553.4894390901	0.4011213808	1108.2440000000	1.0000000000	
83548.2315628727	83608.2945689559	247.8593138363	89150.2739176154	83548.2315628727	0.4006617462	1101.1126666667	1.0000000000	
83544.7252532840	83608.1951066852	247.6123278072	89090.6484933694	83544.7252532840	0.3979561965	1094.4493333333	1.0000000000	
83540.1335870226	83606.0487255454	246.2429422129	89030.0933340192	83540.1335870226	0.3938628713	1083.0720000000	1.0000000000	
83536.9095654289	83606.0487255454	245.4685802690	88842.5350547830	83536.9095654289	0.3905528268	1074.9680000000	1.0000000000	
83534.3984759847	83603.0567303300	245.4533580389	88840.0513380766	83534.3984759847	0.3852989254	1060.7560000000	1.0000000000	
83529.8093857368	83597.1325919032	244.6845238754	88687.6202964783	83529.8093857368	0.3815000742	1051.7820000000	1.0000000000	
83523.9405008157	83590.8262476325	240.8107798418	88599.2899545034	83523.9405008157	0.3772390478	1037.3540000000	1.0000000000	
83520.1451748610	83586.4380583167	240.1029912452	88453.4098583460	83520.1451748610	0.3735411878	1034.0593333333	1.0000000000	
83517.5770318508	83586.1848428845	240.4766402141	88453.4098583460	83517.5770318508	0.3699281803	1021.7906666667	1.0000000000	
83515.0606854757	83585.0678786635	239.8343558273	88344.3949487805	83515.0606854757	0.3685817085	1016.8000000000	1.0000000000	
83510.6456716855	83585.0678786635	238.3695158109	88095.3029802442	83510.6456716855	0.3655637550	1004.4453333333	1.0000000000	
83507.8141109149	83584.2698544264	238.0488255522	88091.6572265824	83507.8141109149	0.3650408897	999.3960000000	1.0000000000	
83504.1065438588	83582.5043797493	238.0501182288	88045.7424231370	83504.1065438588	0.3618127291	989.3380000000	1.0000000000	
83500.3377165397	83578.3994942904	238.3097570491	88104.2493120829	83500.3377165397	0.3615395773	988.3140000000	1.0000000000	
83497.1709762017	83571.9997614622	239.2435187203	87985.0939393044	83497.1709762017	0.3599298082	973.9833333333	1.0000000000	
83495.4919123650	83570.3746765852	238.6495305543	87843.8079900543	83495.4919123650	0.3552021265	963.4466666667	1.0000000000	
83491.5502545238	83562.1405631304	238.4446403985	87918.0121921500	83491.5502545238	0.3545370065	958.4693333333	1.0000000000	
83489.0224153797	83560.6473326683	236.9942706054	87870.9678885341	83489.0224153797	0.3542169911	958.7713333333	1.0000000000	
83486.6057263811	83559.8588168621	236.3187898849	87853.6742650469	83486.6057263811	0.3524453096	948.8106666667	1.0000000000	
83482.2643551230	83557.7989488840	237.2637752996	87830.3967249393	83482.2643551230	0.3485795627	944.0960000000	1.0000000000	
83481.0447830955	83557.7989488840	237.0512530667	87880.5936906735	83481.0447830955	0.3450498351	936.9393333333	1.0000000000	
83480.2045443654	83556.7102879286	236.9870118531	87859.0133841832	83480.2045443654	0.3424739171	923.9246666667	1.0000000000	
83478.2370232542	83549.7433155775	236.7673366098	87944.1404200594	83478.2370232542	0.3400384259	917.3946666667	1.0000000000	
83476.0136251648	83548.9163100719	235.3313534615	87778.0871998270	83476.0136251648	0.3374951427	908.6426666667	1.0000000000	
83473.4461042285	83544.5266664028	236.3490826820	87858.8311624527	83473.4461042285	0.3369546234	894.3813333333	1.0000000000	
83470.8162188530	83542.0555889606	236.7045947048	87822.0259398222	83470.8162188530	0.3351940191	892.1293333333	1.0000000000	
83468.9083729188	83542.0555889606	236.5347896385	87821.3586702943	83468.9083729188	0.3321401672	877.8100000000	1.0000000000	
83465.9235340357	83541.5044724941	237.5330480193	87784.8353183270	83465.9235340357	0.3308428267	870.6573333333	1.0000000000	
83462.9217739900	83539.5446687937	237.7598998171	87776.1342156927	83462.9217739900	0.3261457551	856.7360000000	1.0000000000	
83461.0955768824	83539.5446687937	237.6879044688	87740.9376802047	83461.0955768824	0.3239687978	849.2093333333	1.0000000000	
83459.1995863120	83539.5446687937	238.3812554070	87701.1386717359	83459.1995863120	0.3226982095	844.1333333333	1.0000000000	
83456.7713921269	83535.4670077562	236.9580348415	87702.9354869326	83456.7713921269	0.3189954908	833.8586666667	1.0000000000	
83454.5218754808	83535.4670077562	236.9220639763	87606.3853103916	83454.5218754808	0.3147484100	824.0546666667	1.0000000000	
83452.5160729885	83532.4109941721	237.2824808548	87578.8802074393	83452.5160729885	0.3127128503	818.2500000000	1.0000000000	
83451.1293653647	83532.4109941721	237.5942595040	87682.4573468169	83451.1293653647	0.3126848789	808.9040000000	1.0000000000	
83449.7911153237	83531.6047042608	237.3153757079	87652.2472288211	83449.7911153237	0.3084255999	799.1886666667	1.0000000000	
83448.5038672884	83529.4397383928	237.0530185458	87536.3274852435	83448.5038672884	0.3053113947	795.7413333333	1.0000000000	
83445.7306651274	83527.6773601770	238.2897958419	87527.3096928994	83445.7306651274	0.2996222480	777.6940000000	1.0000000000	
83442.9013341665	83522.3148971796	239.3591892360	87381.0966971517	83442.9013341665	0.2954592924	760.4186666667	1.0000000000	
83440.6188936035	83512.6391023397	238.8954790957	87360.5394533277	83440.6188936035	0.2937521887	751.7466666667	1.0000000000	
83438.5682422916	83512.6391023397	238.6915374505	87303.2200268904	83438.5682422916	0.2910608016	748.9660000000	1.0000000000	
83436.7907930414	83511.3238364458	238.5246012343	87207.9422601064	83436.7907930414	0.2873122148	736.2913333333	1.0000000000	
83435.4707812269	83511.0595941544	238.6165695784	87189.5887874563	83435.4707812269	0.2858037371	725.6606666667	1.0000000000	
83432.5424432755	83510.1858705282	240.2577540000	87178.0275381605	83432.5424432755	0.2822848326	718.4773333333	1.0000000000	
83430.5214737852	83508.0903440714	240.2762628742	86912.3411804438	83430.5214737852	0.2787183427	705.1880000000	1.0000000000	
83428.8385598858	83508.0903440714	240.5735255858	86898.1542747219	83428.8385598858	0.2755294500	700.5266666667	1.0000000000	
83425.7451030612	83508.0903440714	241.2725902413	86941.0059699416	83425.7451030612	0.2723553530	691.7200000000	1.0000000000	
83424.3221967419	83508.0903440714	241.5784964547	86949.4502539436	83424.3221967419	0.2671918888	674.7473333333	1.0000000000	
83422.9454771678	83506.8970471621	241.7156586521	86896.7788288991	83422.9454771678	0.2644874035	666.4380000000	1.0000000000	
83420.4900924365	83506.0936570168	241.4247924230	86811.0810822248	83420.4900924365	0.2602614170	656.1286666667	1.0000000000	
83418.7577859561	83505.7137399912	241.0984980256	86720.6761707862	83418.7577859561	0.2580296704	652.1646666667	1.0000000000	
83416.0722746452	83504.2719513178	241.3492747205	86683.7528863549	83416.0722746452	0.2529954350	637.9313333333	1.0000000000	
83414.3787946304	83497.9771137238	241.2605974551	86683.7528863549	83414.3787946304	0.2484657785	617.6013333333	1.0000000000	
83412.2800435622	83495.7989603281	240.4336122892	86625.9446718295	83412.2800435622	0.2441341756	611.9800000000	1.0000000000	
83410.5730976661	83493.5398310423	240.8296695018	86530.5734819174	83410.5730976661	0.2403803718	602.6306666667	1.0000000000	
83408.7915615241	83493.5398310423	241.2554915488	86482.7325622241	83408.7915615241	0.2392128529	592.1320000000	1.0000000000	
83407.5528071324	83490.0951176882	241.0622854528	86460.4582202435	83407.5528071324	0.2370423864	580.1406666667	1.0000000000	
83405.8236549298	83490.0083929300	241.8180858554	86439.3335597714	83405.8236549298	0.2333522283	574.3880000000	1.0000000000	
83403.6824941635	83489.8453056812	242.2748156872	86354.5306745172	83403.6824941635	0.2280265624	555.8793333333	1.0000000000	
83402.2003491720	83489.1250252724	241.8416639530	86301.8309326967	83402.2003491720	0.2262775652	548.5940000000	1.0000000000	
83400.4216536880	83487.9314810038	241.6264314009	86284.2846325040	83400.4216536880	0.2224795377	538.3106666667	1.0000000000	
83398.1233200431	83487.8356039524	241.4458738828	86310.7476295034	83398.1233200431	0.2188044467	528.4460000000	1.0000000000	
83395.8244298895	83486.9235575199	240.6626552423	86263.7446006139	83395.8244298895	0.2161954689	514.9933333333	1.0000000000	
83393.6404673259	83481.1416819692	240.8887536946	86142.7647723754	83393.6404673259	0.2094785748	497.2460000000	1.0000000000	
83391.9515015682	83480.8066889644	241.5434408981	86140.8447510004	83391.9515015682	0.2060316288	483.0833333333	1.0000000000	
83389.5960244536	83478.9230853319	240.9223167402	86125.6475710869	83389.5960244536	0.2021686385	474.0840000000	1.0000000000	
83387.5149000684	83478.8495004177	240.6880256730	86003.6295532187	83387.5149000684	0.1970724861	457.6446666667	1.0000000000	
83386.3872346282	83478.8495004177	240.9061917191	85977.9184551040	83386.3872346282	0.1912617718	448.2386666667	1.0000000000	
83385.0243885318	83477.7029961348	241.1018085451	85873.0590961377	83385.0243885318	0.1859900878	433.1693333333	1.0000000000	
83383.9462134242	83476.8323838711	241.5340098794	85931.7020787795	83383.9462134242	0.1824027587	421.6820000000	1.0000000000	
83382.5372541944	83475.9067535400	241.5119267939	85968.2416448991	83382.5372541944	0.1802419085	407.4380000000	1.0000000000	
83381.8717411160	83475.7812231779	241.5079105544	85958.1810430686	83381.8717411160	0.1795483598	400.0313333333	1.0000000000	
83380.9198059638	83474.2025479674	241.3651868402	85900.9170842171	83380.9198059638	0.1749934504	388.4553333333	1.0000000000	
83379.8811725775	83473.1581792235	241.0332516164	85603.4213271737	83379.8811725775	0.1693583317	372.2240000000	1.0000000000	
83378.6513423920	83472.4136099219	241.0896964416	85547.7235191067	83378.6513423920	0.1649463149	357.1326666667	1.0000000000	
83376.5452645222	83470.2854827046	241.1270837948	85492.0008438826	83376.5452645222	0.1609002142	342.1520000000	1.0000000000	
83375.5344464381	83470.0652316213	241.4406844913	85503.2838833332	83375.5344464381	0.1550447392	332.1813333333	1.0000000000	
83374.1818757852	83467.2237470746	241.5959649890	85456.1909426252	83374.1818757852	0.1490959207	316.8900000000	1.0000000000	
83373.1376477083	83467.2237470746	241.7525200435	85456.1909426252	83373.1376477083	0.1443355463	299.4520000000	1.0000000000	
83372.2371824582	83467.2237470746	241.4954155020	85448.3903364341	83372.2371824582	0.1383933968	285.9880000000	1.0000000000	
83371.2741402785	83466.8406799436	241.6474046337	85423.9459173878	83371.2741402785	0.1327420099	269.6240000000	1.0000000000	
83370.2842815717	83465.5537202954	241.6999533907	85426.7547280590	83370.2842815717	0.1306163256	261.1273333333	1.0000000000	
83369.4927756985	83464.7645279765	241.8107928021	85202.3070829113	83369.4927756985	0.1227290283	238.2286666667	1.0000000000	
83368.3683463931	83463.5171458125	241.8759411932	85188.1568124890	83368.3683463931	0.1186994396	228.3380000000	1.0000000000	
83367.1547918518	83459.6384242177	241.5638833022	85129.5883823435	83367.1547918518	0.1175090668	217.2760000000	1.0000000000	
83366.0594299436	83456.1086162925	241.8981910372	85119.6275883913	83366.0594299436	0.1063591044	197.7580000000	1.0000000000	
83364.8638170958	83455.5485472083	242.1287851423	85141.5903426210	83364.8638170958	0.1008095525	180.2006666667	1.0000000000	
83363.9960955580	83455.1371499896	242.2856524296	85121.3486293952	83363.9960955580	0.0934917892	163.4246666667	1.0000000000	
83361.8082387249	83454.0059402585	242.0885651393	85002.5971739491	83361.8082387249	0.0927300807	153.8660000000	1.0000000000	
