Mean	Median	StdDev	Max	Min	Entropy	Hamming	RLD
89307.9872794946	89272.2270041704	604.2740840107	101339.0914283196	89307.9872794946	0.7340517504	1285.2666666667	0.0000000000	
87401.6143682599	87370.7740485668	449.8280028653	99050.3600705663	87401.6143682599	0.5155277831	728.1606666667	0.0000000000	
86633.8340975841	86645.2460333705	468.6210794217	98256.6210653384	86633.8340975841	0.3391785839	450.7193333333	0.0000000000	
86268.4041095773	86324.3555143476	496.7251114631	97895.5827892820	86268.4041095773	0.2423175497	306.9640000000	0.0000000000	
86046.5281680226	85989.3319338560	498.5774233863	97623.5566914082	86046.5281680226	0.1741266206	204.7586666667	0.0000000000	
85892.9358041286	85828.1803339720	494.2269963336	96796.0191034277	85892.9358041286	0.1347335681	152.9726666667	0.0333333333	
85806.6322677334	85734.5716819167	493.1269619336	96703.3535871903	85806.6322677334	0.1058242024	118.0913333333	0.0333333333	
85736.6534470518	85692.7011594176	491.5779233293	96611.7076646288	85736.6534470518	0.0964652954	107.9546666667	0.1000000000	
85664.2358965675	85610.7203796506	482.7541306131	96611.7076646288	85664.2358965675	0.0872055705	95.8313333333	0.1333333333	
85612.5637913744	85547.0891967416	477.2114771036	96611.7076646288	85612.5637913744	0.0821014429	89.1213333333	0.1666666667	
85563.0701881647	85491.9540703297	474.2677650216	96611.7076646288	85563.0701881647	0.0812924647	88.2273333333	0.2000000000	
85518.2288193703	85467.0873016119	477.1843484200	96552.4754737814	85518.2288193703	0.0726201784	82.8613333333	0.2333333333	
85484.8337182403	85452.4440139532	483.9719358450	96539.6882606546	85484.8337182403	0.0644066101	77.2006666667	0.2333333333	
85454.2442343632	85426.0016381741	481.5206272101	96539.6882606546	85454.2442343632	0.0639429843	75.0833333333	0.2333333333	
85415.2421337366	85361.3201826811	491.9674315742	96468.0459371209	85415.2421337366	0.0611871486	71.4146666667	0.2333333333	
85387.2297327717	85333.2679092884	491.5881361394	96468.0459371209	85387.2297327717	0.0587093164	69.2426666667	0.2666666667	
85366.0453067223	85311.2762361765	495.1086773696	96421.7487889528	85366.0453067223	0.0539885072	65.8000000000	0.2666666667	
85348.7976563970	85296.8473941088	493.8447022292	96421.7487889528	85348.7976563970	0.0527348992	64.4773333333	0.2666666667	
85332.7399696906	85285.4948163033	494.9374822623	96421.7487889528	85332.7399696906	0.0496422762	61.6353333333	0.3000000000	
85316.8159236511	85279.1889920831	494.0911064422	96417.8257149458	85316.8159236511	0.0492944868	61.4900000000	0.3333333333	
85303.5463756323	85257.5384423137	496.0310477079	96417.8257149458	85303.5463756323	0.0480462701	60.7860000000	0.3333333333	
85291.6173245509	85252.9601946473	499.4435900392	96417.8257149458	85291.6173245509	0.0469609872	58.9413333333	0.3666666667	
85279.5444267988	85245.5806657672	501.1406721039	96320.4196485877	85279.5444267988	0.0455553929	58.7293333333	0.3666666667	
85269.1825451453	85243.9476266503	499.1121667117	96320.4196485877	85269.1825451453	0.0439195902	57.4733333333	0.3666666667	
85255.7090165218	85241.2576213479	493.6353498870	96320.4196485877	85255.7090165218	0.0436130560	56.2480000000	0.3666666667	
85248.5285076499	85236.3138899207	492.2083274457	96320.4196485877	85248.5285076499	0.0433640557	56.2873333333	0.3666666667	
85239.8622625073	85234.4418779016	490.2715967698	96320.4196485877	85239.8622625073	0.0423312746	55.7840000000	0.3666666667	
85231.7580145597	85214.3946275115	488.7053129813	96320.4196485877	85231.7580145597	0.0419749329	54.8386666667	0.4000000000	
85224.1924520334	85210.4290500283	488.1460519924	96320.4196485877	85224.1924520334	0.0409295798	55.6466666667	0.4333333333	
85216.8965993325	85208.1259444356	487.7392446681	96320.4196485877	85216.8965993325	0.0402635924	55.1820000000	0.4333333333	
85203.8515318433	85165.8519253135	484.6859681942	96320.4196485877	85203.8515318433	0.0423095657	55.8233333333	0.4333333333	
85194.9576277534	85153.5787954926	482.1715159798	96271.1417537928	85194.9576277534	0.0417062279	55.1420000000	0.4333333333	
85185.7188395659	85142.8927347064	479.3015278342	96271.1417537928	85185.7188395659	0.0410744034	54.3353333333	0.4333333333	
85176.2880950173	85141.0292074084	475.5935205406	96271.1417537928	85176.2880950173	0.0431508298	55.1726666667	0.4333333333	
85168.8115221262	85127.5470823050	476.2990073890	96271.1417537928	85168.8115221262	0.0402239553	53.8760000000	0.4666666667	
85163.1212112308	85121.4365005493	472.7273398549	96271.1417537928	85163.1212112308	0.0393429195	53.8533333333	0.4666666667	
85157.3472791910	85118.9408242702	469.1419780769	96271.1417537928	85157.3472791910	0.0403422939	54.0086666667	0.4666666667	
85154.0207688014	85116.1349803209	468.5557449230	96271.1417537928	85154.0207688014	0.0401069268	53.8593333333	0.4666666667	
85150.5344020327	85111.1118137836	468.3400188053	96271.1417537928	85150.5344020327	0.0386382292	53.3260000000	0.4666666667	
85146.1299634973	85109.9915802479	467.1916677669	96271.1417537928	85146.1299634973	0.0383653707	53.4060000000	0.4666666667	
85143.0355929335	85108.9088827372	467.5946191635	96271.1417537928	85143.0355929335	0.0378374443	53.1633333333	0.4666666667	
85138.5000132521	85103.4166306257	467.1927414576	96006.5330962340	85138.5000132521	0.0375663116	52.1273333333	0.4666666667	
85135.0804085533	85086.7244869471	467.4152996438	96006.5330962340	85135.0804085533	0.0363351002	51.9773333333	0.5000000000	
85132.7694029609	85079.6078830957	467.6382718690	96006.5330962340	85132.7694029609	0.0358661664	51.7626666667	0.5000000000	
85129.5794446270	85070.5882877111	467.7733871837	95941.3135829568	85129.5794446270	0.0363333421	51.6266666667	0.5000000000	
85126.7673042417	85070.5882877111	467.2582912856	95941.3135829568	85126.7673042417	0.0365996894	51.7906666667	0.5000000000	
85123.8163076838	85070.5882877111	466.9061612561	95941.3135829568	85123.8163076838	0.0366717522	51.5720000000	0.5000000000	
85120.1580911875	85070.5882877111	467.5645975104	95941.3135829568	85120.1580911875	0.0362577204	52.2853333333	0.5000000000	
85116.6761908929	85068.7316507101	466.3014051067	95941.3135829568	85116.6761908929	0.0373452768	52.1740000000	0.5000000000	
85112.9511052370	85068.7316507101	464.5329048506	95941.3135829568	85112.9511052370	0.0360152969	51.7346666667	0.5000000000	
85110.9974751870	85068.0338382721	463.8257561751	95941.3135829568	85110.9974751870	0.0357322336	51.3433333333	0.5000000000	
85109.1229039431	85062.2816711664	463.7467566406	95941.3135829568	85109.1229039431	0.0350966660	50.8660000000	0.5000000000	
85105.7589159409	85047.2447395325	462.6805195313	95941.3135829568	85105.7589159409	0.0351752793	50.6206666667	0.5333333333	
85102.8630540768	85029.7335863113	461.6327753981	95941.3135829568	85102.8630540768	0.0349624072	50.6973333333	0.5333333333	
85101.2353060643	85029.4177323580	461.6508364614	95941.3135829568	85101.2353060643	0.0345753254	50.6326666667	0.5333333333	
85099.2888589700	85026.5351206064	462.3334434992	95941.3135829568	85099.2888589700	0.0350055449	50.8080000000	0.5333333333	
85095.4909637570	85022.2327932715	462.1760273549	95941.3135829568	85095.4909637570	0.0347252279	50.8640000000	0.5333333333	
85093.7488139669	85022.2327932715	461.9605504002	95941.3135829568	85093.7488139669	0.0344752288	50.3253333333	0.5333333333	
85090.3122759859	85022.1285656095	461.4172339189	95941.3135829568	85090.3122759859	0.0342203869	49.9966666667	0.5333333333	
85088.6317953467	85012.3595580459	461.3233454553	95941.3135829568	85088.6317953467	0.0342010408	50.0426666667	0.5333333333	
85086.8243399262	85007.4175611138	460.7847589335	95941.3135829568	85086.8243399262	0.0341940555	50.1546666667	0.5333333333	
85082.4265572429	85004.1106954217	459.3225551298	95941.3135829568	85082.4265572429	0.0352706574	50.3800000000	0.5333333333	
85077.9475862781	85004.1106954217	456.4615896014	95941.3135829568	85077.9475862781	0.0359137287	50.5140000000	0.5333333333	
85076.4742937684	85003.7462398410	455.7180703774	95933.8088554144	85076.4742937684	0.0351267559	50.4626666667	0.5333333333	
85075.1475217938	85003.7462398410	454.8600594829	95933.8088554144	85075.1475217938	0.0344526720	50.4226666667	0.5333333333	
85073.5466830929	85003.4562900662	455.2166412185	95933.8088554144	85073.5466830929	0.0346506355	50.5946666667	0.5333333333	
85070.6700442235	85002.9715374112	455.0708137084	95933.8088554144	85070.6700442235	0.0350553274	50.3773333333	0.5333333333	
85069.4514749448	85002.6848837733	454.9716389223	95933.8088554144	85069.4514749448	0.0344834952	50.1880000000	0.5333333333	
85067.5907006860	85002.6848837733	455.4266479650	95886.5156573057	85067.5907006860	0.0341866029	50.1040000000	0.5333333333	
85064.4423633814	85001.1988744140	456.3982910608	95886.5156573057	85064.4423633814	0.0350083359	50.2586666667	0.5333333333	
85062.7341103554	84998.7635865808	456.3976179276	95886.5156573057	85062.7341103554	0.0346622794	50.1560000000	0.5333333333	
85061.5514395634	84998.3194485307	456.5964308463	95886.5156573057	85061.5514395634	0.0339889966	50.4106666667	0.5333333333	
85060.6114961704	84998.1863662601	456.2226803707	95886.5156573057	85060.6114961704	0.0335265374	50.3720000000	0.5333333333	
85058.7490189075	84998.1863662601	455.6708330998	95866.3516454895	85058.7490189075	0.0339158868	50.5226666667	0.5333333333	
85056.4542992910	84998.1863662601	454.2013391940	95758.2720689972	85056.4542992910	0.0338864636	50.3100000000	0.5333333333	
85052.3106803497	84998.1863662601	451.0470333763	95758.2720689972	85052.3106803497	0.0344991972	50.2226666667	0.5333333333	
85050.1324204604	84997.5362375379	450.0630505550	95758.2720689972	85050.1324204604	0.0345672130	50.3120000000	0.5333333333	
85048.7909311056	84997.2156241536	450.1047351847	95758.2720689972	85048.7909311056	0.0344554857	50.2260000000	0.5333333333	
85046.4727252722	84997.2156241536	448.0048444379	95758.2720689972	85046.4727252722	0.0337740178	50.3000000000	0.5333333333	
85043.0463244518	84997.2156241536	446.9498386308	95758.2720689972	85043.0463244518	0.0340412335	50.2986666667	0.5333333333	
85039.9013108015	84995.7342341542	447.7961987520	95758.2720689972	85039.9013108015	0.0347390550	50.2826666667	0.5333333333	
85037.7174800634	84993.8843324780	447.1071193358	95758.2720689972	85037.7174800634	0.0346149980	50.0606666667	0.5333333333	
85036.4623401562	84989.9230584502	447.1228616238	95758.2720689972	85036.4623401562	0.0342681880	49.9493333333	0.5333333333	
85035.5375603835	84988.8462379575	446.6532200820	95758.2720689972	85035.5375603835	0.0337865908	50.2986666667	0.5333333333	
85034.6942800283	84987.9472061992	446.3037276560	95758.2720689972	85034.6942800283	0.0335675289	50.2053333333	0.5333333333	
85033.4265428782	84987.8224357963	446.1265302608	95758.2720689972	85033.4265428782	0.0339174296	50.0546666667	0.5333333333	
85031.5625357628	84987.4697849154	445.2618888560	95758.2720689972	85031.5625357628	0.0345202808	49.6146666667	0.5333333333	
85029.9671957890	84986.4643231034	446.2746180930	95758.2720689972	85029.9671957890	0.0337869391	49.4280000000	0.5333333333	
85029.3986074130	84986.4643231034	446.2642131573	95758.2720689972	85029.3986074130	0.0331689288	49.6020000000	0.5333333333	
85027.7346197764	84986.4643231034	447.7930246804	95758.2720689972	85027.7346197764	0.0334097138	49.5860000000	0.5333333333	
85026.6999099652	84986.3732114434	448.2428582914	95660.8354250590	85026.6999099652	0.0332124017	49.7046666667	0.5333333333	
85025.4529178143	84982.6956495643	447.7855827524	95660.8354250590	85025.4529178143	0.0333834826	49.4846666667	0.5333333333	
85023.3159862955	84982.3902562261	446.8944464096	95660.8354250590	85023.3159862955	0.0335962175	49.2480000000	0.5333333333	
85022.6166447997	84979.3633595109	446.8369767483	95660.8354250590	85022.6166447997	0.0330608795	49.3740000000	0.5333333333	
85021.6142458717	84979.2989715934	446.8209031952	95660.8354250590	85021.6142458717	0.0330676714	49.3686666667	0.5333333333	
85016.9036764900	84977.3220047355	441.8690583630	95660.8354250590	85016.9036764900	0.0336357863	49.6853333333	0.5666666667	
85014.8310894767	84977.3220047355	441.6614852563	95660.8354250590	85014.8310894767	0.0336738930	49.6620000000	0.5666666667	
85014.6150287986	84977.3220047355	441.6258867402	95660.8354250590	85014.6150287986	0.0331430913	49.5806666667	0.5666666667	
85013.9922053615	84977.0274057984	441.3707217912	95660.8354250590	85013.9922053615	0.0326834766	49.3013333333	0.5666666667	
85011.1153253913	84976.2517794967	444.0501451098	95418.8056864341	85011.1153253913	0.0331409778	49.1873333333	0.5666666667	
85009.1991518935	84976.2517794967	444.1388216029	95418.8056864341	85009.1991518935	0.0333963887	49.2013333333	0.5666666667	
85007.5754432877	84976.2517794967	445.0249194555	95418.8056864341	85007.5754432877	0.0338397293	49.4453333333	0.5666666667	
85006.6238082449	84976.0504260659	445.1730419275	95418.8056864341	85006.6238082449	0.0330668239	49.5846666667	0.5666666667	
85004.8747147123	84976.0504260659	446.1344775570	95418.8056864341	85004.8747147123	0.0332118347	49.7120000000	0.5666666667	
85004.3873303135	84975.1595631242	446.1067083388	95418.8056864341	85004.3873303135	0.0326097496	49.5980000000	0.5666666667	
85003.3820254604	84972.3851099610	446.7679776664	95418.8056864341	85003.3820254604	0.0327519967	49.5086666667	0.5666666667	
84999.2604113619	84972.3851099610	443.6989653220	95418.8056864341	84999.2604113619	0.0338936849	49.2640000000	0.5666666667	
84998.9676518242	84972.3851099610	443.4995327648	95418.8056864341	84998.9676518242	0.0328241307	49.3786666667	0.5666666667	
84998.5176527500	84972.3851099610	443.3132409209	95418.8056864341	84998.5176527500	0.0326257943	49.1940000000	0.5666666667	
84997.6803030570	84972.3851099610	443.6025946883	95418.8056864341	84997.6803030570	0.0321933955	49.0966666667	0.5666666667	
84995.3479468822	84971.7873618007	443.4206061731	95418.8056864341	84995.3479468822	0.0330486927	49.4186666667	0.5666666667	
84994.3875229359	84971.7117831111	444.0948711351	95418.8056864341	84994.3875229359	0.0325312437	49.2413333333	0.5666666667	
84993.8734598954	84971.7117831111	444.0705976560	95418.8056864341	84993.8734598954	0.0321489169	49.2953333333	0.5666666667	
84992.9159080982	84971.7117831111	444.6821820498	95418.8056864341	84992.9159080982	0.0321833442	49.2753333333	0.5666666667	
84991.4779720704	84971.7117831111	443.7680051146	95418.8056864341	84991.4779720704	0.0324657960	49.1613333333	0.5666666667	
84989.2957419157	84970.1611533761	442.4819564026	95418.8056864341	84989.2957419157	0.0327028574	49.0300000000	0.5666666667	
84989.0340020259	84970.1611533761	442.6244089679	95418.8056864341	84989.0340020259	0.0321144466	48.9920000000	0.5666666667	
84988.1653561195	84970.0765684247	442.4647152028	95418.8056864341	84988.1653561195	0.0323764919	48.9660000000	0.5666666667	
84987.3103398085	84970.0765684247	442.6162476569	95418.8056864341	84987.3103398085	0.0324422989	49.0313333333	0.5666666667	
84986.4244075616	84968.9480587840	443.5917782840	95418.8056864341	84986.4244075616	0.0322479771	49.0900000000	0.5666666667	
84986.2970125675	84968.9480587840	443.6266618068	95418.8056864341	84986.2970125675	0.0320195210	49.0406666667	0.5666666667	
84985.9885907173	84968.9480587840	443.4349571549	95418.8056864341	84985.9885907173	0.0319075938	49.1006666667	0.5666666667	
84985.1263560851	84966.8267235160	443.1207034824	95418.8056864341	84985.1263560851	0.0320040153	49.1833333333	0.5666666667	
84983.5858835777	84965.8927902579	442.9959703166	95418.8056864341	84983.5858835777	0.0326480156	49.1946666667	0.5666666667	
84981.7297599713	84965.8927902579	444.5878575899	95418.8056864341	84981.7297599713	0.0332432455	48.9886666667	0.5666666667	
84980.6157987316	84965.7930925488	442.8634772678	95418.8056864341	84980.6157987316	0.0329875828	49.0913333333	0.5666666667	
84977.9138210416	84965.6134590507	438.9896236134	95418.8056864341	84977.9138210416	0.0331440449	49.2253333333	0.5666666667	
84977.2850127022	84965.4762521386	438.6899079189	95418.8056864341	84977.2850127022	0.0326944290	49.0846666667	0.5666666667	
84976.2299030026	84965.2467980981	438.7675045621	95418.8056864341	84976.2299030026	0.0330665080	49.0646666667	0.5666666667	
84975.3551692764	84964.4471839070	438.3989570937	95418.8056864341	84975.3551692764	0.0328412770	48.9806666667	0.5666666667	
84974.3731131156	84964.4471839070	436.9789155421	95332.0540983478	84974.3731131156	0.0326211654	49.2020000000	0.5666666667	
84973.3944308758	84963.8348594308	436.6020374621	95332.0540983478	84973.3944308758	0.0324737452	49.0853333333	0.5666666667	
84971.8832502763	84963.8348594308	436.3317039201	95332.0540983478	84971.8832502763	0.0329409890	49.1660000000	0.5666666667	
84969.3131807446	84963.8348594308	436.2665915786	95332.0540983478	84969.3131807446	0.0334513364	49.2013333333	0.5666666667	
84967.1194896102	84963.8348594308	437.2064501858	95332.0540983478	84967.1194896102	0.0327534809	49.2413333333	0.5666666667	
84966.4074211319	84963.8348594308	436.5832235333	95332.0540983478	84966.4074211319	0.0327844736	49.2413333333	0.5666666667	
84965.6774772207	84963.8348594308	436.5498985781	95332.0540983478	84965.6774772207	0.0329894896	49.4726666667	0.5666666667	
84965.3392051657	84963.8348594308	436.7639714071	95332.0540983478	84965.3392051657	0.0324113092	49.2780000000	0.5666666667	
84965.1008497675	84963.6482521892	436.7355490740	95332.0540983478	84965.1008497675	0.0321176210	49.2260000000	0.5666666667	
84964.4193715851	84963.6482521892	436.4267330582	95332.0540983478	84964.4193715851	0.0323851249	49.1380000000	0.5666666667	
84962.7047347029	84961.7231503129	435.4841732193	95332.0540983478	84962.7047347029	0.0327716351	48.8993333333	0.5666666667	
84961.5457958976	84961.7231503129	435.2800552730	95332.0540983478	84961.5457958976	0.0325322595	48.9320000000	0.5666666667	
84961.3454992573	84960.6482163072	435.3322444785	95332.0540983478	84961.3454992573	0.0319689704	48.9066666667	0.5666666667	
84960.7653473814	84960.6482163072	435.5732621992	95332.0540983478	84960.7653473814	0.0322408801	48.9253333333	0.5666666667	
84960.4743608832	84960.4633733630	435.3451304865	95332.0540983478	84960.4743608832	0.0318455413	48.7733333333	0.5666666667	
84960.2201727033	84960.4633733630	435.3911840871	95332.0540983478	84960.2201727033	0.0319253627	48.7546666667	0.5666666667	
84959.8998235663	84959.7122266889	435.4471571737	95332.0540983478	84959.8998235663	0.0319788039	48.9260000000	0.6000000000	
84959.8342862725	84959.7122266889	435.4438832142	95323.8452042143	84959.8342862725	0.0314276311	48.7026666667	0.6000000000	
84959.3598108490	84959.7122266889	435.6432797149	95323.8452042143	84959.3598108490	0.0316133635	48.7300000000	0.6000000000	
84959.3071888884	84959.7122266889	435.5907884558	95323.8452042143	84959.3071888884	0.0314767018	48.7260000000	0.6000000000	
84958.9720736941	84959.7122266889	435.1006582079	95160.0225021442	84958.9720736941	0.0313324841	48.4173333333	0.6000000000	
84958.0417604248	84959.7122266889	435.2786116304	95067.5723626216	84958.0417604248	0.0320040933	48.2073333333	0.6000000000	
84957.8808584809	84959.7122266889	435.2531851939	95067.5723626216	84957.8808584809	0.0314866443	48.2880000000	0.6000000000	
84957.5117054582	84959.7122266889	435.6516422571	95067.5723626216	84957.5117054582	0.0314991230	48.3166666667	0.6000000000	
84955.8387769262	84959.7122266889	434.8545062529	95067.5723626216	84955.8387769262	0.0320321921	48.4706666667	0.6000000000	
84955.4027051727	84959.7122266889	435.0515725492	95067.5723626216	84955.4027051727	0.0314344065	48.4413333333	0.6000000000	
84955.1868358254	84959.7122266889	434.9773727396	95067.5723626216	84955.1868358254	0.0315538841	48.3966666667	0.6000000000	
84954.6871327360	84959.7122266889	435.5310910122	94963.1321576238	84954.6871327360	0.0315938455	48.4546666667	0.6000000000	
84954.4892939925	84959.5312818885	435.6521467511	94963.1321576238	84954.4892939925	0.0314943613	48.4046666667	0.6000000000	
84954.1390966376	84959.3272522092	435.4313211560	94896.9997430841	84954.1390966376	0.0314632811	48.3280000000	0.6000000000	
84953.3131779234	84958.9852854609	434.9371706683	94896.9997430841	84953.3131779234	0.0316402372	48.1666666667	0.6000000000	
84952.5808033347	84958.8120803237	435.6003014202	94896.9997430841	84952.5808033347	0.0320212685	48.3686666667	0.6000000000	
84952.1742632985	84958.8120803237	435.7930873822	94896.9997430841	84952.1742632985	0.0318958017	48.1860000000	0.6000000000	
84951.2614805500	84958.3455905318	435.7635839687	94896.9997430841	84951.2614805500	0.0320338182	48.2313333333	0.6333333333	
84950.8894643188	84958.3455905318	435.4606139773	94896.9997430841	84950.8894643188	0.0316906380	48.2606666667	0.6333333333	
84950.5866121252	84958.3455905318	435.3992579564	94896.9997430841	84950.5866121252	0.0314945612	48.2246666667	0.6333333333	
84950.2059844136	84958.3455905318	435.5266161345	94896.9997430841	84950.2059844136	0.0316238518	48.2106666667	0.6333333333	
84949.5328876376	84958.3455905318	435.5100273600	94896.9997430841	84949.5328876376	0.0321063696	48.3846666667	0.6333333333	
84949.3346539140	84958.2952335477	435.6086325144	94816.4111451308	84949.3346539140	0.0314010594	48.1813333333	0.6333333333	
84949.2845842242	84958.2952335477	435.6036403343	94816.4111451308	84949.2845842242	0.0312722767	48.2353333333	0.6333333333	
84948.9878933628	84958.2952335477	435.7753657297	94816.4111451308	84948.9878933628	0.0310770306	47.8820000000	0.6333333333	
84948.7951168418	84958.2952335477	435.7693060402	94816.4111451308	84948.7951168418	0.0312601581	47.8226666667	0.6333333333	
84947.2457340360	84957.2834119201	435.7060074069	94816.4111451308	84947.2457340360	0.0313302268	47.8473333333	0.6333333333	
84946.3800588250	84956.2919214368	435.7456048543	94816.4111451308	84946.3800588250	0.0314648628	47.9493333333	0.6333333333	
84946.2240039309	84956.2919214368	435.5961614633	94816.4111451308	84946.2240039309	0.0310587244	48.0053333333	0.6333333333	
84945.9210990866	84956.2919214368	435.5676106906	94816.4111451308	84945.9210990866	0.0309406728	47.9086666667	0.6333333333	
84945.5291361610	84956.2919214368	435.6228778194	94816.4111451308	84945.5291361610	0.0310818701	47.8980000000	0.6333333333	
84945.2006625136	84956.2919214368	435.4969564165	94816.4111451308	84945.2006625136	0.0310541599	47.8626666667	0.6333333333	
84943.9215297500	84942.7223339677	435.4474394817	94731.7192555467	84943.9215297500	0.0312510837	47.5940000000	0.6333333333	
84943.3395241698	84937.7531275153	435.5721553986	94731.7192555467	84943.3395241698	0.0310910284	47.6506666667	0.6333333333	
84943.0944819252	84935.2521255612	435.5509313742	94731.7192555467	84943.0944819252	0.0307828357	47.6820000000	0.6333333333	
84943.0157825351	84935.2521255612	435.5797313678	94731.7192555467	84943.0157825351	0.0306826788	47.6460000000	0.6333333333	
84942.8128698468	84935.2521255612	435.6653731532	94731.7192555467	84942.8128698468	0.0308900555	47.5806666667	0.6333333333	
84942.4448916316	84935.1838603616	435.9924602423	94716.1907734473	84942.4448916316	0.0309609943	47.5160000000	0.6333333333	
84941.7329856753	84935.1838603616	436.0034111586	94716.1907734473	84941.7329856753	0.0310476858	47.5653333333	0.6333333333	
84941.5663650632	84934.7054436803	436.0003861592	94716.1907734473	84941.5663650632	0.0309625341	47.5460000000	0.6333333333	
84941.0859718919	84931.4077749848	436.1103289418	94716.1907734473	84941.0859718919	0.0310196415	47.5586666667	0.6333333333	
84940.8690558871	84930.6779906154	436.0620489062	94716.1907734473	84940.8690558871	0.0310319230	47.6626666667	0.6333333333	
84940.8107351263	84929.9450412393	436.0592118550	94716.1907734473	84940.8107351263	0.0307576311	47.6666666667	0.6333333333	
84940.6182846427	84929.9450412393	435.9847284544	94716.1907734473	84940.6182846427	0.0307835647	47.7880000000	0.6333333333	
84940.3196832538	84929.9450412393	436.0789705300	94716.1907734473	84940.3196832538	0.0309077453	47.7620000000	0.6333333333	
84939.4023721417	84929.9450412393	436.0007795729	94716.1907734473	84939.4023721417	0.0310525427	47.7726666667	0.6666666667	
84936.6156182687	84929.0533706546	440.9512461590	94704.6970484654	84936.6156182687	0.0311896730	47.7400000000	0.6666666667	
84935.1553781827	84928.0089184642	443.5490232982	94704.6970484654	84935.1553781827	0.0314637713	47.8113333333	0.6666666667	
84932.8814679384	84926.2859389186	445.3154721976	94704.6970484654	84932.8814679384	0.0320416143	47.8900000000	0.6666666667	
84932.4955976009	84926.2859389186	445.4403397462	94704.6970484654	84932.4955976009	0.0314864576	47.9513333333	0.6666666667	
84932.2379203637	84926.2859389186	445.5788003115	94570.2053834001	84932.2379203637	0.0308427718	47.5886666667	0.6666666667	
84931.4721324046	84926.0044947267	446.0287760087	94570.2053834001	84931.4721324046	0.0308098144	47.4473333333	0.6666666667	
84930.9825932980	84926.0044947267	446.0811342954	94570.2053834001	84930.9825932980	0.0308020679	47.4313333333	0.6666666667	
84930.6738642852	84926.0044947267	446.3226743493	94570.2053834001	84930.6738642852	0.0308627325	47.5673333333	0.6666666667	
84930.5150734385	84926.0044947267	446.5508597288	94570.2053834001	84930.5150734385	0.0305135651	47.4380000000	0.6666666667	
84930.2020620306	84926.0044947267	446.2481277237	94570.2053834001	84930.2020620306	0.0307405991	47.3566666667	0.6666666667	
84929.9377184113	84925.8877709508	446.4148120383	94570.2053834001	84929.9377184113	0.0308382272	47.3646666667	0.6666666667	
84929.1561449568	84924.5642855763	446.2941175261	94570.2053834001	84929.1561449568	0.0311295216	47.3173333333	0.6666666667	
84928.9880574743	84924.5642855763	446.2585405631	94570.2053834001	84928.9880574743	0.0309784497	47.4173333333	0.6666666667	
84928.5651792089	84924.5642855763	446.2436092105	94570.2053834001	84928.5651792089	0.0308342442	47.3740000000	0.6666666667	
84928.1899826725	84921.9144687057	446.1153728771	94417.1939613422	84928.1899826725	0.0307121295	47.1200000000	0.6666666667	
84928.0452838540	84921.8085333705	445.8960450884	94417.1939613422	84928.0452838540	0.0304099200	47.0760000000	0.6666666667	
84926.0657220085	84921.8085333705	444.8382771352	94417.1939613422	84926.0657220085	0.0312078319	47.0453333333	0.7000000000	
84925.4310869177	84921.8085333705	444.7925971944	94417.1939613422	84925.4310869177	0.0310249170	47.0466666667	0.7000000000	
84924.2443594337	84920.7629784942	444.2493403460	94417.1939613422	84924.2443594337	0.0311360037	47.0746666667	0.7000000000	
84923.5394898057	84920.7629784942	444.1972542862	94417.1939613422	84923.5394898057	0.0310370306	47.2626666667	0.7000000000	
84921.3661544522	84917.3451229930	443.8655257922	94417.1939613422	84921.3661544522	0.0310337647	47.4400000000	0.7000000000	
84921.2648211916	84916.6686341166	443.8624640365	94417.1939613422	84921.2648211916	0.0308139192	47.4326666667	0.7000000000	
84920.4021731019	84916.6686341166	443.7604201098	94417.1939613422	84920.4021731019	0.0308826868	47.3706666667	0.7000000000	
84919.7932186723	84916.2954732776	443.7363193239	94417.1939613422	84919.7932186723	0.0307466876	47.3166666667	0.7000000000	
84919.2861009638	84916.0485580564	443.7998948428	94417.1939613422	84919.2861009638	0.0307949048	47.2606666667	0.7000000000	
84919.1647552450	84916.0485580564	443.6647782552	94417.1939613422	84919.1647552450	0.0305759551	47.1826666667	0.7000000000	
84918.8457217813	84916.0485580564	443.4625696144	94417.1939613422	84918.8457217813	0.0305908335	47.2540000000	0.7000000000	
84918.4031908711	84916.0485580564	442.8740926531	94417.1939613422	84918.4031908711	0.0307173009	47.3320000000	0.7000000000	
84917.2057532271	84912.1626064181	444.2273299482	94417.1939613422	84917.2057532271	0.0311490681	47.1506666667	0.7000000000	
84916.1963980397	84912.1007040143	443.4102216229	94417.1939613422	84916.1963980397	0.0313345491	47.1546666667	0.7000000000	
84915.4240757227	84910.7337981462	442.8454288796	94417.1939613422	84915.4240757227	0.0313162186	47.2433333333	0.7000000000	
84915.1617280642	84910.7337981462	442.8808737356	94417.1939613422	84915.1617280642	0.0310406565	47.3693333333	0.7000000000	
84914.2801580826	84906.6538721323	443.6784909601	94417.1939613422	84914.2801580826	0.0314421165	47.4393333333	0.7000000000	
84914.2154016097	84906.6538721323	443.6502236850	94417.1939613422	84914.2154016097	0.0308428975	47.5286666667	0.7000000000	
84913.9543280999	84906.6538721323	443.8037958034	94417.1939613422	84913.9543280999	0.0307870202	47.5300000000	0.7000000000	
84913.6275810003	84904.5080125332	443.6652323990	94417.1939613422	84913.6275810003	0.0308690553	47.4246666667	0.7000000000	
84913.5581823190	84903.5733282566	443.6740008352	94417.1939613422	84913.5581823190	0.0304868759	47.3213333333	0.7000000000	
84913.4538110097	84903.5733282566	443.7164496312	94417.1939613422	84913.4538110097	0.0303460747	47.3053333333	0.7000000000	
84912.7431114515	84903.2149553299	443.5443437318	94417.1939613422	84912.7431114515	0.0309265606	47.2160000000	0.7000000000	
84912.5008155902	84903.2149553299	443.4236394575	94417.1939613422	84912.5008155902	0.0306753433	47.2226666667	0.7000000000	
84912.2274879615	84903.2149553299	443.2557348631	94417.1939613422	84912.2274879615	0.0304799660	47.0133333333	0.7000000000	
84912.1928532918	84902.6954352856	443.2578620104	94417.1939613422	84912.1928532918	0.0303802425	46.9893333333	0.7000000000	
84911.1796132724	84902.6954352856	443.3444451679	94417.1939613422	84911.1796132724	0.0305566344	47.0953333333	0.7000000000	
84911.0807470481	84902.6954352856	443.2214070750	94417.1939613422	84911.0807470481	0.0303664294	47.0626666667	0.7000000000	
84910.6834411621	84902.6954352856	443.3145630165	94417.1939613422	84910.6834411621	0.0305460237	47.0826666667	0.7000000000	
84910.0592857599	84902.6954352856	442.8607276057	94417.1939613422	84910.0592857599	0.0307608080	47.1120000000	0.7000000000	
84909.8918006818	84902.6954352856	442.7452426405	94391.1173838377	84909.8918006818	0.0304169979	46.9993333333	0.7000000000	
84909.7977280617	84902.5813698769	442.6585509434	94391.1173838377	84909.7977280617	0.0303530521	47.0426666667	0.7000000000	
84909.7712669770	84902.5813698769	442.6505837983	94391.1173838377	84909.7712669770	0.0302367205	47.0860000000	0.7000000000	
84909.6297782660	84902.5813698769	442.7477094231	94391.1173838377	84909.6297782660	0.0302506550	47.0106666667	0.7000000000	
84909.2759448290	84902.5813698769	442.6199907116	94391.1173838377	84909.2759448290	0.0302917896	47.0140000000	0.7000000000	
84909.1479633252	84902.5813698769	442.6651807249	94391.1173838377	84909.1479633252	0.0302216445	46.9526666667	0.7000000000	
84909.0865679582	84902.5813698769	442.6867803616	94360.8932244778	84909.0865679582	0.0300638559	46.8306666667	0.7000000000	
84908.9059275389	84902.5813698769	442.5202815693	94360.8932244778	84908.9059275389	0.0302199960	46.8106666667	0.7000000000	
84908.7204078833	84901.9174188375	442.3776457924	94360.8932244778	84908.7204078833	0.0302012309	46.8146666667	0.7000000000	
84908.6724648873	84901.9174188375	442.4379500148	94360.8932244778	84908.6724648873	0.0301985222	46.8193333333	0.7000000000	
84908.6005914211	84901.9174188375	442.4095879976	94360.8932244778	84908.6005914211	0.0301927423	46.8233333333	0.7000000000	
84908.5428265731	84901.9174188375	442.3811134926	94360.8932244778	84908.5428265731	0.0302837604	46.8486666667	0.7000000000	
84908.4006160498	84901.9174188375	442.3330857557	94360.8932244778	84908.4006160498	0.0301982871	46.9033333333	0.7000000000	
84908.3101681868	84901.9174188375	442.2785603766	94360.8932244778	84908.3101681868	0.0301683937	46.9000000000	0.7000000000	
84908.2871061563	84901.9174188375	442.2707120752	94351.5418014924	84908.2871061563	0.0300603071	46.8273333333	0.7000000000	
84908.2211381197	84901.9174188375	442.1917196871	94350.4272405307	84908.2211381197	0.0300914496	46.8393333333	0.7000000000	
84908.0291422208	84901.9174188375	442.2576180052	94350.4272405307	84908.0291422208	0.0303243534	46.8146666667	0.7000000000	
84907.6510661840	84901.9174188375	442.2631919881	94350.4272405307	84907.6510661840	0.0303879094	46.8120000000	0.7000000000	
84907.2986576955	84901.7404645681	442.3689059654	94348.0553544561	84907.2986576955	0.0303699878	46.7886666667	0.7000000000	
84907.2564584017	84901.6763687134	442.3887778422	94348.0553544561	84907.2564584017	0.0301774182	46.8606666667	0.7000000000	
84907.1617172162	84901.6763687134	442.3878001007	94348.0553544561	84907.1617172162	0.0301488336	46.8126666667	0.7000000000	
84906.7981266975	84901.6215085983	442.5736676457	94348.0553544561	84906.7981266975	0.0304639189	46.8986666667	0.7000000000	
84906.5964003404	84900.0991195440	442.6474890531	94348.0553544561	84906.5964003404	0.0303290071	46.9286666667	0.7000000000	
84906.2649822235	84900.0084519386	442.6896141525	94348.0553544561	84906.2649822235	0.0302855633	46.8593333333	0.7000000000	
84906.1883797248	84900.0084519386	442.6029718819	94348.0553544561	84906.1883797248	0.0303249124	46.8240000000	0.7000000000	
84906.1205907663	84900.0084519386	442.5363481192	94348.0553544561	84906.1205907663	0.0301570466	46.8746666667	0.7000000000	
84906.0402047634	84900.0084519386	442.4736264209	94348.0553544561	84906.0402047634	0.0301479799	46.9013333333	0.7000000000	
84906.0099812349	84900.0084519386	442.5070004267	94348.0553544561	84906.0099812349	0.0301621542	46.9033333333	0.7000000000	
84905.3342636426	84900.0084519386	443.5185568198	94348.0553544561	84905.3342636426	0.0302038727	46.6840000000	0.7000000000	
84904.9193787575	84894.2186117172	443.5337865869	94275.7965868711	84904.9193787575	0.0304782226	46.5406666667	0.7000000000	
84901.1800496777	84885.4770720005	448.9420654537	94275.7965868711	84901.1800496777	0.0306633338	46.5766666667	0.7000000000	
84900.7127832373	84883.7651312351	449.5982521285	94275.7965868711	84900.7127832373	0.0301914267	46.6646666667	0.7000000000	
84899.6006517609	84878.0303627253	450.4873684024	94275.7965868711	84899.6006517609	0.0303927880	46.6813333333	0.7000000000	
84899.1277562578	84874.2652922869	450.2872084450	94275.7965868711	84899.1277562578	0.0306583760	46.5000000000	0.7000000000	
84898.8641334573	84872.1967846155	450.3331321755	94275.7965868711	84898.8641334573	0.0303753674	46.7880000000	0.7000000000	
84898.6850548784	84872.1967846155	449.9990738167	94275.7965868711	84898.6850548784	0.0301308350	46.7733333333	0.7000000000	
84898.6710446080	84872.1967846155	450.0258819496	94183.2223957777	84898.6710446080	0.0301368934	46.8366666667	0.7000000000	
84898.6186706026	84872.1967846155	449.9666189066	94183.2223957777	84898.6186706026	0.0300708761	46.8706666667	0.7000000000	
84898.4457537532	84872.1967846155	450.0048728159	94183.2223957777	84898.4457537532	0.0302232881	46.8106666667	0.7000000000	
84897.5179875890	84872.1967846155	450.4087035797	94183.2223957777	84897.5179875890	0.0303782144	46.8006666667	0.7000000000	
84897.3382915060	84872.1967846155	450.5005374601	94183.2223957777	84897.3382915060	0.0303155949	46.6353333333	0.7000000000	
84897.2231287758	84872.1967846155	450.5324470677	94183.2223957777	84897.2231287758	0.0302233811	46.6780000000	0.7000000000	
84897.0271187027	84872.1967846155	450.4802154004	94183.2223957777	84897.0271187027	0.0304086593	46.7300000000	0.7000000000	
84895.2327248454	84868.6112701893	449.5205335368	94183.2223957777	84895.2327248454	0.0308092546	46.6700000000	0.7000000000	
84895.0353708863	84868.6112701893	449.4219170916	94183.2223957777	84895.0353708863	0.0305386467	46.7186666667	0.7000000000	
84894.8787388206	84868.6112701893	449.4136822788	94183.2223957777	84894.8787388206	0.0301091270	46.6846666667	0.7000000000	
84894.8250433803	84868.6112701893	449.4629109702	94183.2223957777	84894.8250433803	0.0300451597	46.7313333333	0.7000000000	
84893.6783171694	84868.6112701893	448.5299586757	94183.2223957777	84893.6783171694	0.0304884220	46.6606666667	0.7333333333	
84893.4653980533	84868.6112701893	448.3392195831	94183.2223957777	84893.4653980533	0.0301746846	46.6100000000	0.7333333333	
84893.4653980533	84868.6112701893	448.3392195831	94159.1869893670	84893.4653980533	0.0299459559	46.5640000000	0.7333333333	
