Mean	Median	StdDev	Max	Min	Entropy	Hamming	RLD
89910.6708220641	89820.8819493651	767.4886217907	102907.8316171964	89910.6708220641	0.8624420452	1877.6300000000	0.0000000000	
88463.2543434699	88509.6609115601	505.1729607642	102797.6719497641	88463.2543434699	0.8338889740	1653.1533333333	0.0000000000	
87625.7487578193	87581.3373655081	457.5546796840	102746.3743577401	87625.7487578193	0.8102074253	1501.3440000000	0.0000000000	
87118.5965491335	87195.8090946078	343.1405891472	102545.4730899135	87118.5965491335	0.7890624181	1378.0666666667	0.0000000000	
86698.0710777640	86670.9621235728	324.5429486193	102439.6643803517	86698.0710777640	0.7695691395	1296.1566666667	0.0000000000	
86364.9394611518	86292.1398878098	311.4294169072	102362.2267816464	86364.9394611518	0.7492553514	1215.5673333333	0.0000000000	
86117.1449341377	86071.2920844555	300.6594506812	102362.2267816464	86117.1449341377	0.7288262369	1144.9593333333	0.0000000000	
85887.3879213134	85833.5343867540	336.1076070910	102295.2170095841	85887.3879213134	0.7127875769	1073.0166666667	0.0000000000	
85694.6231377125	85661.1731857061	338.4765293751	101924.0326983730	85694.6231377125	0.6968650512	1056.8526666667	0.0000000000	
85567.1427298586	85582.4936389923	325.9578480802	101457.7182844281	85567.1427298586	0.6811980771	987.2166666667	0.0000000000	
85453.3929424485	85454.4617861509	325.7591698737	101086.8824285269	85453.3929424485	0.6653140129	930.7126666667	0.0000000000	
85347.8231324752	85357.8995078802	329.9391403069	101086.8824285269	85347.8231324752	0.6513343549	900.5693333333	0.0000000000	
85264.6329472462	85271.8190848827	348.2213765615	100859.0749242902	85264.6329472462	0.6383246794	863.8493333333	0.0000000000	
85167.2468007604	85153.7452504039	341.9871070611	100536.6336234411	85167.2468007604	0.6254169935	835.2653333333	0.0000000000	
85112.6451999943	85133.6696013808	343.4812336973	100302.0911046863	85112.6451999943	0.6104289159	799.1260000000	0.0000000000	
85060.3300652901	85103.6478087306	346.5403057877	100261.6520358125	85060.3300652901	0.5989020239	779.4313333333	0.0000000000	
85004.7629690170	85037.7436429262	355.8079300568	100100.5200251937	85004.7629690170	0.5878042995	742.7453333333	0.0666666667	
84956.3857672612	84972.3370403051	354.3980654665	99821.0694649816	84956.3857672612	0.5784570630	725.5533333333	0.0666666667	
84915.6458392739	84936.3873213530	359.5400943851	99699.8126559456	84915.6458392739	0.5694212779	703.6626666667	0.0666666667	
84873.6128877600	84895.5216467381	353.8548645343	99574.7690284252	84873.6128877600	0.5591088994	678.0100000000	0.0666666667	
84836.7688459158	84864.0338540077	356.7206039863	99384.5561706026	84836.7688459158	0.5501327450	652.1926666667	0.1000000000	
84801.1832828323	84833.5155487061	357.0802152396	99230.4411849380	84801.1832828323	0.5420779181	632.7613333333	0.1000000000	
84768.4952874978	84792.7722960711	354.3897058693	99131.2595326702	84768.4952874978	0.5347682913	614.4666666667	0.1666666667	
84744.9371537566	84751.9059196115	354.3928936163	98803.4899219871	84744.9371537566	0.5279280968	596.2266666667	0.1666666667	
84722.1244075894	84716.9505149126	353.4545621031	98743.6426026623	84722.1244075894	0.5198518120	575.6666666667	0.1666666667	
84699.6460348368	84677.0074948668	355.4924673312	98680.8669534326	84699.6460348368	0.5128249897	557.6406666667	0.1666666667	
84676.9864150882	84634.5973387361	351.1785048761	98352.2594051560	84676.9864150882	0.5062608143	549.1286666667	0.1666666667	
84655.2736557523	84625.7090657949	347.7082622817	97958.5447014372	84655.2736557523	0.4994512861	534.0513333333	0.1666666667	
84631.2769369284	84585.3843778372	339.6818274559	97958.5447014372	84631.2769369284	0.4942689939	524.0346666667	0.1666666667	
84613.8649457693	84553.9890542626	342.7291787338	97651.3554740946	84613.8649457693	0.4871424518	501.8580000000	0.1666666667	
84589.2293350895	84523.8834127784	339.6716218909	97526.9664220015	84589.2293350895	0.4812393689	491.8813333333	0.1666666667	
84572.3113215963	84509.3915060163	343.7643947754	97326.7006346583	84572.3113215963	0.4753182580	480.7806666667	0.2000000000	
84557.7562895417	84496.9795331359	342.8173677788	97198.4085713824	84557.7562895417	0.4692764809	460.0766666667	0.2000000000	
84543.2768417398	84487.9886105657	342.2349042500	96867.8647907575	84543.2768417398	0.4646391998	449.7533333333	0.2000000000	
84531.6260709365	84486.7865398526	338.0423425308	96805.5702892939	84531.6260709365	0.4595401658	438.0986666667	0.2000000000	
84518.7043293317	84483.1488862634	338.1895468232	96805.5702892939	84518.7043293317	0.4547889395	428.1226666667	0.2333333333	
84505.4203580817	84478.3391371369	335.4095986813	96805.5702892939	84505.4203580817	0.4504121242	415.8053333333	0.2666666667	
84492.2040490309	84469.1718652844	337.1492638291	96805.5702892939	84492.2040490309	0.4462982038	404.7120000000	0.3333333333	
84482.0994298657	84461.7760136724	334.5625776498	96146.2938812375	84482.0994298657	0.4420601665	396.2833333333	0.3666666667	
84472.4820554256	84456.6537156701	333.0725580702	96042.6823770006	84472.4820554256	0.4384789292	389.1600000000	0.3666666667	
84465.8275284370	84450.1791134477	331.8800198689	95745.4831753175	84465.8275284370	0.4342430514	378.5240000000	0.3666666667	
84453.4112522006	84427.5945439935	328.2436642383	95745.4831753175	84453.4112522006	0.4313419959	371.3640000000	0.3666666667	
84445.5605501930	84421.3456675410	324.9317566191	95745.4831753175	84445.5605501930	0.4268227400	361.8946666667	0.4000000000	
84437.3303301136	84412.4114975333	323.7428600537	95582.7003838619	84437.3303301136	0.4239429884	360.0533333333	0.4000000000	
84428.1123436491	84394.4532766938	322.8751533870	95582.7003838619	84428.1123436491	0.4202523615	352.3313333333	0.4000000000	
84422.8111852209	84381.6337123513	322.6769048157	95502.6174385349	84422.8111852209	0.4161968619	345.0546666667	0.4000000000	
84412.9748654366	84373.2791259885	322.1215906698	95216.4027431607	84412.9748654366	0.4133883371	333.3366666667	0.4333333333	
84406.9077031811	84368.4539958835	324.6534349796	95216.4027431607	84406.9077031811	0.4108276024	325.6753333333	0.4333333333	
84398.8452876608	84367.0212820172	329.2015058673	95139.7311104337	84398.8452876608	0.4082591749	321.4280000000	0.4333333333	
84393.4217286110	84363.5917559266	328.6473215307	95025.5921760201	84393.4217286110	0.4053630197	318.1546666667	0.4666666667	
84387.7583393455	84360.1848229766	328.7783983262	94724.8619298140	84387.7583393455	0.4022150355	310.2600000000	0.4666666667	
84382.6604773601	84356.7152932286	328.6027291499	94622.4096732338	84382.6604773601	0.3987517651	301.2846666667	0.4666666667	
84377.4196534355	84356.2130078673	328.1355888224	94617.2191689412	84377.4196534355	0.3959269383	294.9186666667	0.4666666667	
84371.3802994291	84354.4810518622	325.6348187719	94536.9377837579	84371.3802994291	0.3933690356	289.8980000000	0.4666666667	
84367.2626097004	84353.4047648311	325.4229747040	94536.9377837579	84367.2626097004	0.3910233795	287.1380000000	0.4666666667	
84361.5020700296	84329.6045541763	324.8023116537	94536.9377837579	84361.5020700296	0.3892954488	284.0206666667	0.5000000000	
84355.9955360492	84328.4577995539	323.9250412067	94501.3214942813	84355.9955360492	0.3869198604	278.9773333333	0.5000000000	
84353.3784863353	84321.6134995222	324.3355374721	94488.7250715494	84353.3784863353	0.3846280489	272.5033333333	0.5000000000	
84350.2616375685	84320.8326309919	323.5285912824	94440.3681855400	84350.2616375685	0.3819715871	264.9580000000	0.5000000000	
84344.7077536583	84311.4232480526	323.4843088918	94440.3681855400	84344.7077536583	0.3802996938	265.0226666667	0.5333333333	
84340.7280743122	84304.6696096659	322.5259908154	94292.2464433312	84340.7280743122	0.3780039198	263.4560000000	0.5333333333	
84338.8738324245	84303.9324790239	322.8189268666	93929.5102002223	84338.8738324245	0.3759236126	259.8966666667	0.5333333333	
84335.8265894651	84302.7057379484	322.5629963910	93641.6171195110	84335.8265894651	0.3740431607	256.0573333333	0.5333333333	
84332.2297763824	84298.2473015785	321.7794540083	93393.2117809852	84332.2297763824	0.3716808502	249.0246666667	0.5333333333	
84328.7565054496	84297.4898278713	321.9654426119	93307.5645785530	84328.7565054496	0.3697617764	245.5040000000	0.5333333333	
84325.0897844632	84296.3953703642	321.5084432161	93005.2694342534	84325.0897844632	0.3682014485	246.3066666667	0.5333333333	
84322.9521766305	84295.8429455757	322.4115716082	92910.7931953669	84322.9521766305	0.3662262256	241.5473333333	0.5333333333	
84320.4355060061	84295.4461634159	322.5714367534	92704.9585855007	84320.4355060061	0.3637634563	237.6373333333	0.5333333333	
84318.2657403747	84295.0957596302	322.7206831425	92639.4002007445	84318.2657403747	0.3618827048	235.1420000000	0.5333333333	
84315.0857301553	84294.5003807545	322.7879849361	92514.1747582952	84315.0857301553	0.3594117915	229.3626666667	0.5333333333	
84312.7827140689	84292.4319595098	323.0478196658	92432.0521599054	84312.7827140689	0.3576163624	226.2746666667	0.5333333333	
84310.2669473489	84291.6638463736	322.5670471361	92354.9952012300	84310.2669473489	0.3564006817	222.9313333333	0.5333333333	
84308.1107314428	84291.4453595877	322.4456609639	92259.6207196514	84308.1107314428	0.3555554931	220.7566666667	0.5333333333	
84306.5400026242	84291.3815200329	322.5786760528	92249.3910085161	84306.5400026242	0.3542064712	219.1413333333	0.5333333333	
84302.8084601959	84291.2812501192	323.6350639590	92088.2888719440	84302.8084601959	0.3524669047	215.5526666667	0.5333333333	
84298.0767480532	84289.4203037024	324.7914121232	91825.0785137216	84298.0767480532	0.3508848493	210.9793333333	0.5333333333	
84296.2176702420	84289.4203037024	326.0574977679	91804.7621821364	84296.2176702420	0.3493828948	207.7440000000	0.5333333333	
84292.1521882216	84268.3898448944	326.3355808356	91804.0888235966	84292.1521882216	0.3481818776	204.8960000000	0.5333333333	
84288.7318786979	84265.9028977156	326.6777670951	91750.0175979733	84288.7318786979	0.3467357116	201.6300000000	0.5333333333	
84286.8563170234	84262.6445412636	327.5114911186	91750.0175979733	84286.8563170234	0.3450173931	199.5066666667	0.5333333333	
84284.8482573032	84261.1446231604	327.5049590137	91742.1463167667	84284.8482573032	0.3436291919	196.0120000000	0.5333333333	
84283.2289611300	84261.1204177141	327.0687809663	91721.0157045722	84283.2289611300	0.3426727627	195.2386666667	0.5666666667	
84279.7875911991	84260.6672346592	324.0346664904	91697.5169091423	84279.7875911991	0.3421025483	192.4173333333	0.5666666667	
84277.0227115353	84259.8390102386	322.5165924047	91697.5169091423	84277.0227115353	0.3412073672	189.3706666667	0.5666666667	
84275.7108139992	84259.0349167585	322.6051001628	91625.5124280850	84275.7108139992	0.3397571903	187.1046666667	0.5666666667	
84273.4626783927	84257.0806235075	324.2894464426	91625.5124280850	84273.4626783927	0.3382024977	182.9453333333	0.5666666667	
84272.5834677617	84256.9267183542	324.5261682465	91625.5124280850	84272.5834677617	0.3370408408	179.7786666667	0.5666666667	
84271.7526024580	84256.3026905060	324.8218921760	91609.0234838923	84271.7526024580	0.3360104341	179.5573333333	0.5666666667	
84270.3504508734	84255.5848985910	325.7565566039	91609.0234838923	84270.3504508734	0.3352003926	179.4606666667	0.5666666667	
84268.9009785652	84254.3418228626	325.6695570708	91598.7161055207	84268.9009785652	0.3346341300	179.7006666667	0.5666666667	
84268.1985908747	84253.5235583782	325.8459146885	91575.2576858799	84268.1985908747	0.3334919006	177.7013333333	0.5666666667	
84266.1089233557	84249.7282415628	327.2530862670	91541.6784637173	84266.1089233557	0.3322928514	173.0993333333	0.5666666667	
84265.2275906007	84249.7282415628	327.1682787366	91406.0457400481	84265.2275906007	0.3313153874	171.9080000000	0.5666666667	
84263.7969952822	84249.2355465889	327.0221834801	91405.9980968634	84263.7969952822	0.3306868786	170.2833333333	0.5666666667	
84262.7246938149	84247.0379143953	326.6277864596	91384.4613554080	84262.7246938149	0.3296905341	168.2646666667	0.5666666667	
84261.1981672049	84245.9551125765	325.2262345528	91091.2423518300	84261.1981672049	0.3286860982	167.1893333333	0.5666666667	
84257.5048052271	84244.0632581711	322.8789624460	91091.2423518300	84257.5048052271	0.3284175866	167.8833333333	0.5666666667	
84254.8077094555	84242.9464548826	321.2849183497	90987.7396771312	84254.8077094555	0.3275978822	165.1940000000	0.5666666667	
84252.4336604277	84242.9464548826	322.4039678215	90802.0182444652	84252.4336604277	0.3268371810	162.8260000000	0.5666666667	
84251.0460781058	84242.9079443216	321.8984504146	90771.7565548420	84251.0460781058	0.3262408354	162.0993333333	0.5666666667	
84250.4065896074	84242.6488339901	321.7192258305	90721.0972651839	84250.4065896074	0.3258472765	159.2546666667	0.5666666667	
84248.6588590344	84242.6488339901	320.5158147503	90696.0011489193	84248.6588590344	0.3250484437	157.0620000000	0.5666666667	
84246.6457752387	84242.0224010944	321.2140574132	90696.0011489193	84246.6457752387	0.3249542909	157.4266666667	0.5666666667	
84243.9625873168	84242.0224010944	318.8489266234	90527.1024553974	84243.9625873168	0.3243373615	154.9126666667	0.5666666667	
84242.2840162118	84242.0068979263	318.5426017985	90527.1024553974	84242.2840162118	0.3238543636	154.5766666667	0.5666666667	
84240.8718021711	84241.6130006313	317.1854800694	90429.8799353838	84240.8718021711	0.3233165351	152.6673333333	0.5666666667	
84239.1695233186	84239.0053421259	315.9047821589	90413.2261807720	84239.1695233186	0.3231955029	153.3166666667	0.5666666667	
84236.9926003615	84238.8331532478	314.2265424935	90411.0021918019	84236.9926003615	0.3231054471	153.1046666667	0.5666666667	
84235.3959744175	84235.4815423489	313.2441961445	90409.0906306108	84235.3959744175	0.3226200819	154.0240000000	0.5666666667	
84233.7921550870	84228.7304967642	312.4328237380	90312.1765305599	84233.7921550870	0.3224115960	151.5413333333	0.5666666667	
84231.5333516399	84226.1037021875	311.4344161489	90253.2418040435	84231.5333516399	0.3221437230	152.3366666667	0.5666666667	
84230.5967174967	84224.5866328478	311.8326560653	90253.2418040435	84230.5967174967	0.3214351623	149.7346666667	0.6000000000	
84229.8621808489	84224.5866328478	311.2982492265	90253.2418040435	84229.8621808489	0.3203228511	147.3073333333	0.6000000000	
84228.7098756433	84224.5760917664	310.0514089181	90243.4711034099	84228.7098756433	0.3192036349	148.9300000000	0.6000000000	
84227.2419458628	84224.1487026215	308.6346637295	90227.7524962028	84227.2419458628	0.3179902753	144.8680000000	0.6000000000	
84225.4861092567	84224.1381615400	308.3464794369	90204.2154584328	84225.4861092567	0.3175211058	143.7333333333	0.6000000000	
84225.1269338528	84223.9423662424	308.1876840719	90203.1470674276	84225.1269338528	0.3170461211	142.6440000000	0.6000000000	
84224.1701672475	84223.8254606724	308.2851688976	90188.2450657090	84224.1701672475	0.3167613217	142.3946666667	0.6000000000	
84223.5900793473	84223.8254606724	308.2429443263	90183.9605382085	84223.5900793473	0.3166486571	142.4186666667	0.6000000000	
84222.5072008371	84222.9333221912	308.5232309789	90183.9605382085	84222.5072008371	0.3164307415	142.3740000000	0.6000000000	
84221.5626788139	84222.9333221912	307.5164956762	90022.7149092158	84221.5626788139	0.3163072527	141.5146666667	0.6000000000	
84221.0179950794	84222.9227811098	307.4371552026	90007.5078535080	84221.0179950794	0.3157734169	140.0706666667	0.6000000000	
84220.0337588787	84221.5386331081	307.2264779697	90007.5078535080	84220.0337588787	0.3151637384	139.7073333333	0.6000000000	
84218.9019119740	84219.4171071053	306.4663880261	90007.5078535080	84218.9019119740	0.3144247415	137.4073333333	0.6000000000	
84218.3387788137	84219.4005161524	306.1152002497	89943.5706647237	84218.3387788137	0.3138102087	137.3380000000	0.6000000000	
84217.3035834233	84219.3101823330	305.3773533028	89908.9539050062	84217.3035834233	0.3134139533	135.7246666667	0.6000000000	
84216.2695121765	84218.5655295849	305.0347076512	89908.9539050062	84216.2695121765	0.3134102564	135.4706666667	0.6000000000	
84215.6777856747	84218.4751957655	304.7773144913	89884.1518317660	84215.6777856747	0.3128497686	134.8193333333	0.6000000000	
84214.8717256387	84217.9243922234	305.0732021926	89812.2586624821	84214.8717256387	0.3118759156	132.9373333333	0.6000000000	
84213.5325114926	84217.1341717243	303.4182151405	89765.9319513043	84213.5325114926	0.3110776954	130.7166666667	0.6000000000	
84212.6932349801	84214.4540250301	303.5047304484	89647.1928916375	84212.6932349801	0.3107896672	130.3846666667	0.6000000000	
84211.7984132965	84214.1028553247	303.2255733668	89636.6120031476	84211.7984132965	0.3105483608	129.7940000000	0.6000000000	
84211.3105365634	84214.1023337841	302.9664961793	89536.9733840227	84211.3105365634	0.3102406713	130.3346666667	0.6000000000	
84210.6094554067	84213.6872887611	302.8173353603	89477.3413552841	84210.6094554067	0.3097149811	128.1906666667	0.6000000000	
84209.5703616738	84213.6872887611	302.2123736026	89469.2635588845	84209.5703616738	0.3095653044	128.4153333333	0.6000000000	
84208.8680329919	84213.6649072170	301.9372887730	89416.0916475455	84208.8680329919	0.3092887073	127.5960000000	0.6000000000	
84207.3656770587	84213.5276347399	300.2007222625	89368.9332392812	84207.3656770587	0.3088446982	126.4666666667	0.6000000000	
84205.5359809597	84213.4094417095	299.0613558128	89178.9443136255	84205.5359809597	0.3083433303	126.6466666667	0.6000000000	
84204.6400736769	84213.4094417095	299.0547294312	89155.5894854665	84204.6400736769	0.3072145395	122.9626666667	0.6000000000	
84203.9779628317	84213.4094417095	298.7455137218	89034.2079186440	84203.9779628317	0.3068564099	121.9233333333	0.6000000000	
84202.7583043774	84213.4094417095	298.2506471795	88983.3882948756	84202.7583043774	0.3064584888	121.8713333333	0.6000000000	
84202.3276735346	84213.4094417095	297.9660517025	88944.7674062848	84202.3276735346	0.3058629379	121.1486666667	0.6000000000	
84201.8515514334	84213.4094417095	297.5454850144	88935.1767723759	84201.8515514334	0.3053129017	120.3766666667	0.6000000000	
84201.3495239615	84213.4094417095	297.6157338713	88935.1767723759	84201.3495239615	0.3051175620	120.0353333333	0.6000000000	
84200.2485959729	84213.4094417095	296.6499034887	88935.1767723759	84200.2485959729	0.3049251201	121.3313333333	0.6000000000	
84199.6503709753	84211.8592888117	296.5867071122	88877.9539205631	84199.6503709753	0.3042103089	119.3166666667	0.6000000000	
84197.9160736005	84211.4509522915	296.3245873255	88873.1550121307	84197.9160736005	0.3037326547	118.5986666667	0.6000000000	
84196.8064735333	84210.5174988508	295.7814483297	88855.9816357493	84196.8064735333	0.3033569846	117.7980000000	0.6000000000	
84196.2409671148	84210.0223839283	295.6063189572	88854.3635790547	84196.2409671148	0.3029884443	117.0113333333	0.6000000000	
84195.6401347121	84210.0223839283	295.6669286536	88841.1438304186	84195.6401347121	0.3027242392	115.0606666667	0.6000000000	
84195.0988210241	84209.6206665039	295.5502649748	88835.2007355293	84195.0988210241	0.3022266321	115.0060000000	0.6000000000	
84194.7830187281	84209.6040755510	295.5556046176	88835.2007355293	84194.7830187281	0.3017982749	114.8020000000	0.6000000000	
84194.1499275963	84209.6040755510	295.1865384293	88835.1842592160	84194.1499275963	0.3014996881	114.5806666667	0.6000000000	
84193.5443124175	84209.6040755510	294.8367401671	88777.3606139421	84193.5443124175	0.3010499959	112.9346666667	0.6000000000	
84193.3398506045	84209.6040755510	294.7175907590	88777.3606139421	84193.3398506045	0.3011123280	113.4720000000	0.6000000000	
84192.5501977404	84209.6040755510	294.2414470961	88777.3606139421	84192.5501977404	0.3010406537	112.6860000000	0.6000000000	
84192.1609484156	84209.6040755510	294.1839692091	88769.0497713288	84192.1609484156	0.3010468937	114.0280000000	0.6000000000	
84191.5835157037	84209.6040755510	294.0514915372	88751.8963290254	84191.5835157037	0.3008609413	112.7740000000	0.6000000000	
84191.0749406616	84209.6040755510	294.0818548281	88749.8706013958	84191.0749406616	0.3007863977	112.7026666667	0.6000000000	
84190.2487205466	84202.2899657488	294.0516154460	88728.9896087845	84190.2487205466	0.3005412444	112.7000000000	0.6000000000	
84189.7760606806	84201.7339557409	293.7652142327	88705.1059571902	84189.7760606806	0.2999837043	110.3906666667	0.6000000000	
84189.6214322249	84201.7339557409	293.6931835328	88700.6399137775	84189.6214322249	0.2994189392	109.5100000000	0.6000000000	
84188.3049608270	84198.7643152475	292.9392347697	88681.6885912418	84188.3049608270	0.2991358820	108.4006666667	0.6000000000	
84187.3814144731	84197.8654801846	292.6711859109	88677.2660170992	84187.3814144731	0.2989620471	108.2546666667	0.6000000000	
84185.5653261145	84195.0395822525	292.1891627369	88676.9590958953	84185.5653261145	0.2984618780	108.6700000000	0.6000000000	
84184.8125591874	84194.9625492096	291.9284651966	88670.8117684722	84184.8125591874	0.2982121247	107.8486666667	0.6000000000	
84182.0275964340	84194.1278934479	289.0909117032	88670.8117684722	84182.0275964340	0.2979687607	108.2866666667	0.6000000000	
84180.3854342302	84194.1278934479	287.6076997154	88670.8117684722	84180.3854342302	0.2976443523	108.0986666667	0.6000000000	
84180.0984748205	84194.1278934479	287.4269561458	88655.4604909817	84180.0984748205	0.2971677969	106.2793333333	0.6000000000	
84179.3327804406	84194.1278934479	287.0279520485	88631.0851354400	84179.3327804406	0.2962730111	104.8306666667	0.6000000000	
84179.0469421943	84193.3402955532	287.2687520690	88622.4927465121	84179.0469421943	0.2959621078	104.7973333333	0.6000000000	
84178.2128989697	84186.5747123957	286.8749511799	88618.4883719683	84178.2128989697	0.2952767755	104.4840000000	0.6000000000	
84177.0865416527	84186.5747123957	286.1348720188	88559.7770687938	84177.0865416527	0.2949417295	103.6173333333	0.6000000000	
84175.6530406078	84186.1374914646	284.8581404175	88538.1694767873	84175.6530406078	0.2945116911	104.4733333333	0.6000000000	
84175.0840669870	84186.1374914646	284.5035322624	88536.3517538707	84175.0840669870	0.2942046598	102.9406666667	0.6000000000	
84174.5369237661	84186.1374914646	284.4319727278	88488.0642555157	84174.5369237661	0.2936774953	101.6000000000	0.6000000000	
84172.4049115181	84172.5432738662	283.6197799872	88476.5829156836	84172.4049115181	0.2932818852	101.7560000000	0.6000000000	
84171.8911290169	84172.5432738662	283.1711852925	88476.5829156836	84171.8911290169	0.2929432380	100.8706666667	0.6000000000	
84170.8453385035	84171.8474313617	282.3105810080	88476.5829156836	84170.8453385035	0.2929116652	101.1360000000	0.6000000000	
84169.8791637023	84165.4433473945	282.1336041907	88474.8510341843	84169.8791637023	0.2927071442	100.7433333333	0.6000000000	
84168.8649619619	84164.7020623088	281.4368599873	88427.3053468267	84168.8649619619	0.2925097091	99.6386666667	0.6000000000	
84166.8874936302	84156.3467517495	281.6200211795	88427.3053468267	84166.8874936302	0.2924306352	99.9106666667	0.6000000000	
84165.7065022985	84148.6666306853	281.7056198438	88421.8691882491	84165.7065022985	0.2924221820	100.2053333333	0.6000000000	
84165.3362634778	84147.4805340171	281.7023782411	88421.8691882491	84165.3362634778	0.2921102249	99.2046666667	0.6000000000	
84164.9204054475	84147.4805340171	281.4971153581	88421.8691882491	84164.9204054475	0.2919136118	99.3373333333	0.6000000000	
84164.1340765357	84145.0926318765	281.5592164438	88365.0430312753	84164.1340765357	0.2918266604	98.4260000000	0.6000000000	
84163.7808069587	84145.0926318765	281.5904682984	88365.0430312753	84163.7808069587	0.2914682569	97.9206666667	0.6000000000	
84163.3927429716	84143.9870670438	281.5346938489	88270.3420143326	84163.3927429716	0.2911658895	97.3793333333	0.6000000000	
84162.8517826398	84142.7990481257	281.5322259447	88269.5137458046	84162.8517826398	0.2909442117	97.1320000000	0.6000000000	
84161.8472171823	84135.5975434184	281.4677126713	88223.0718948444	84161.8472171823	0.2906066074	96.7593333333	0.6000000000	
84161.6176073750	84134.4486638904	281.5173735371	88185.5007437865	84161.6176073750	0.2900308678	95.5260000000	0.6000000000	
84160.8000128468	84133.4546998143	281.1168786029	88185.5007437865	84160.8000128468	0.2899856941	94.4740000000	0.6000000000	
84160.0058570504	84132.8903272748	281.3384567251	88185.5007437865	84160.0058570504	0.2897903579	93.2993333333	0.6000000000	
84159.6820560098	84130.1608040929	281.2783511408	88185.5007437865	84159.6820560098	0.2894967169	93.2880000000	0.6000000000	
84159.5330879092	84130.1608040929	281.2988531154	88185.5007437865	84159.5330879092	0.2896400951	92.8413333333	0.6000000000	
84159.0248669187	84129.0303334594	281.2436050079	88129.2119410634	84159.0248669187	0.2894594927	91.5500000000	0.6000000000	
84158.3253982663	84124.7468784451	280.8942284685	88129.0679408113	84158.3253982663	0.2893486222	91.8380000000	0.6000000000	
84156.7385261257	84121.8782976270	279.7480633788	88123.0774816871	84156.7385261257	0.2891604686	91.5600000000	0.6000000000	
84155.9139987826	84121.7685028911	279.0123264316	88091.1309411128	84155.9139987826	0.2885613041	90.6066666667	0.6000000000	
84155.6896274288	84121.6581448913	278.9217804061	88048.5911163688	84155.6896274288	0.2885140004	89.1920000000	0.6000000000	
84154.9177462856	84121.6581448913	278.8941766651	88048.5911163688	84154.9177462856	0.2886060831	90.0866666667	0.6000000000	
84154.5950803161	84121.6581448913	278.9820396425	88044.8698352774	84154.5950803161	0.2884225689	89.3253333333	0.6000000000	
84153.9732673764	84121.3877782226	278.8393206080	88040.4789806406	84153.9732673764	0.2884044435	89.2913333333	0.6000000000	
84153.7484336893	84120.7832977176	278.8190841143	88040.4712505142	84153.7484336893	0.2880089331	88.0573333333	0.6000000000	
84153.1560012698	84120.7832977176	278.2053740690	88040.4712505142	84153.1560012698	0.2877421397	88.2773333333	0.6000000000	
84152.4534429113	84120.6368729472	277.5973501659	88012.2622528672	84152.4534429113	0.2872580374	87.4260000000	0.6000000000	
84152.3698795835	84120.6368729472	277.5299094367	87984.3200065692	84152.3698795835	0.2872213399	87.7666666667	0.6000000000	
84150.8402062456	84120.6368729472	276.5830338018	87982.7142743270	84150.8402062456	0.2869802965	87.1086666667	0.6000000000	
84150.4355437557	84120.6368729472	276.5891801066	87982.6536279917	84150.4355437557	0.2870720889	87.6266666667	0.6000000000	
84150.1985773444	84120.6368729472	276.4966817014	87982.6536279917	84150.1985773444	0.2870868340	87.4846666667	0.6000000000	
84149.8270433148	84120.6368729472	276.3792611067	87982.6536279917	84149.8270433148	0.2868020284	86.9566666667	0.6000000000	
84149.0981575847	84120.6368729472	276.8797186988	87982.6536279917	84149.0981575847	0.2868199591	87.4073333333	0.6000000000	
84148.9753124118	84120.6368729472	276.8837451207	87968.5723185539	84148.9753124118	0.2870678091	87.6513333333	0.6000000000	
84148.3645616968	84120.6368729472	276.9713076179	87968.5723185539	84148.3645616968	0.2867444058	87.1233333333	0.6000000000	
84147.0629814267	84115.1798263192	276.3920687736	87963.1675551335	84147.0629814267	0.2866866916	85.9093333333	0.6000000000	
84146.8986559908	84115.1798263192	276.3691845771	87961.6781363885	84146.8986559908	0.2866412199	85.5693333333	0.6000000000	
84146.4125232895	84115.1798263192	276.4595387605	87934.3343405922	84146.4125232895	0.2865805585	86.3793333333	0.6000000000	
84146.1068537831	84115.1798263192	276.2913262732	87934.3343405922	84146.1068537831	0.2865648033	87.1840000000	0.6000000000	
84145.5687565605	84115.1798263192	276.4201346777	87934.3343405922	84145.5687565605	0.2863403919	85.5533333333	0.6000000000	
84145.3533515334	84114.2297849059	276.3503174498	87934.3343405922	84145.3533515334	0.2863179163	85.7946666667	0.6000000000	
84145.0630439321	84113.1778851151	276.2583987957	87934.2705679933	84145.0630439321	0.2862440700	86.5613333333	0.6000000000	
84144.8491870364	84112.9376456141	276.2575292551	87931.3476013144	84144.8491870364	0.2860282409	85.7106666667	0.6000000000	
84144.6065478524	84112.9376456141	276.2807313828	87908.4465441108	84144.6065478524	0.2856900050	85.6786666667	0.6000000000	
84144.4474694133	84112.5328376889	276.2243762837	87905.6469826897	84144.4474694133	0.2855394006	85.2540000000	0.6000000000	
84143.8283963005	84107.3684617877	276.1406835980	87905.6469826897	84143.8283963005	0.2856347151	85.5386666667	0.6000000000	
84143.6089004080	84106.0168311000	276.1595835807	87905.6469826897	84143.6089004080	0.2856507059	85.4126666667	0.6000000000	
84142.8896299005	84105.8897867799	276.2176066525	87886.2420607607	84142.8896299005	0.2855684266	85.0773333333	0.6000000000	
84141.8809832136	84105.8897867799	276.4257875963	87863.2072412968	84141.8809832136	0.2856978957	85.2520000000	0.6000000000	
84141.7110533516	84105.8897867799	276.4982199918	87862.8787332773	84141.7110533516	0.2854995478	85.1313333333	0.6000000000	
84141.2254102031	84105.0467208028	276.6854548225	87862.8787332773	84141.2254102031	0.2854667107	84.6013333333	0.6000000000	
84140.9741925200	84104.9458757043	277.0714472592	87849.6798180540	84140.9741925200	0.2853617428	83.4426666667	0.6000000000	
84140.6920622786	84104.9458757043	277.3200296548	87816.9067730506	84140.6920622786	0.2851626596	83.4280000000	0.6000000000	
84139.6568625172	84104.9458757043	278.2084792240	87816.9067730506	84139.6568625172	0.2851097826	83.7413333333	0.6000000000	
84139.4475848476	84104.9458757043	278.2893285710	87816.9067730506	84139.4475848476	0.2851412625	84.2260000000	0.6000000000	
84139.0380512675	84104.2644307017	278.8039848916	87784.8355526725	84139.0380512675	0.2847989472	83.5606666667	0.6000000000	
84138.8142582774	84104.2644307017	278.9955149660	87763.6912128329	84138.8142582774	0.2845617104	83.1933333333	0.6000000000	
84138.6846112211	84104.2644307017	279.1129868981	87749.5962632696	84138.6846112211	0.2842371847	83.1720000000	0.6000000000	
84138.3299884200	84104.2644307017	279.5254794619	87733.8345386585	84138.3299884200	0.2840202595	82.8326666667	0.6000000000	
84137.7791759372	84104.2644307017	279.4719396991	87733.8345386585	84137.7791759372	0.2839205947	82.5626666667	0.6000000000	
84136.8218625585	84104.1342988610	279.2546385590	87733.8345386585	84136.8218625585	0.2839247622	82.8266666667	0.6000000000	
84136.6334488988	84104.0439650416	279.0674359038	87733.8345386585	84136.6334488988	0.2839116289	83.3406666667	0.6000000000	
84136.4048887293	84104.0439650416	279.1775601329	87733.8345386585	84136.4048887293	0.2837127613	82.0066666667	0.6000000000	
84135.9774419665	84104.0439650416	278.9767860853	87733.8345386585	84135.9774419665	0.2835772003	81.6113333333	0.6000000000	
84135.7513738672	84104.0439650416	279.0097233871	87733.8345386585	84135.7513738672	0.2834864099	81.5440000000	0.6000000000	
84135.3388300538	84104.0439650416	278.8384281019	87730.8117206891	84135.3388300538	0.2835212817	81.8633333333	0.6000000000	
84134.8631003499	84104.0439650416	279.0590413913	87730.0768444936	84134.8631003499	0.2831238699	79.6373333333	0.6000000000	
84134.2889093359	84104.0439650416	278.6154918952	87730.0768444936	84134.2889093359	0.2830158385	79.5340000000	0.6000000000	
84133.9670694868	84103.7343904376	278.4557142571	87698.5848329465	84133.9670694868	0.2824710917	77.1133333333	0.6000000000	
84133.7893502911	84103.7343904376	278.4014867626	87698.4548457464	84133.7893502911	0.2821708079	76.7253333333	0.6000000000	
84133.1727355719	84103.7343904376	278.0172611267	87698.4548457464	84133.1727355719	0.2819045601	75.9946666667	0.6000000000	
84133.1142377853	84103.7343904376	277.9834454789	87698.3505177498	84133.1142377853	0.2816993083	75.6913333333	0.6000000000	
84133.0437938372	84103.7343904376	277.9680632653	87698.3505177498	84133.0437938372	0.2815490420	75.4413333333	0.6000000000	
84132.7613011996	84103.6333784461	277.8505900277	87698.3505177498	84132.7613011996	0.2814415564	74.9046666667	0.6000000000	
84132.1026541789	84103.6333784461	277.3662845653	87697.8207639853	84132.1026541789	0.2814616795	75.5453333333	0.6000000000	
84131.6294209162	84103.5915449262	277.5417792849	87697.0570896069	84131.6294209162	0.2814605164	75.0593333333	0.6000000000	
84131.2145483494	84103.5915449262	277.1121745942	87697.0570896069	84131.2145483494	0.2812633715	74.6206666667	0.6000000000	
84131.1013688644	84103.5915449262	277.1334916582	87648.3035182953	84131.1013688644	0.2810980565	73.3673333333	0.6000000000	
84130.6904158990	84103.5915449262	277.1412226131	87648.3035182953	84130.6904158990	0.2810426747	73.4066666667	0.6000000000	
84129.6420292060	84102.8930172324	276.3532168631	87648.3035182953	84129.6420292060	0.2808691903	73.2573333333	0.6000000000	
84129.2748419444	84100.2865657210	276.2727607139	87591.0733349125	84129.2748419444	0.2806641006	72.6900000000	0.6000000000	
84129.0252015988	84100.2865657210	276.2060753442	87591.0733349125	84129.0252015988	0.2806350400	72.6266666667	0.6000000000	
84128.6691766977	84100.2865657210	276.2537832438	87567.9068783919	84128.6691766977	0.2801668595	71.3706666667	0.6000000000	
84128.2358513276	84100.2865657210	275.9411467646	87567.9019198815	84128.2358513276	0.2799899125	71.4653333333	0.6333333333	
84128.0547447999	84100.2865657210	275.8082100817	87511.6462407510	84128.0547447999	0.2796943035	70.8786666667	0.6333333333	
84128.0315653483	84100.2865657210	275.8143781188	87506.4121343692	84128.0315653483	0.2794888634	70.3280000000	0.6333333333	
84127.8756179412	84100.0865593553	275.6720907445	87498.0977392197	84127.8756179412	0.2793694706	69.8106666667	0.6333333333	
84126.9430212180	84100.0557854772	274.8260983695	87498.0977392197	84126.9430212180	0.2792298095	69.4973333333	0.6333333333	
84126.8480624755	84100.0557854772	274.8887285417	87492.5101123254	84126.8480624755	0.2791813220	70.0913333333	0.6333333333	
84126.5378793081	84100.0557854772	274.8592798414	87485.4511947433	84126.5378793081	0.2788994112	70.2466666667	0.6333333333	
84125.8403303226	84100.0557854772	274.1689760000	87485.4511947433	84125.8403303226	0.2787605476	70.0600000000	0.6333333333	
84125.2138994137	84100.0557854772	273.6150423356	87483.0326459805	84125.2138994137	0.2785780727	69.1520000000	0.6333333333	
84123.6761678259	84099.6059730649	274.3150059336	87483.0326459805	84123.6761678259	0.2784566373	68.7566666667	0.6333333333	
84123.4319942196	84098.5746011138	274.1783433908	87456.1617922783	84123.4319942196	0.2784354004	68.7966666667	0.6333333333	
84122.7901648482	84098.2525691390	273.7786889906	87456.1617922783	84122.7901648482	0.2783565539	68.8093333333	0.6333333333	
84122.2256202499	84098.2525691390	273.4583187703	87434.1729546587	84122.2256202499	0.2782050549	68.3686666667	0.6666666667	
84121.9686419765	84096.2226495147	273.5055603294	87424.9310328563	84121.9686419765	0.2780051989	67.9373333333	0.6666666667	
84121.5078279376	84096.2226495147	273.0943683892	87422.6972840230	84121.5078279376	0.2777124077	67.3053333333	0.6666666667	
84121.3377764821	84095.3538075089	273.0591829816	87417.7615076303	84121.3377764821	0.2776132228	67.5073333333	0.6666666667	
84120.6938303510	84090.6826242805	272.9211754243	87376.3357694944	84120.6938303510	0.2775642877	68.0566666667	0.6666666667	
84119.1548976302	84090.6826242805	271.9404099418	87356.8781377872	84119.1548976302	0.2774205998	67.9173333333	0.6666666667	
84118.9068479339	84090.6826242805	272.2912801873	87351.6355533401	84118.9068479339	0.2773567422	67.2973333333	0.6666666667	
84117.3901310563	84090.4274150729	271.7066331007	87351.6311477621	84117.3901310563	0.2772278432	67.2220000000	0.6666666667	
84116.7744299769	84090.4274150729	271.8951357002	87351.4910541971	84116.7744299769	0.2770889858	67.2000000000	0.6666666667	
84116.6336189707	84090.4274150729	272.0329878885	87347.2962022821	84116.6336189707	0.2771760151	67.2373333333	0.6666666667	
84116.2678854664	84089.1558453441	272.0806904477	87338.2105790575	84116.2678854664	0.2768816118	66.0153333333	0.6666666667	
84116.0249578953	84087.3448088765	272.0875303427	87317.9613384604	84116.0249578953	0.2766758357	65.2340000000	0.6666666667	
84115.6964868307	84086.5585461259	272.1258368268	87317.9613384604	84115.6964868307	0.2765867681	65.4766666667	0.6666666667	
84115.5369309584	84086.5585461259	272.2804617746	87289.1407256325	84115.5369309584	0.2763671310	65.1040000000	0.6666666667	
