Mean	Median	StdDev	Max	Min	Entropy	Hamming	RLD
89998.6754944921	90098.3697474003	627.3821750670	92014.3878769875	89998.6754944921	0.7241376226	1229.9913333333	0.0000000000	
87965.6260281801	87988.0330815911	531.4606237639	88982.2687762976	87965.6260281801	0.5252937953	665.1813333333	0.0000000000	
86917.4402828018	86971.7321515083	560.6991835396	87456.3582726320	86917.4402828018	0.3608294844	410.9966666667	0.0000000000	
86229.9487602711	86270.1606214046	430.1004339906	86567.6507400473	86229.9487602711	0.2529527734	262.5066666667	0.0000000000	
85820.6248625119	85874.7491106391	406.5987808917	86023.3039703965	85820.6248625119	0.1654816709	140.7726666667	0.0000000000	
85578.1877637903	85632.0920884609	416.5774860052	85681.5057813128	85578.1877637903	0.1124228342	85.7326666667	0.0000000000	
85422.1925203006	85499.9493911862	427.7046843064	85501.9142693281	85422.1925203006	0.0850355514	61.2006666667	0.0333333333	
85317.6109097401	85349.0849956870	432.6603960087	85364.2524621884	85317.6109097401	0.0548212334	32.3446666667	0.0333333333	
85236.5827556451	85243.6985477805	429.8688242908	85280.0555315614	85236.5827556451	0.0458105060	25.3420000000	0.0666666667	
85177.3729717731	85181.5834373236	434.7096834258	85206.7325421174	85177.3729717731	0.0334010509	16.5313333333	0.1000000000	
85118.2371421655	85076.8785595894	428.3680094310	85146.9319887956	85118.2371421655	0.0291992671	12.9006666667	0.1333333333	
85065.4731381933	85038.4542375803	424.3206594876	85089.5551834504	85065.4731381933	0.0228315565	8.9266666667	0.1666666667	
85031.6043276588	85001.2619107962	422.4828000985	85050.0944559773	85031.6043276588	0.0172339499	6.3066666667	0.1666666667	
84996.1611791452	84962.8527671099	429.5092368951	85016.1027775208	84996.1611791452	0.0179518509	5.5813333333	0.1666666667	
84963.7059227626	84925.2803847194	428.2803164462	84981.8131378293	84963.7059227626	0.0152997816	6.1506666667	0.1666666667	
84934.6180146933	84893.9796626568	420.8656083711	84950.5718365312	84934.6180146933	0.0131166140	4.3413333333	0.1666666667	
84911.5860365828	84869.8649004102	415.3701006911	84924.8893120885	84911.5860365828	0.0121823752	3.1973333333	0.1666666667	
84892.4566077193	84855.2966728806	414.0994025524	84903.5331681371	84892.4566077193	0.0105618964	3.1880000000	0.2333333333	
84873.5682222247	84825.9316250682	410.4374947317	84883.1763824821	84873.5682222247	0.0101524649	2.5406666667	0.2333333333	
84858.1515813867	84812.4037876725	408.9552236048	84865.9742119908	84858.1515813867	0.0094995807	2.4580000000	0.2333333333	
84842.2643612822	84799.5766773820	405.9363470272	84850.9662245711	84842.2643612822	0.0079650802	2.3440000000	0.2666666667	
84830.1669206222	84781.3044965267	403.3327008871	84837.6280565063	84830.1669206222	0.0061633139	1.3120000000	0.3000000000	
84813.5046837727	84765.3045445681	402.7720713347	84822.3490734895	84813.5046837727	0.0074433902	1.7180000000	0.3000000000	
84801.7271911104	84758.9680463076	404.3190598081	84808.6580830812	84801.7271911104	0.0058533678	1.4913333333	0.3333333333	
84791.8417870005	84756.8510055542	403.3014072353	84798.9160125454	84791.8417870005	0.0056124180	1.3526666667	0.3666666667	
84780.2365955710	84750.8923739195	401.7201752023	84786.4650104443	84780.2365955710	0.0057969460	1.3093333333	0.4000000000	
84762.5974339247	84735.0180462003	393.9882474172	84772.2953462601	84762.5974339247	0.0059821927	1.3053333333	0.4333333333	
84748.6597631375	84713.1245270371	390.5566531182	84756.7288349072	84748.6597631375	0.0051319489	1.0673333333	0.4333333333	
84740.2086592714	84701.7529696226	389.2397351715	84744.6923339367	84740.2086592714	0.0048828686	1.3400000000	0.4333333333	
84730.3620667259	84681.4789324999	389.8911919472	84736.3000523051	84730.3620667259	0.0061104925	1.5333333333	0.4333333333	
84722.2553442915	84673.7235993147	386.6914008926	84727.2596990069	84722.2553442915	0.0047317846	0.6440000000	0.4333333333	
84712.2242373228	84664.4697010517	383.6724247619	84720.5629039804	84712.2242373228	0.0045335392	0.7233333333	0.4333333333	
84704.3294323484	84663.5298669338	381.2027154672	84707.9826870561	84704.3294323484	0.0038724979	0.6626666667	0.4666666667	
84695.2070650458	84652.3776337504	375.7916120205	84699.8748533924	84695.2070650458	0.0033031199	0.5873333333	0.5000000000	
84690.6590750813	84648.9302590489	374.8325550366	84693.1655012568	84690.6590750813	0.0023854346	0.5253333333	0.5000000000	
84685.8044502139	84646.3554754853	375.1675553915	84688.4353743990	84685.8044502139	0.0034626137	0.8626666667	0.5000000000	
84678.6752060056	84645.4403817654	374.1395230006	84683.4794289867	84678.6752060056	0.0042676674	0.8380000000	0.5000000000	
84672.4596590797	84638.7657791376	371.4219849401	84676.7580361168	84672.4596590797	0.0037135445	0.7586666667	0.5000000000	
84668.0477387706	84635.1503014565	369.3903485122	84670.3108343482	84668.0477387706	0.0026903127	0.5086666667	0.5000000000	
84664.8643325766	84634.0354472399	369.1324278585	84666.6236485044	84664.8643325766	0.0022068593	0.4326666667	0.5000000000	
84659.3442081412	84631.3622742891	368.7126798262	84662.5956237316	84659.3442081412	0.0031110081	0.5533333333	0.5000000000	
84656.2491429846	84628.0075103045	369.5622656083	84657.7844805519	84656.2491429846	0.0017616648	0.3126666667	0.5000000000	
84651.9682648778	84624.4303405285	369.2271264172	84654.5620110631	84651.9682648778	0.0019621358	0.4060000000	0.5000000000	
84648.9055936535	84618.1604087353	369.1877675755	84650.4412008325	84648.9055936535	0.0020336587	0.2393333333	0.5000000000	
84645.4427255193	84612.8589272499	368.6476749141	84647.5025489926	84645.4427255193	0.0018262483	0.1373333333	0.5000000000	
84643.3761929472	84608.4996104240	367.9319144386	84644.3396646778	84643.3761929472	0.0012693028	0.1200000000	0.5000000000	
84640.4333272576	84602.6792436838	368.8124811934	84642.1699656049	84640.4333272576	0.0023776846	0.3500000000	0.5000000000	
84634.9467659990	84591.2062644958	371.2558504878	84638.7559077144	84634.9467659990	0.0014857632	0.3600000000	0.5000000000	
84629.0837828318	84589.2467200756	370.2923627422	84632.7317026258	84629.0837828318	0.0031707410	0.4193333333	0.5000000000	
84624.8984193802	84589.2467200756	369.7952775553	84627.3203565677	84624.8984193802	0.0021643634	0.4100000000	0.5000000000	
84621.8878444036	84584.2927038670	369.0950257869	84623.9729640881	84621.8878444036	0.0019038921	0.2826666667	0.5000000000	
84615.4651145140	84582.5808197260	365.0383962352	84617.2336236636	84615.4651145140	0.0019697137	0.3640000000	0.5000000000	
84612.9856373866	84580.7565838099	365.1013417670	84614.6872901917	84612.9856373866	0.0017037448	0.2886666667	0.5000000000	
84609.8046875000	84579.0422886610	365.0224761156	84611.3281812270	84609.8046875000	0.0014263210	0.2560000000	0.5000000000	
84607.5159678857	84578.9956122637	365.4122269614	84608.3376334111	84607.5159678857	0.0008336302	0.0913333333	0.5000000000	
84603.7318617105	84577.1694332361	367.8053072599	84605.6965380907	84603.7318617105	0.0010976870	0.1013333333	0.5000000000	
84600.3725777070	84576.9270569086	367.5048260518	84603.1720109781	84600.3725777070	0.0022069342	0.2306666667	0.5000000000	
84598.8037691514	84576.3388454914	367.0783041149	84599.7908778985	84598.8037691514	0.0012490954	0.1900000000	0.5000000000	
84595.6801607211	84575.8834272623	367.7150906322	84597.0554794868	84595.6801607211	0.0014073738	0.0980000000	0.5000000000	
84593.5658210516	84574.4399636984	368.1844238822	84594.7701593240	84593.5658210516	0.0010325914	0.2033333333	0.5000000000	
84591.4314248164	84570.4906165600	368.0674709662	84593.0826493104	84591.4314248164	0.0013469448	0.2280000000	0.5000000000	
84590.2239517371	84570.3472107649	367.8692501683	84590.7717009385	84590.2239517371	0.0010034477	0.1106666667	0.5000000000	
84586.9934652249	84567.5261870027	367.4286448069	84588.9872197310	84586.9934652249	0.0014842178	0.3040000000	0.5000000000	
84584.2703373234	84557.9519256949	367.7452446351	84586.0608995954	84584.2703373234	0.0009629856	0.1826666667	0.5333333333	
84581.7995318770	84545.1336219907	367.9337044480	84582.9887776573	84581.7995318770	0.0009676495	0.2026666667	0.5333333333	
84578.8565892975	84527.7988091111	368.6196960803	84580.8413498600	84578.8565892975	0.0013563632	0.2440000000	0.5333333333	
84575.4606744647	84522.1980646253	369.6961120631	84577.7319102486	84575.4606744647	0.0015552235	0.2333333333	0.5666666667	
84572.1700542172	84518.4058651328	371.3734107236	84574.4326840838	84572.1700542172	0.0012264836	0.1226666667	0.5666666667	
84569.5910819371	84515.3484210372	371.8927337883	84571.3209882379	84569.5910819371	0.0012076718	0.1526666667	0.5666666667	
84566.8079811335	84513.9740064740	374.2358897231	84567.3284777005	84566.8079811335	0.0005421185	0.0646666667	0.5666666667	
84564.8532915115	84511.2901076674	375.1151179983	84566.4110612869	84564.8532915115	0.0008211523	0.2780000000	0.5666666667	
84562.4234843254	84505.0132438540	374.3809627130	84563.9322121938	84562.4234843254	0.0010869721	0.1526666667	0.5666666667	
84559.6920927366	84489.0436545014	375.1788941901	84561.6265821457	84559.6920927366	0.0012281065	0.3393333333	0.5666666667	
84557.0046472549	84484.1486588120	376.0071686043	84558.3086989323	84557.0046472549	0.0012741322	0.0873333333	0.5666666667	
84555.2949090799	84483.7152555585	376.2804196554	84556.4764334758	84555.2949090799	0.0009175428	0.1486666667	0.5666666667	
84553.8697034121	84483.6422130466	376.9561847200	84554.7148124377	84553.8697034121	0.0007538101	0.0540000000	0.5666666667	
84553.4653778871	84483.5584208369	377.1376165522	84553.7088388205	84553.4653778871	0.0002756947	0.0520000000	0.5666666667	
84552.4591978391	84480.7097539306	377.0723906830	84553.1953169902	84552.4591978391	0.0009843941	0.1280000000	0.5666666667	
84550.9497466683	84480.1214739680	376.5488495533	84551.9955860575	84550.9497466683	0.0011652773	0.1553333333	0.5666666667	
84548.6804370085	84478.2779589295	375.8954879763	84549.6408906579	84548.6804370085	0.0011069314	0.1340000000	0.5666666667	
84547.4641738335	84477.2911205888	375.5123715649	84547.9704443614	84547.4641738335	0.0007124673	0.1180000000	0.5666666667	
84545.8094267050	84475.1494392753	374.9415298947	84546.4861959219	84545.8094267050	0.0004733524	0.0440000000	0.5666666667	
84544.6588557959	84474.5411649346	375.3232086131	84545.6124373277	84544.6588557959	0.0008965458	0.1586666667	0.5666666667	
84543.4834349155	84474.0823939443	376.7437011647	84543.8877995809	84543.4834349155	0.0003183262	0.0533333333	0.5666666667	
84542.3610285918	84473.2673659921	376.1486254729	84542.9863019784	84542.3610285918	0.0007667920	0.0780000000	0.5666666667	
84541.2015893062	84473.2350721955	376.3922075455	84541.7857102553	84541.2015893062	0.0005659994	0.1913333333	0.5666666667	
84540.0092764695	84472.2986236215	377.5400409868	84540.8000942071	84540.0092764695	0.0004596815	0.0986666667	0.5666666667	
84538.9119507869	84472.2005739808	378.3198546483	84539.4281315804	84538.9119507869	0.0006324831	0.0720000000	0.5666666667	
84537.8494813045	84472.1310570836	378.4471414417	84538.7596958876	84537.8494813045	0.0009167016	0.1160000000	0.5666666667	
84536.7760072152	84472.1310570836	378.5297212197	84537.2992326816	84536.7760072152	0.0008356589	0.0846666667	0.5666666667	
84534.9895553788	84471.7998042703	377.8113091791	84536.3210952282	84534.9895553788	0.0004952508	0.1266666667	0.5666666667	
84532.2890181343	84471.5574279428	377.8437007181	84534.1866720716	84532.2890181343	0.0008390274	0.0880000000	0.5666666667	
84531.3963833451	84471.5574279428	377.8934946212	84531.6678558787	84531.3963833451	0.0005300553	0.0213333333	0.5666666667	
84530.1209411025	84471.0169270635	377.7028254377	84531.1039275924	84530.1209411025	0.0005709761	0.0313333333	0.5666666667	
84528.7803056836	84468.3291777968	377.8610993639	84529.7924728195	84528.7803056836	0.0005421192	0.1146666667	0.5666666667	
84526.7858983080	84468.3291777968	376.5460253091	84527.9925508301	84526.7858983080	0.0007000155	0.0593333333	0.5666666667	
84525.8792336782	84467.5718441606	376.5073721118	84526.3618838787	84525.8792336782	0.0004432435	0.0626666667	0.5666666667	
84525.0677516063	84467.5718441606	376.6032139601	84525.4880615075	84525.0677516063	0.0005119993	0.0606666667	0.5666666667	
84523.2626612981	84467.3296317458	375.9648436870	84524.4954115152	84523.2626612981	0.0008231795	0.1333333333	0.5666666667	
84522.4455124140	84466.4522841573	375.3771180478	84523.0544237296	84522.4455124140	0.0003525769	0.0420000000	0.5666666667	
84517.2261217237	84463.6186316609	375.5177542040	84522.0694494247	84517.2261217237	0.0008605137	0.1800000000	0.6000000000	
84515.9283241630	84458.2895502448	375.5880172691	84516.4993090431	84515.9283241630	0.0006802614	0.0726666667	0.6000000000	
84514.6853567163	84458.2131519914	375.2839043323	84515.8562563856	84514.6853567163	0.0010963343	0.0653333333	0.6000000000	
84513.7774875760	84457.6199337840	375.9356546480	84514.4941132267	84513.7774875760	0.0005124982	0.0706666667	0.6000000000	
84513.2472573717	84456.8501695991	376.1914763902	84513.5496146480	84513.2472573717	0.0003007668	0.0593333333	0.6000000000	
84512.0687519511	84454.7562673688	376.4849864984	84513.1421016653	84512.0687519511	0.0008278301	0.1246666667	0.6000000000	
84511.0114456217	84453.8649722934	376.6911579779	84511.3556097945	84511.0114456217	0.0004280312	0.0786666667	0.6000000000	
84509.8140600324	84446.2086781859	376.7766246685	84510.5467193325	84509.8140600324	0.0007010003	0.0626666667	0.6000000000	
84508.8523748517	84445.3130528331	376.4680687442	84509.7080666820	84508.8523748517	0.0003023488	0.1086666667	0.6000000000	
84507.7070455750	84444.5990517735	376.8510508451	84508.4797031681	84507.7070455750	0.0006718246	0.0193333333	0.6000000000	
84507.1428196629	84441.9606223702	376.8073469806	84507.5841286778	84507.1428196629	0.0003361866	0.0360000000	0.6000000000	
84506.3787650069	84441.6858538985	376.6721681343	84506.7131564021	84506.3787650069	0.0007935629	0.1000000000	0.6000000000	
84504.8842790723	84441.6858538985	375.9617502513	84505.7595959306	84504.8842790723	0.0008060086	0.1120000000	0.6000000000	
84504.3759752313	84441.0446390510	375.4902502279	84504.6694607536	84504.3759752313	0.0002657658	0.0466666667	0.6000000000	
84502.6840169231	84439.1817137599	375.1423539431	84503.0504271388	84502.6840169231	0.0004820805	0.0373333333	0.6000000000	
84500.3464671969	84439.1817137599	372.6629872658	84501.8733492494	84500.3464671969	0.0010669223	0.2113333333	0.6000000000	
84499.0201013287	84439.1817137599	371.7839028415	84499.6760836244	84499.0201013287	0.0007665672	0.0540000000	0.6000000000	
84498.2468520602	84438.0388990045	371.8159109575	84498.7299580375	84498.2468520602	0.0011347479	0.0406666667	0.6000000000	
84496.4335998893	84436.7555871606	371.4641298389	84497.3623127739	84496.4335998893	0.0011909031	0.1400000000	0.6000000000	
84494.6962206562	84434.6711054444	371.1226778053	84495.7287143667	84494.6962206562	0.0009125495	0.1420000000	0.6000000000	
84493.2635876536	84434.6711054444	370.6272814052	84494.1267864903	84493.2635876536	0.0005130217	0.0540000000	0.6000000000	
84492.2966729601	84434.6711054444	370.4688323980	84492.8317074974	84492.2966729601	0.0002021808	0.0700000000	0.6000000000	
84491.4502198498	84434.5009699464	370.2411523122	84492.0388733347	84491.4502198498	0.0003598193	0.0153333333	0.6000000000	
84490.8488848805	84434.5009699464	370.1872806363	84491.2558890382	84490.8488848805	0.0005211108	0.1546666667	0.6000000000	
84490.4966416955	84434.2411294580	370.0588950136	84490.7390547792	84490.4966416955	0.0002679603	0.0253333333	0.6000000000	
84489.7816088796	84433.9771792293	370.0843698458	84490.2507542570	84489.7816088796	0.0005071829	0.0166666667	0.6000000000	
84489.6116217971	84433.9771792293	370.1103050786	84489.7157050173	84489.6116217971	0.0003083457	0.0393333333	0.6000000000	
84489.2166198293	84433.1775560975	370.2591113216	84489.4770122568	84489.2166198293	0.0005629686	0.0113333333	0.6000000000	
84487.1946419279	84411.4890590310	370.4825514270	84487.7814766765	84487.1946419279	0.0003736727	0.0626666667	0.6000000000	
84486.9217271606	84411.3984301686	370.7029518762	84487.1243779858	84486.9217271606	0.0000676012	0.0466666667	0.6000000000	
84486.0553265611	84410.8137175441	371.0683290551	84486.5716945132	84486.0553265611	0.0005752811	0.0620000000	0.6000000000	
84485.5890242259	84410.8137175441	370.8246210979	84485.9712546070	84485.5890242259	0.0002267950	0.0506666667	0.6000000000	
84485.1807222764	84410.8137175441	370.5907269891	84485.3581478198	84485.1807222764	0.0003266949	0.0240000000	0.6000000000	
84484.8524185022	84410.7208475471	370.3792602227	84484.9848588308	84484.8524185022	0.0001606500	0.0200000000	0.6000000000	
84484.3195573489	84410.7208475471	370.7175060957	84484.7324198484	84484.3195573489	0.0002891333	0.0220000000	0.6000000000	
84484.0440483888	84410.7208475471	370.7693977430	84484.1807965438	84484.0440483888	0.0001348907	0.0060000000	0.6000000000	
84483.6070380608	84410.3965714574	371.0792022316	84483.8534535964	84483.6070380608	0.0002371004	0.0133333333	0.6000000000	
84482.9061360161	84408.0001413822	371.1119226023	84483.4275576472	84482.9061360161	0.0005467581	0.0560000000	0.6000000000	
84482.5333000223	84406.6076099873	370.9646769276	84482.7514168620	84482.5333000223	0.0002632620	0.0373333333	0.6000000000	
84481.2427414457	84406.6076099873	372.0881911927	84482.4516186118	84481.2427414457	0.0003532875	0.0506666667	0.6000000000	
84479.7125375271	84406.2320947647	372.5798631429	84480.6183625261	84479.7125375271	0.0008438548	0.1000000000	0.6000000000	
84479.1762342056	84405.6354492903	372.7630189966	84479.5383719603	84479.1762342056	0.0002585185	0.0473333333	0.6000000000	
84478.8571558396	84405.2920848131	372.7249875855	84479.0664426486	84478.8571558396	0.0001499585	0.0106666667	0.6000000000	
84478.0146841208	84405.1350116730	373.9014241598	84478.1851768494	84478.0146841208	0.0000586819	0.0253333333	0.6000000000	
84477.5525540113	84401.3220906258	373.9322225011	84477.9296992223	84477.5525540113	0.0002077180	0.0893333333	0.6000000000	
84477.2877405087	84401.0473936796	373.6892285733	84477.4453932047	84477.2877405087	0.0001044537	0.0206666667	0.6000000000	
84476.9683349133	84401.0473936796	373.3736795997	84477.1611851454	84476.9683349133	0.0001496985	0.0000000000	0.6000000000	
84476.6830440362	84400.8784741163	373.3801029939	84476.9570736090	84476.6830440362	0.0000525590	0.0606666667	0.6000000000	
84475.8915573359	84400.8784741163	373.6560181618	84476.5730065107	84475.8915573359	0.0004923514	0.0300000000	0.6000000000	
84475.0188207626	84400.8784741163	373.7408473684	84475.2230890592	84475.0188207626	0.0002121390	0.0306666667	0.6000000000	
84474.5287267367	84400.3938764334	373.9195774285	84474.9496660630	84474.5287267367	0.0001999804	0.0366666667	0.6000000000	
84474.1865162055	84400.0773280859	373.9100474958	84474.5287267367	84474.1865162055	0.0002478231	0.0466666667	0.6000000000	
84473.7699979544	84400.0773280859	373.6878258579	84474.0426286062	84473.7699979544	0.0001495222	0.0100000000	0.6000000000	
84473.6275368929	84399.9035656452	373.7305540087	84473.7584137917	84473.6275368929	0.0001321717	0.0160000000	0.6000000000	
84473.2839159171	84399.8438000679	373.5929667075	84473.5987116893	84473.2839159171	0.0007799841	0.1013333333	0.6000000000	
84472.2356190284	84399.8438000679	373.9257279693	84472.8606490294	84472.2356190284	0.0003584751	0.0666666667	0.6000000000	
84471.8574267626	84399.7473061085	374.5325805377	84471.9023849567	84471.8574267626	0.0002633286	0.0093333333	0.6000000000	
84471.6314359506	84399.1871953011	374.6330936340	84471.8390834332	84471.6314359506	0.0001780071	0.0320000000	0.6000000000	
84470.3224223852	84399.1871953011	375.7344074598	84470.5452007055	84470.3224223852	0.0001526825	0.0513333333	0.6000000000	
84470.1877055566	84399.1871953011	375.8219623920	84470.3031734626	84470.1877055566	0.0001999592	0.0153333333	0.6000000000	
84469.9736404419	84399.1871953011	375.8436214710	84470.1108177503	84469.9736404419	0.0001333768	0.0000000000	0.6000000000	
84469.8418126504	84399.1871953011	375.8274233195	84469.8986691236	84469.8418126504	0.0000658271	0.0213333333	0.6000000000	
84469.6767743428	84399.1871953011	375.8343590170	84469.7789883614	84469.6767743428	0.0002102139	0.0073333333	0.6000000000	
84469.2085995277	84399.1871953011	375.9442790039	84469.4893292586	84469.2085995277	0.0001971134	0.0586666667	0.6000000000	
84469.1136995951	84399.1871953011	375.9583989084	84469.1969949007	84469.1136995951	0.0000586762	0.0746666667	0.6000000000	
84468.8297007481	84399.1871953011	375.9753224795	84469.0168231726	84468.8297007481	0.0001823906	0.0046666667	0.6000000000	
84468.5867159565	84398.9718765020	375.7506597763	84468.6792116364	84468.5867159565	0.0001659811	0.0333333333	0.6000000000	
84468.0824672182	84398.2617735863	375.5257001423	84468.3909967542	84468.0824672182	0.0002531519	0.0580000000	0.6000000000	
84467.8156875571	84398.2617735863	375.5192265009	84468.0727753043	84467.8156875571	0.0003176349	0.0386666667	0.6000000000	
84467.0050389568	84398.2617735863	376.0583855654	84467.6324302952	84467.0050389568	0.0004232042	0.0600000000	0.6000000000	
84466.4219942689	84398.2617735863	376.3846724272	84466.7467243473	84466.4219942689	0.0001676509	0.0273333333	0.6000000000	
84466.1792614063	84398.2617735863	376.4535111556	84466.4158351223	84466.1792614063	0.0002342392	0.0740000000	0.6000000000	
84465.8707751830	84398.2617735863	376.9484915138	84465.9232296546	84465.8707751830	0.0001534402	0.0000000000	0.6000000000	
84465.7313247522	84398.2617735863	376.9523357001	84465.8343503873	84465.7313247522	0.0000769200	0.0000000000	0.6000000000	
84465.3582596779	84398.2617735863	376.8533612481	84465.6091936429	84465.3582596779	0.0002702561	0.0000000000	0.6000000000	
84465.2572925885	84398.2617735863	376.8194266466	84465.3556746244	84465.2572925885	0.0001922667	0.0000000000	0.6000000000	
84465.0583010912	84398.2617735863	376.5729190455	84465.1430131992	84465.0583010912	0.0000392295	0.0106666667	0.6000000000	
84464.7945282857	84398.2617735863	376.7207466524	84465.0062392155	84464.7945282857	0.0000960579	0.0526666667	0.6000000000	
84464.7136316697	84398.2617735863	376.8503223257	84464.7703689337	84464.7136316697	0.0000284868	0.0106666667	0.6000000000	
84463.8835054636	84398.0065554380	376.0007864526	84464.5116055012	84463.8835054636	0.0004686999	0.0746666667	0.6000000000	
84463.6711643140	84397.1484869719	375.9369308450	84463.6711643140	84463.6711643140	0.0000000000	0.0000000000	0.6000000000	
84463.3835299810	84397.1484869719	375.9611649353	84463.5256781181	84463.3835299810	0.0001050852	0.1000000000	0.6000000000	
84462.5742606322	84397.1484869719	376.1821547279	84463.1476265192	84462.5742606322	0.0005549673	0.0360000000	0.6000000000	
84461.9173584382	84397.1484869719	375.9259976355	84462.2325364749	84461.9173584382	0.0003595049	0.0493333333	0.6000000000	
84458.2219995062	84388.4166345000	374.5317448107	84459.7936379910	84458.2219995062	0.0015577775	0.3280000000	0.6000000000	
84456.4224645495	84387.9462853074	375.0389128300	84457.0936200023	84456.4224645495	0.0004087782	0.0426666667	0.6000000000	
84455.6244018674	84386.7365822196	375.4121629321	84455.9775436918	84455.6244018674	0.0003932715	0.0073333333	0.6000000000	
84455.3152359525	84384.9088802934	375.4453082358	84455.5915016929	84455.3152359525	0.0002759696	0.0513333333	0.6000000000	
84454.4993665814	84384.9088802934	374.7850330540	84454.5615362128	84454.4993665814	0.0001743908	0.0033333333	0.6000000000	
84453.5128365954	84380.2565053105	374.2682938420	84454.2984838287	84453.5128365954	0.0002616911	0.0706666667	0.6000000000	
84452.7963480353	84372.5158736110	374.2254282051	84453.1060160200	84452.7963480353	0.0002536676	0.0500000000	0.6000000000	
84450.4845948021	84372.5158736110	374.3475998807	84452.7677705884	84450.4845948021	0.0003943092	0.0993333333	0.6000000000	
84449.5848100384	84372.5158736110	374.5125977876	84450.2908153335	84449.5848100384	0.0004338835	0.0666666667	0.6000000000	
84449.4179140528	84372.5158736110	374.4950672672	84449.4219407439	84449.4179140528	0.0000647841	0.0000000000	0.6000000000	
84448.7644999226	84372.2768202424	374.9203313232	84449.3474581838	84448.7644999226	0.0002704044	0.0373333333	0.6000000000	
84448.3693423867	84372.2768202424	375.0017144677	84448.4117030104	84448.3693423867	0.0001196017	0.0000000000	0.6000000000	
84446.4057311416	84371.6079279780	374.2124090086	84446.7988480131	84446.4057311416	0.0002567053	0.0193333333	0.6000000000	
84445.7305406531	84371.5328082442	374.1498558282	84446.1028992136	84445.7305406531	0.0001356394	0.0253333333	0.6000000000	
84445.2504065633	84370.9441378713	373.8971911580	84445.7044328253	84445.2504065633	0.0002636114	0.0433333333	0.6000000000	
84444.2458191514	84370.8707347512	374.0022949980	84445.1412209868	84444.2458191514	0.0003928460	0.0580000000	0.6000000000	
84444.1357746720	84370.8707347512	373.9696813389	84444.2146626115	84444.1357746720	0.0000857467	0.0266666667	0.6000000000	
84442.7505178253	84370.8707347512	373.6024727805	84443.9861630400	84442.7505178253	0.0005881724	0.0946666667	0.6333333333	
84442.6147881150	84370.8707347512	373.5562656910	84442.7505178253	84442.6147881150	0.0001562981	0.0326666667	0.6333333333	
84442.4584787091	84370.8707347512	373.5479113867	84442.6147881150	84442.4584787091	0.0000511487	0.0306666667	0.6333333333	
84441.5479239821	84370.8707347512	374.0546305180	84442.2189548612	84441.5479239821	0.0003934198	0.0086666667	0.6333333333	
84441.3296179970	84370.8707347512	374.1301761451	84441.4165714383	84441.3296179970	0.0002204844	0.0146666667	0.6333333333	
84441.1764185627	84370.8707347512	374.1456608481	84441.3036577900	84441.1764185627	0.0001640055	0.0000000000	0.6333333333	
84440.9803292155	84369.6303293109	374.1632297098	84441.1324297388	84440.9803292155	0.0003463576	0.0206666667	0.6333333333	
84440.8115755518	84369.6303293109	374.1929242969	84440.9756591916	84440.8115755518	0.0000199608	0.0080000000	0.6333333333	
84440.4802822073	84369.6303293109	374.2644646519	84440.7613842686	84440.4802822073	0.0001410824	0.0146666667	0.6333333333	
84440.3751310706	84369.6303293109	374.2417268723	84440.4363225897	84440.3751310706	0.0000935508	0.0260000000	0.6333333333	
84440.1559538643	84369.6303293109	374.2790618330	84440.2375083168	84440.1559538643	0.0000885558	0.0213333333	0.6333333333	
84439.8500177264	84369.6303293109	373.9142262086	84440.1270358761	84439.8500177264	0.0002822616	0.0053333333	0.6333333333	
84438.9342793822	84369.4807603955	374.6415518101	84439.3551688393	84438.9342793822	0.0000696828	0.0000000000	0.6333333333	
84438.7418610851	84369.4807603955	374.4016077476	84438.8444671035	84438.7418610851	0.0000601487	0.0000000000	0.6333333333	
84437.7385190129	84369.4807603955	375.0399038833	84438.3213803172	84437.7385190129	0.0002989536	0.0100000000	0.6333333333	
84436.7941348751	84369.4807603955	374.9520111157	84437.3920926452	84436.7941348751	0.0001445440	0.0506666667	0.6333333333	
84436.6504936417	84368.1586369872	374.9542798724	84436.7386352022	84436.6504936417	0.0001245433	0.0040000000	0.6333333333	
84436.4784553647	84368.1586369872	374.8001455879	84436.5829230348	84436.4784553647	0.0000247504	0.0053333333	0.6333333333	
84436.4784553647	84368.1586369872	374.8001455879	84436.4784553647	84436.4784553647	0.0000122280	0.0000000000	0.6333333333	
84435.1146176457	84367.6394268870	374.1802356255	84436.1434065302	84435.1146176457	0.0002842619	0.0740000000	0.6333333333	
84434.3578250210	84367.2076299787	373.6818339391	84434.7329989076	84434.3578250210	0.0003332139	0.0846666667	0.6333333333	
84433.7263833483	84367.2076299787	373.0873451044	84433.9867775639	84433.7263833483	0.0001061413	0.0000000000	0.6333333333	
84433.6637253563	84366.7077496648	373.0935365107	84433.7194229166	84433.6637253563	0.0001432277	0.0066666667	0.6333333333	
84433.5903101166	84366.7077496648	373.0261852556	84433.6557212472	84433.5903101166	0.0000521720	0.0200000000	0.6333333333	
84432.6921227574	84366.4499506354	372.2733703020	84433.5407279928	84432.6921227574	0.0006358736	0.1333333333	0.6333333333	
84431.9306497772	84366.3317039609	372.0995824846	84432.2362755736	84431.9306497772	0.0003323355	0.0186666667	0.6333333333	
84431.8267203371	84366.3317039609	372.0115214902	84431.8549751242	84431.8267203371	0.0001560932	0.0000000000	0.6333333333	
84431.4050345619	84366.3317039609	372.1916266847	84431.6547972957	84431.4050345619	0.0001325608	0.0040000000	0.6333333333	
84431.3085382183	84366.3317039609	372.1945680881	84431.3768685858	84431.3085382183	0.0002040541	0.0146666667	0.6333333333	
84431.0017692049	84366.1118671298	372.2604869271	84431.1982435981	84431.0017692049	0.0000983336	0.0313333333	0.6333333333	
84430.9813897808	84366.1118671298	372.2794053035	84430.9883700808	84430.9813897808	0.0000249146	0.0300000000	0.6333333333	
84430.8945613106	84366.1118671298	372.3004834833	84430.9591906269	84430.8945613106	0.0001167959	0.0260000000	0.6333333333	
84430.8624612292	84366.1118671298	372.2618997381	84430.8704858025	84430.8624612292	0.0000144471	0.0226666667	0.6333333333	
84430.8624612292	84366.1118671298	372.2618997381	84430.8624612292	84430.8624612292	0.0000000000	0.0000000000	0.6333333333	
84430.6976782282	84366.1118671298	372.3551339845	84430.8373070757	84430.6976782282	0.0001780664	0.0000000000	0.6333333333	
84430.6739045183	84365.7552614808	372.3595908310	84430.6976782282	84430.6739045183	0.0000098371	0.0000000000	0.6333333333	
84430.4112363855	84365.7552614808	372.3544706044	84430.6278348963	84430.4112363855	0.0003300794	0.0000000000	0.6333333333	
84430.3161385655	84365.7552614808	372.3258660792	84430.3675726056	84430.3161385655	0.0000931839	0.0013333333	0.6333333333	
84430.2844805519	84365.7552614808	372.3108960197	84430.3161385655	84430.2844805519	0.0000889515	0.0053333333	0.6333333333	
84430.2482141058	84365.7552614808	372.3507561343	84430.2844805519	84430.2482141058	0.0000816685	0.0000000000	0.6333333333	
84429.3856271108	84365.7552614808	371.5211868458	84430.2440028389	84429.3856271108	0.0004673214	0.0000000000	0.6333333333	
84428.8699803750	84365.1928588748	371.1310384149	84429.2962104082	84428.8699803750	0.0000611784	0.0286666667	0.6333333333	
84428.3482257525	84365.1928588748	370.8815344876	84428.7201289336	84428.3482257525	0.0000369120	0.0200000000	0.6333333333	
84428.0263698101	84365.1928588748	371.0152058006	84428.3448908726	84428.0263698101	0.0001269516	0.0000000000	0.6333333333	
84427.0267454783	84364.8463353515	370.3304015030	84428.0128590266	84427.0267454783	0.0004538434	0.1240000000	0.6333333333	
84425.4506172736	84364.8463353515	368.6262264194	84426.5780977408	84425.4506172736	0.0001311168	0.0173333333	0.6333333333	
84424.8920196295	84364.8463353515	368.1219232891	84425.0450778008	84424.8920196295	0.0001510939	0.0080000000	0.6333333333	
84424.7900245587	84364.8463353515	368.0234004405	84424.8920196295	84424.7900245587	0.0000810641	0.0026666667	0.6333333333	
84423.8530951738	84364.8463353515	366.9610754253	84424.7900245587	84423.8530951738	0.0002238104	0.1893333333	0.6333333333	
84422.2799247503	84364.8463353515	365.3019444872	84422.3670742909	84422.2799247503	0.0000377119	0.0000000000	0.6333333333	
84421.1395066977	84364.8463353515	364.3492870796	84422.2799247503	84421.1395066977	0.0003263820	0.0140000000	0.6333333333	
84420.5371689796	84364.8463353515	363.8157655801	84420.8072133859	84420.5371689796	0.0001973295	0.0760000000	0.6333333333	
84420.3418544928	84364.8463353515	363.6399011091	84420.4403726260	84420.3418544928	0.0003392900	0.0266666667	0.6333333333	
84419.8281953732	84364.7775396705	363.0926122318	84420.3058699767	84419.8281953732	0.0003556824	0.0360000000	0.6333333333	
84419.3866082032	84364.1031101346	362.5727793113	84419.5069791873	84419.3866082032	0.0001336463	0.0360000000	0.6333333333	
84418.4915324052	84364.1031101346	362.2497918977	84418.7032248576	84418.4915324052	0.0001800766	0.0213333333	0.6333333333	
84418.1242028872	84361.4964887500	362.2909756920	84418.4382271767	84418.1242028872	0.0002974227	0.0300000000	0.6333333333	
84417.4895725648	84357.5174286962	361.9717854149	84418.0073332787	84417.4895725648	0.0004050945	0.0746666667	0.6333333333	
84417.0458165805	84351.2368395925	362.0260024463	84417.3555529118	84417.0458165805	0.0000821648	0.0840000000	0.6333333333	
84416.3340842724	84348.0402961373	361.7192595171	84416.8955489000	84416.3340842724	0.0001754478	0.0993333333	0.6333333333	
84415.1346242428	84347.2603812814	360.8945782505	84415.3326139847	84415.1346242428	0.0002743173	0.0626666667	0.6333333333	
84414.6912278732	84342.1259760857	360.9613514362	84415.1002798478	84414.6912278732	0.0000814236	0.0486666667	0.6333333333	
84414.5343081156	84342.1259760857	360.9126677210	84414.6048200130	84414.5343081156	0.0000322758	0.0040000000	0.6333333333	
84414.2486476898	84341.8451935053	360.7810265389	84414.3947410583	84414.2486476898	0.0001281516	0.0226666667	0.6333333333	
84413.9793495337	84341.7846262455	360.7337551416	84414.1090104977	84413.9793495337	0.0001628685	0.0200000000	0.6333333333	
84413.5793974002	84341.7846262455	360.5230079332	84413.7036865950	84413.5793974002	0.0000990891	0.0660000000	0.6333333333	
84413.1298675140	84341.7846262455	360.5921443112	84413.3689484994	84413.1298675140	0.0000228756	0.0220000000	0.6333333333	
84412.4428345760	84341.7846262455	360.3624313128	84412.7117574215	84412.4428345760	0.0001427383	0.0273333333	0.6333333333	
84412.3868119717	84341.7846262455	360.4185415980	84412.4362899860	84412.3868119717	0.0000536831	0.0020000000	0.6333333333	
84412.1449353298	84341.7846262455	360.3860850026	84412.2660704454	84412.1449353298	0.0001990865	0.0120000000	0.6333333333	
84411.9985838731	84341.7846262455	360.4235712348	84412.1449353298	84411.9985838731	0.0002006376	0.0013333333	0.6333333333	
84411.8689356248	84340.8213526011	360.3848141161	84411.9425491492	84411.8689356248	0.0001961444	0.0426666667	0.6333333333	
84411.3437714179	84340.8213526011	360.3748891637	84411.6475385427	84411.3437714179	0.0000772967	0.0680000000	0.6333333333	
84410.7605268558	84340.5640155077	360.5746037278	84411.2243707975	84410.7605268558	0.0004459290	0.0206666667	0.6333333333	
84410.5000104507	84339.1482204199	360.6005095043	84410.7428177198	84410.5000104507	0.0001849100	0.0313333333	0.6333333333	
84410.2398926020	84339.1482204199	360.7358460718	84410.4316761096	84410.2398926020	0.0002314044	0.0800000000	0.6333333333	
84410.2265854677	84339.1482204199	360.7227028745	84410.2265854677	84410.2265854677	0.0000000000	0.0000000000	0.6333333333	
84410.0797988971	84339.1482204199	360.7617183467	84410.2265854677	84410.0797988971	0.0001019127	0.0000000000	0.6333333333	
84410.0797988971	84339.1482204199	360.7617183467	84410.0797988971	84410.0797988971	0.0000000000	0.0000000000	0.6333333333	
84409.8436405261	84339.1482204199	361.0351292210	84409.9249263604	84409.8436405261	0.0000341922	0.0160000000	0.6333333333	
84409.7888239225	84339.1482204199	360.9952297784	84409.8356825113	84409.7888239225	0.0000111184	0.0000000000	0.6333333333	
84408.5331301888	84339.1482204199	360.4821162991	84409.6844766537	84408.5331301888	0.0003226494	0.0040000000	0.6666666667	
84408.3529197176	84339.1482204199	360.4615912498	84408.5040586193	84408.3529197176	0.0001466578	0.0106666667	0.6666666667	
84408.1384842594	84339.1482204199	360.3438852409	84408.3529197176	84408.1384842594	0.0000679651	0.0113333333	0.6666666667	
84407.8572865327	84339.1482204199	360.2362636886	84408.1384842594	84407.8572865327	0.0002229153	0.0526666667	0.6666666667	
84407.6014711459	84339.1482204199	360.2003080887	84407.6463774840	84407.6014711459	0.0000577480	0.0020000000	0.6666666667	
84407.4024762710	84339.1482204199	360.2388057963	84407.5654943784	84407.4024762710	0.0001054747	0.0680000000	0.6666666667	
