MonoObjective Genetic Algorithm
Number of Evaluations = 0
Mutation Probability = 0.0100000000000000002
Crossover Probability = 0.5
Population Size = 100
Survival Selection Type = 16

Time =  300.013508000000002

Current Evaluation = 188100
Front Size = 100
6 4 9 8 2 3 1 5 7 3 8 7 1 5 4 9 2 6 5 2 1 6 9 7 4 3 8 4 9 6 5 7 2 8 1 3 2 5 3 4 1 8 6 7 9 7 1 8 9 3 6 5 4 2 9 3 4 7 6 5 2 8 1 1 7 5 2 8 9 3 6 4 8 6 2 3 4 1 7 9 5 1 15 
1 4 7 8 6 3 9 2 5 2 9 6 1 5 4 3 8 7 5 8 3 2 9 7 1 4 6 4 2 9 6 7 1 8 5 3 3 1 5 4 2 8 6 7 9 7 6 8 9 3 5 4 1 2 9 3 4 7 8 6 2 3 1 8 7 2 5 1 9 5 6 4 6 5 1 3 4 2 7 9 8 3 44 
1 4 7 8 2 3 9 5 6 6 9 2 1 5 4 7 3 8 5 8 3 6 9 7 1 4 2 4 1 9 5 7 6 8 2 3 2 3 5 4 1 8 6 7 9 7 6 8 9 3 2 4 1 5 9 5 4 7 6 5 2 8 1 3 7 1 2 8 9 3 6 4 8 2 6 3 4 1 5 9 7 3 33 
2 4 9 8 6 3 5 1 7 6 8 7 1 5 4 9 3 2 5 1 3 2 9 7 4 8 6 4 9 1 6 7 5 8 2 3 3 5 2 4 1 8 6 7 9 7 6 8 9 3 2 1 4 5 9 3 4 7 8 6 2 5 1 8 7 1 5 2 9 3 6 4 6 2 5 3 4 1 7 9 8 3 32 
3 4 7 8 2 3 9 1 5 6 8 9 1 5 4 3 2 7 5 2 1 6 9 7 4 8 6 4 6 9 5 7 2 8 4 3 2 3 5 4 1 8 6 7 9 7 1 8 9 3 6 1 5 2 9 5 4 7 8 6 2 3 1 8 7 3 5 2 9 5 6 4 1 2 6 3 4 1 7 9 8 12 30 
1 4 2 8 6 3 7 5 9 8 9 7 1 5 4 3 2 6 5 3 6 2 9 7 1 4 8 4 2 9 6 7 1 8 5 3 3 5 1 4 2 8 6 7 9 7 6 8 9 3 5 1 4 2 9 8 4 7 6 5 2 8 1 1 7 3 2 8 9 3 6 4 2 6 5 3 4 1 5 9 7 15 30 
1 4 7 8 6 3 5 3 2 2 3 9 1 5 4 9 7 6 5 8 6 2 9 7 4 1 8 4 9 2 5 7 6 8 4 3 1 5 3 4 2 8 6 7 9 7 6 8 9 3 1 1 2 5 9 3 4 7 8 6 2 8 1 2 7 5 5 1 9 3 6 4 8 1 6 3 4 2 5 9 7 16 32 
3 4 1 8 6 3 1 5 7 6 9 7 1 5 4 9 8 2 5 8 2 2 9 7 3 4 6 6 1 4 6 7 5 8 2 3 2 9 3 4 1 8 6 1 7 7 5 8 9 3 2 4 5 9 9 5 4 7 8 6 2 8 1 2 7 3 5 1 9 3 6 4 8 6 1 3 4 2 5 9 7 126 33 
6 4 9 8 2 3 1 5 7 2 3 7 1 5 4 9 8 6 5 8 1 6 9 7 3 4 2 4 9 2 5 7 6 8 1 3 3 1 5 4 2 8 6 7 9 7 6 8 9 3 1 4 2 5 9 5 4 7 8 6 2 3 1 8 7 3 2 1 9 5 6 4 1 2 6 3 4 5 7 9 8 3 29 
1 4 9 8 2 3 7 5 6 8 6 7 1 5 4 9 3 2 5 2 3 6 9 7 1 4 8 4 9 6 2 7 5 8 1 3 2 3 5 4 1 8 6 7 9 7 1 8 9 3 6 4 2 5 9 5 4 7 8 6 2 8 1 3 7 2 5 1 9 3 6 4 6 8 1 3 4 2 5 9 7 5 26 
1 4 9 8 2 3 1 5 2 8 2 7 1 5 4 9 8 7 5 6 3 6 9 7 4 3 6 4 6 5 5 7 1 8 2 3 2 9 3 4 2 8 6 1 7 7 1 8 9 3 6 4 5 9 9 6 4 7 8 6 2 3 1 3 7 1 5 1 9 5 6 4 8 2 5 3 4 2 7 9 8 131 29 
2 4 7 8 6 3 9 1 5 8 3 9 1 5 4 7 2 6 5 1 6 2 9 7 4 3 8 4 9 1 6 7 2 8 5 3 3 2 5 4 1 8 6 7 9 7 6 8 9 3 5 1 4 2 9 5 4 7 8 6 2 8 1 1 7 3 5 2 9 3 6 4 6 8 2 3 4 1 5 9 7 3 25 
6 4 7 8 2 3 9 1 5 8 3 9 1 5 4 4 2 7 5 1 2 6 9 7 3 8 6 4 9 6 5 7 2 8 5 3 1 2 3 4 1 8 6 7 9 7 5 8 9 3 6 1 4 2 9 8 4 7 6 5 2 3 1 3 7 1 2 8 9 5 6 4 2 6 5 3 4 1 7 9 8 5 25 
3 4 7 8 2 3 1 5 9 2 8 9 1 5 4 4 7 6 5 1 6 6 9 7 3 8 2 4 9 6 5 7 1 8 4 3 2 5 3 4 2 8 6 1 7 7 1 8 9 3 6 9 2 5 9 3 4 7 8 6 2 5 1 8 7 2 5 1 9 3 6 4 6 5 1 3 4 2 7 9 8 116 28 
2 4 1 8 6 3 7 5 2 6 9 7 1 5 4 9 3 8 5 8 3 2 9 7 4 1 6 4 6 9 5 7 1 8 2 3 3 1 5 4 2 8 6 7 9 7 2 8 9 3 6 1 4 5 9 3 4 7 8 6 2 8 1 8 7 2 5 1 9 3 6 4 1 5 6 3 4 2 5 9 7 7 25 
1 4 9 8 6 3 5 2 7 2 6 7 1 5 4 9 3 8 5 8 3 2 9 7 1 4 6 4 1 6 5 7 2 8 5 3 3 9 2 4 1 8 6 7 9 7 5 8 9 3 6 4 1 2 9 3 4 7 6 5 2 8 1 8 7 1 2 8 9 3 6 4 6 2 5 3 4 1 7 9 5 7 25 
6 4 2 8 2 3 9 5 7 8 9 7 1 5 4 3 2 6 5 1 3 6 9 7 1 4 8 4 1 9 6 7 5 8 1 3 3 2 5 4 1 8 6 7 9 7 6 8 9 3 2 4 5 2 9 8 4 7 8 6 2 5 1 3 7 1 5 2 9 3 6 4 2 5 6 3 4 1 7 9 8 16 27 
1 4 7 8 6 3 9 2 5 8 9 2 1 5 4 4 8 7 5 3 6 2 9 7 1 3 6 4 9 6 5 7 2 8 2 3 2 5 3 4 1 8 6 7 9 7 1 8 9 3 6 1 4 5 9 3 4 7 8 6 2 5 1 8 7 5 2 1 9 3 6 4 1 6 2 3 4 5 7 9 8 19 27 
6 4 7 8 2 3 1 3 5 2 9 3 1 5 4 9 8 7 5 8 1 6 9 7 4 2 6 4 6 9 2 7 5 8 1 3 3 2 5 4 1 8 6 7 9 7 1 8 9 3 6 5 4 2 9 3 4 7 8 6 2 5 1 8 7 2 5 1 9 3 6 4 1 5 6 3 4 2 7 9 8 6 24 
2 4 9 8 6 3 1 5 7 3 6 7 1 5 4 9 8 2 5 8 1 2 9 7 3 4 6 4 9 6 5 7 1 8 2 3 1 3 5 4 2 8 6 7 9 7 2 8 9 3 6 4 1 5 9 8 4 7 6 5 2 3 1 3 7 2 2 8 9 5 6 4 6 1 5 3 4 1 7 9 8 9 24 
6 4 7 8 6 3 9 2 5 2 8 9 1 5 4 7 3 6 5 1 3 2 9 7 4 1 8 4 2 6 5 7 1 8 4 3 3 9 1 4 2 8 6 7 9 7 5 8 9 3 6 1 5 2 9 3 4 7 8 6 2 8 1 8 7 5 2 1 9 3 6 4 1 6 2 3 4 5 5 9 7 10 25 
3 4 7 8 6 3 9 5 7 6 2 9 1 5 4 3 8 2 5 8 1 2 9 7 1 4 6 4 9 6 6 7 5 8 1 3 2 5 3 4 2 8 6 7 9 7 1 8 9 3 1 4 2 5 9 3 4 7 8 6 2 3 1 1 7 5 5 1 9 5 6 4 8 6 2 3 4 2 7 9 8 15 24 
6 4 2 8 6 3 5 1 7 8 9 7 1 5 4 9 3 2 5 3 1 2 9 7 4 8 6 4 2 5 6 7 1 8 4 3 3 1 9 4 2 8 6 7 9 7 6 8 9 3 5 1 2 5 9 5 4 7 8 6 2 8 1 1 7 3 5 1 9 3 6 4 6 8 2 3 4 2 5 9 7 15 24 
2 4 7 8 2 3 9 5 6 6 9 3 1 5 4 4 8 7 5 8 1 6 9 7 3 1 2 4 1 6 6 7 2 8 5 3 3 2 9 4 1 8 6 7 9 7 5 8 9 3 5 1 4 2 9 3 4 7 8 6 2 5 1 8 7 5 5 2 9 3 6 4 6 2 1 3 4 1 7 9 8 19 24 
6 4 7 8 6 3 7 5 6 3 8 9 1 5 4 9 3 2 5 2 1 2 9 7 4 1 8 4 9 6 6 7 1 8 1 3 2 3 5 4 2 8 6 7 9 7 1 8 9 3 5 5 4 2 9 6 4 7 8 6 2 5 1 8 7 3 5 2 9 3 6 4 1 5 2 3 4 1 7 9 8 23 26 
1 4 6 8 2 3 9 5 7 2 9 7 1 5 4 3 8 6 5 8 3 6 9 7 1 4 2 4 6 9 5 7 2 8 1 3 3 2 5 4 1 8 6 7 9 7 1 8 9 3 6 4 2 5 9 3 4 7 6 5 2 3 1 8 7 1 2 8 9 5 6 4 6 5 2 3 4 1 7 9 8 3 23 
6 4 7 8 2 3 9 1 5 8 9 2 1 5 4 3 7 6 5 3 1 6 9 7 4 8 2 4 1 9 5 7 6 8 2 3 3 2 5 4 1 8 6 7 9 7 6 8 9 3 2 1 4 5 9 8 4 7 6 5 2 3 1 1 7 3 2 8 9 5 6 4 2 5 6 3 4 1 7 9 8 3 22 
2 4 9 8 2 3 9 3 5 3 6 7 1 5 4 7 2 6 5 8 1 6 9 7 1 4 8 4 6 9 6 7 5 8 2 3 2 5 3 4 2 8 6 7 9 7 1 8 9 3 1 1 4 5 9 3 4 7 6 5 2 8 1 8 7 2 2 8 9 3 6 4 6 1 5 3 4 1 5 9 7 29 25 
2 4 9 8 6 3 1 5 7 3 8 7 1 5 4 9 2 6 5 1 6 2 9 7 4 3 8 4 9 2 6 7 5 8 1 3 1 5 3 4 2 8 6 7 9 7 6 8 9 3 1 5 4 2 9 3 4 7 8 6 2 8 1 8 7 2 5 1 9 3 6 4 6 1 5 3 4 2 7 9 5 5 22 
6 4 7 8 2 3 5 3 7 8 9 2 1 5 4 9 2 8 5 3 1 6 9 7 1 4 6 2 6 4 5 7 6 8 2 3 1 9 3 4 1 8 6 7 9 7 5 8 9 3 2 1 4 5 9 3 4 7 8 6 2 3 1 8 7 5 2 1 9 5 6 4 6 2 1 3 4 5 7 9 8 29 24 
1 4 7 8 6 3 9 5 2 8 2 9 1 5 4 7 3 6 5 3 6 2 9 7 1 4 8 4 9 2 6 7 5 8 1 3 3 1 5 4 2 8 6 7 9 7 6 8 9 3 1 4 5 2 9 5 4 7 8 6 2 8 1 2 7 3 5 1 9 3 6 4 8 6 1 3 4 2 5 9 7 7 22 
6 4 1 8 2 3 9 5 7 3 9 7 1 5 4 4 2 8 5 8 2 6 9 7 1 3 6 4 6 9 5 7 1 8 2 3 1 5 3 4 2 8 6 7 9 7 2 8 9 3 6 4 1 5 9 3 4 7 8 6 2 5 1 8 7 5 2 1 9 3 6 4 2 1 6 3 4 5 7 9 8 9 23 
1 4 9 8 6 3 5 2 7 6 2 7 1 5 4 9 3 8 5 8 3 2 9 7 1 4 6 4 9 2 6 7 1 8 5 3 3 5 1 4 2 8 6 7 9 7 6 8 9 3 5 4 1 2 9 3 4 7 8 6 2 8 1 2 7 5 5 1 9 3 6 4 8 1 6 3 4 2 7 9 5 3 21 
6 4 7 8 2 3 5 1 9 2 9 3 1 5 4 7 8 6 5 8 1 6 9 7 4 3 2 4 5 6 5 7 1 8 2 3 3 1 9 4 2 8 6 7 9 7 2 8 9 3 6 1 4 5 9 3 4 7 8 6 2 5 1 1 7 5 2 1 9 3 6 4 8 6 2 3 4 5 7 9 8 9 23 
1 4 9 8 2 3 7 5 6 8 2 7 1 5 4 3 4 9 5 6 3 6 9 7 1 2 8 4 9 1 5 7 6 8 2 3 3 5 2 4 1 8 6 7 9 7 6 8 9 3 2 4 1 5 9 3 4 7 6 5 2 8 1 1 7 5 2 8 9 3 6 4 6 8 2 3 4 1 5 9 7 9 22 
1 4 9 8 6 3 9 5 7 8 2 7 1 5 4 3 8 6 5 6 3 2 9 7 4 1 2 4 9 6 5 7 1 8 2 3 3 1 5 4 2 8 6 7 9 7 2 8 9 3 6 1 4 5 9 8 4 7 8 6 2 3 1 2 7 3 5 1 9 5 6 4 6 5 1 3 4 2 7 9 8 10 22 
1 4 2 8 6 3 9 5 7 6 9 7 1 5 4 3 8 2 5 8 3 2 9 7 1 4 6 4 2 9 5 7 6 8 1 3 3 5 1 4 2 8 6 7 9 7 6 8 9 3 1 4 2 5 9 6 4 7 8 5 2 3 1 8 7 3 2 1 9 5 6 4 2 1 5 3 4 6 7 9 8 5 21 
2 4 7 8 6 3 9 1 5 6 9 3 1 5 4 7 2 8 5 8 1 2 9 7 3 4 6 4 2 9 5 7 6 8 1 3 3 1 5 4 2 8 6 7 9 7 6 8 9 3 1 4 5 2 9 3 4 7 6 5 2 8 1 8 7 5 2 8 9 3 6 4 1 2 6 3 4 1 5 9 7 10 22 
2 4 7 8 6 3 9 1 5 6 9 3 1 5 4 7 2 8 5 8 1 2 9 7 4 3 6 4 2 9 6 7 1 8 5 3 1 3 5 4 2 8 6 7 9 7 6 8 9 3 5 1 4 2 9 5 4 7 8 6 2 8 1 3 7 2 5 1 9 3 6 4 8 1 6 3 4 2 5 9 7 3 20 
1 4 9 8 2 3 7 3 5 6 2 7 1 5 4 9 8 2 5 8 3 6 9 7 1 4 6 4 9 2 5 7 6 8 1 3 3 1 5 4 2 8 6 7 9 7 6 8 9 3 1 4 2 5 9 3 4 7 6 5 2 8 1 2 7 1 2 8 9 3 6 4 8 5 6 3 4 1 5 9 7 10 21 
1 4 7 8 2 3 9 5 6 6 8 9 1 5 4 3 2 7 5 3 2 6 9 7 4 1 8 4 9 6 5 7 2 8 1 3 3 2 5 4 1 8 6 7 9 7 1 8 9 3 6 5 4 2 9 5 4 7 8 6 2 3 1 8 7 3 2 1 9 5 6 4 2 6 1 3 4 5 7 9 8 6 20 
1 4 9 8 6 3 9 5 7 3 8 7 1 5 4 4 2 6 5 6 2 2 9 7 1 3 8 4 9 5 6 7 2 8 1 3 2 1 3 4 1 8 6 7 9 7 6 8 9 3 5 5 4 2 9 3 4 7 8 6 2 5 1 8 7 1 5 2 9 3 6 4 2 5 6 3 4 1 7 9 8 10 20 
1 4 7 8 6 3 5 2 9 3 8 9 1 5 4 7 3 6 5 2 6 2 9 7 1 4 8 6 9 4 6 7 2 8 5 3 2 3 5 4 1 8 6 7 9 7 1 8 9 3 5 4 1 2 9 5 4 7 8 6 2 8 1 8 7 3 5 2 9 3 6 4 2 6 1 3 4 1 7 9 5 12 22 
6 4 9 8 2 3 7 1 5 2 8 7 1 5 4 9 3 6 5 1 3 6 9 7 4 2 8 4 9 1 2 7 6 8 5 3 3 5 2 4 1 8 6 7 9 7 6 8 9 3 5 1 4 2 9 3 4 7 6 5 2 8 1 1 7 5 2 8 9 3 6 4 8 2 6 3 4 1 5 9 7 3 19 
2 4 9 8 6 3 5 1 6 8 6 7 1 5 4 9 2 7 5 3 1 2 9 7 3 4 8 4 1 9 6 7 5 8 2 3 3 2 5 4 1 8 6 7 9 7 6 8 9 3 2 4 1 5 9 5 4 7 8 6 2 3 1 1 7 3 5 2 9 5 6 4 2 8 6 3 4 1 7 9 8 13 22 
2 4 9 8 2 3 1 5 7 8 3 7 1 5 4 9 4 6 5 1 6 6 9 7 3 8 2 4 9 1 5 7 6 8 2 3 3 5 2 4 1 8 6 7 9 7 6 8 9 3 2 4 1 5 9 8 4 7 6 5 2 3 1 1 7 3 2 8 9 5 6 4 6 2 5 3 4 1 7 9 8 4 19 
1 4 9 8 6 3 7 5 2 6 2 7 1 5 4 9 3 8 5 8 3 2 9 7 1 4 6 4 9 1 6 7 5 8 2 3 2 3 5 4 1 8 6 7 9 7 6 8 9 3 2 4 1 5 9 5 4 7 8 6 2 8 1 3 7 1 5 2 9 3 6 4 8 6 2 3 4 1 5 9 7 5 19 
1 4 7 8 6 3 9 5 2 8 2 9 1 5 4 7 3 6 5 6 3 2 9 7 1 4 8 4 9 6 5 7 2 8 1 3 3 5 2 4 1 8 6 7 9 7 1 8 9 3 6 4 2 5 9 3 4 7 6 5 2 8 1 2 7 1 2 8 9 3 6 4 6 8 5 3 4 1 5 9 7 5 19 
1 4 7 8 6 3 5 2 9 8 2 9 1 5 4 7 3 8 5 3 6 2 9 7 4 1 6 4 6 1 5 7 6 8 5 3 2 9 3 4 1 8 6 7 9 7 5 8 9 3 2 1 4 2 9 3 4 7 6 5 2 8 1 1 7 5 2 8 9 3 6 4 6 8 2 3 4 1 7 9 5 13 22 
1 4 7 8 6 3 3 2 5 8 9 2 1 5 4 9 8 7 5 3 6 2 9 7 4 1 6 2 6 4 5 7 1 8 5 3 3 1 9 4 2 8 6 7 9 7 5 8 9 3 6 1 4 2 9 8 4 7 8 6 2 3 1 3 7 5 2 1 9 5 6 4 6 2 1 3 4 5 7 9 8 13 21 
6 4 9 8 2 3 5 1 7 3 8 7 1 5 4 9 2 6 5 1 2 6 9 7 4 3 8 4 9 1 5 7 6 8 2 3 2 5 3 4 1 8 6 7 9 7 6 8 9 3 2 1 4 5 9 3 4 7 8 6 2 5 1 8 7 5 2 1 9 3 6 4 1 2 6 3 4 5 7 9 8 5 19 
6 4 1 8 2 3 9 5 7 2 9 7 1 5 4 4 3 8 5 8 3 6 9 7 1 2 6 4 6 9 5 7 2 8 1 3 3 5 2 4 1 8 6 7 9 7 1 8 9 3 6 5 4 2 9 3 4 7 6 5 2 8 1 1 7 5 2 8 9 3 6 4 8 2 6 3 4 1 7 9 5 3 18 
1 4 7 8 6 3 9 5 2 2 9 6 1 5 4 3 8 7 5 8 3 2 9 7 4 1 6 4 6 9 5 7 1 8 2 3 1 3 5 4 2 8 6 7 9 7 2 8 9 3 6 1 4 5 9 8 4 7 6 5 2 3 1 3 7 1 2 8 9 5 6 4 6 5 2 3 4 1 7 9 8 6 19 
1 4 7 8 6 3 9 2 5 6 9 2 1 5 4 7 3 8 5 8 3 2 9 7 1 4 6 4 1 9 6 7 2 8 5 3 3 2 5 4 1 8 6 7 9 7 6 8 9 3 5 4 1 2 9 3 4 7 8 6 2 8 1 8 7 1 5 2 9 3 6 4 2 5 6 3 4 1 5 9 7 3 18 
3 4 7 8 6 3 9 2 5 6 8 9 1 5 4 3 4 7 5 2 1 2 9 7 1 8 6 4 9 2 6 7 1 8 5 3 1 3 5 4 2 8 6 7 9 7 6 8 9 3 5 4 1 2 9 5 4 7 8 6 2 3 1 8 7 3 2 1 9 5 6 4 2 1 6 3 4 5 7 9 8 7 19 
6 4 9 8 6 3 1 7 5 3 8 7 1 5 4 9 3 2 5 2 1 2 9 7 4 8 6 4 9 2 6 7 5 8 2 3 1 3 5 4 2 8 6 7 9 7 6 8 9 3 1 4 1 5 9 8 4 7 8 6 2 5 1 2 7 3 5 1 9 3 6 4 1 5 6 3 4 2 7 9 8 13 21 
2 4 7 8 6 3 9 1 5 8 6 9 1 5 4 3 2 7 5 3 1 2 9 7 4 8 6 4 9 6 5 7 2 8 4 3 3 2 5 4 1 8 6 7 9 7 1 8 9 3 6 1 5 2 9 8 4 7 6 5 2 3 1 1 7 3 2 8 9 5 6 4 6 5 2 3 4 1 7 9 8 5 18 
2 4 7 8 6 3 5 1 9 3 9 6 1 5 4 7 8 2 5 8 1 2 9 7 4 3 6 4 6 9 5 7 1 8 2 3 3 1 5 4 2 8 6 7 9 7 2 8 9 3 6 1 4 5 9 3 4 7 6 5 2 8 1 1 7 5 2 8 9 3 6 4 6 8 2 3 4 1 5 9 7 10 19 
2 4 7 8 2 3 9 7 5 6 8 9 1 5 4 4 3 6 5 3 1 6 9 7 1 2 8 4 6 9 2 7 5 8 4 3 2 3 1 4 1 8 6 7 9 7 5 8 9 3 6 5 1 2 9 8 4 7 8 6 2 3 1 3 7 2 5 1 9 5 6 4 6 1 5 3 4 2 7 9 8 23 23 
2 4 9 8 6 3 7 5 6 3 6 7 1 5 4 9 4 8 5 8 1 2 9 7 1 3 2 4 9 6 5 7 2 8 1 3 2 5 3 4 1 8 6 7 9 7 1 8 9 3 6 4 2 5 9 5 4 7 8 6 2 3 1 8 7 3 5 2 9 5 6 4 1 2 6 3 4 1 7 9 8 16 22 
1 4 9 8 6 3 5 2 7 2 8 7 1 5 4 9 3 6 5 3 6 2 9 7 4 1 8 4 9 2 6 7 1 8 5 3 3 1 5 4 2 8 6 7 9 7 6 8 9 3 5 1 4 2 9 3 4 7 8 6 2 5 1 8 7 2 5 1 9 3 6 4 6 5 1 3 4 2 7 9 8 5 18 
6 4 7 8 2 3 1 2 5 3 8 9 1 5 4 9 3 7 5 1 2 6 9 7 4 8 6 1 9 4 6 7 5 8 1 3 2 5 3 4 1 8 6 7 9 7 6 8 9 3 2 5 4 2 9 3 4 7 6 5 2 5 1 8 7 1 2 8 9 3 6 4 2 6 5 3 4 1 7 9 8 14 21 
1 4 7 8 6 3 9 3 5 2 8 9 1 5 4 7 2 6 5 6 3 2 9 7 4 1 8 4 9 6 6 7 5 8 1 3 3 2 5 4 1 8 6 7 9 7 1 8 9 3 2 4 5 2 9 3 4 7 8 6 2 8 1 8 7 2 5 1 9 3 6 4 6 5 1 3 4 2 5 9 7 11 19 
1 4 7 8 6 3 5 3 2 2 9 6 1 5 4 9 8 7 5 8 3 2 9 7 4 1 6 4 1 9 6 7 5 8 2 3 3 2 5 4 1 8 6 7 9 7 6 8 9 3 2 1 4 5 9 3 4 7 8 6 2 5 1 8 7 1 5 2 9 3 6 4 6 5 2 3 4 1 7 9 8 3 17 
1 4 9 8 6 3 5 7 2 2 6 7 1 5 4 9 3 8 5 8 3 2 9 7 1 4 6 4 9 6 5 7 1 8 2 3 3 5 1 4 2 8 6 7 9 7 2 8 9 3 6 4 1 5 9 3 4 7 8 6 2 5 1 8 7 5 2 1 9 3 6 4 6 1 2 3 4 5 7 9 8 5 17 
6 4 9 8 6 3 9 5 7 2 8 7 1 5 4 3 8 6 5 1 3 2 9 7 1 4 2 4 9 1 5 7 6 8 4 3 3 2 5 4 1 8 6 7 9 7 6 8 9 3 2 5 1 2 9 3 4 7 8 6 2 5 1 1 7 5 2 1 9 3 6 4 8 6 2 3 4 5 7 9 8 19 22 
2 4 7 8 6 3 1 5 7 8 9 6 1 5 4 9 3 6 5 1 3 2 9 7 4 2 8 4 2 9 6 7 1 8 5 3 3 5 1 4 2 8 6 7 9 7 6 8 9 3 5 4 1 2 9 3 4 7 6 5 2 3 1 1 7 2 2 8 9 5 6 4 6 8 5 3 4 1 7 9 8 16 21 
2 4 7 8 6 3 9 5 6 8 9 6 1 5 4 7 3 2 5 3 1 2 9 7 4 1 8 4 2 6 5 7 6 8 4 3 3 5 9 4 1 8 6 7 9 7 1 8 9 3 2 1 5 2 9 3 4 7 8 6 2 8 1 2 7 5 5 1 9 3 6 4 8 6 1 3 4 2 7 9 5 22 22 
3 4 7 8 2 3 9 5 6 6 2 9 1 5 4 7 3 8 5 8 1 6 9 7 1 4 2 4 9 6 5 7 2 8 1 3 2 5 3 4 1 8 6 7 9 7 1 8 9 3 6 4 2 5 9 3 4 7 6 5 2 8 1 1 7 5 2 8 9 3 6 4 8 6 2 3 4 1 5 9 7 3 16 
2 4 1 8 6 3 9 5 7 6 9 7 1 5 4 3 8 2 5 8 3 2 9 7 1 4 6 4 2 9 6 7 5 8 1 3 3 1 5 4 2 8 6 7 9 7 6 8 9 3 1 4 2 5 9 3 4 7 8 6 2 5 1 8 7 2 5 1 9 3 6 4 1 5 6 3 4 2 7 9 8 3 16 
1 4 6 8 2 3 9 5 7 8 9 7 1 5 4 3 4 2 5 2 3 6 9 7 1 8 6 4 1 9 5 7 6 8 2 3 2 3 5 4 1 8 6 7 9 7 6 8 9 3 2 4 1 5 9 8 4 7 6 5 2 3 1 3 7 1 2 8 9 5 6 4 6 5 2 3 4 1 7 9 8 3 16 
2 4 9 8 6 3 5 1 7 3 6 7 1 5 4 9 8 2 5 8 1 2 9 7 4 3 6 4 9 6 6 7 1 8 2 3 1 5 3 4 2 8 6 7 9 7 2 8 9 3 5 1 4 5 9 5 4 7 8 6 2 5 1 8 7 3 5 1 9 3 6 4 1 2 6 3 4 2 7 9 8 11 19 
1 4 7 8 2 3 9 5 6 2 8 9 1 5 4 4 3 7 5 6 3 6 9 7 1 2 8 4 9 6 5 7 2 8 1 3 3 2 5 4 1 8 6 7 9 7 1 8 9 3 6 5 4 2 9 3 4 7 6 5 2 8 1 8 7 1 2 8 9 3 6 4 6 5 2 3 4 1 7 9 5 5 17 
6 4 9 8 2 3 1 5 7 2 8 7 1 5 4 9 3 6 5 3 1 6 9 7 4 8 2 4 9 6 5 7 2 8 1 3 3 2 5 4 1 8 6 7 9 7 1 8 9 3 6 5 4 2 9 6 4 7 8 5 2 3 1 8 7 3 2 1 9 5 6 4 1 5 2 3 4 6 7 9 8 6 18 
6 4 9 8 6 3 5 2 7 2 8 7 1 5 4 9 3 6 5 3 1 2 9 7 1 4 8 4 9 2 6 7 5 8 1 3 3 1 5 4 2 8 6 7 9 7 6 8 9 3 1 4 5 2 9 5 4 7 8 6 2 8 1 1 7 3 5 2 9 3 6 4 8 2 6 3 4 1 7 9 5 7 17 
1 4 7 8 6 3 9 5 2 6 9 2 1 5 4 7 3 8 5 8 3 2 9 7 1 4 6 4 2 9 6 7 5 8 1 3 3 5 1 4 2 8 6 7 9 7 6 8 9 3 1 4 2 5 9 3 4 7 8 6 2 8 1 2 7 5 5 1 9 3 6 4 8 1 6 3 4 2 5 9 7 3 16 
1 4 6 8 6 3 7 5 9 8 9 7 1 5 4 3 2 6 5 2 3 2 9 7 1 4 8 4 6 9 5 7 2 8 1 3 3 5 2 4 1 8 6 7 9 7 1 8 9 3 6 5 4 2 9 3 4 7 8 6 2 8 1 1 7 5 5 2 9 3 6 4 6 8 2 3 4 1 5 9 7 13 20 
2 4 7 8 6 3 9 1 5 8 9 6 1 5 4 3 2 7 5 3 1 2 9 7 4 8 6 4 2 9 6 7 1 8 5 3 1 5 3 4 2 8 6 7 9 7 6 8 9 3 5 1 4 2 9 8 4 7 8 6 2 3 1 3 7 2 5 1 9 5 6 4 6 1 5 3 4 2 7 9 8 3 15 
6 4 7 8 2 3 1 5 2 2 3 9 1 5 4 9 7 8 5 8 1 6 9 7 4 3 6 4 9 1 5 7 6 8 2 3 3 5 2 4 1 8 6 7 9 7 6 8 9 3 2 4 1 5 9 3 4 7 6 5 2 8 1 1 7 5 2 8 9 3 6 4 8 2 6 3 4 1 5 9 7 8 18 
1 4 7 8 6 3 9 5 2 8 9 2 1 5 4 7 3 6 5 3 6 2 9 7 4 1 8 4 1 9 6 7 5 8 2 3 3 2 5 4 1 8 6 7 9 7 6 8 9 3 2 1 4 5 9 5 4 7 8 6 2 8 1 2 7 3 5 2 9 3 6 4 6 8 1 3 4 1 5 9 7 5 16 
3 4 2 8 6 3 9 5 7 8 9 7 1 5 4 3 2 6 5 1 6 2 9 7 1 4 8 4 2 9 6 7 5 8 1 3 1 3 5 4 2 8 6 7 9 7 6 8 9 3 1 4 5 2 9 5 4 7 8 6 2 3 1 8 7 3 5 1 9 5 6 4 2 6 1 3 4 2 7 9 8 9 18 
6 4 7 8 2 3 9 1 5 3 8 9 1 5 4 7 2 6 5 1 2 6 9 7 4 3 8 4 1 9 5 7 2 8 4 3 3 2 5 4 1 8 6 7 9 7 6 8 9 3 6 1 5 2 9 8 4 7 6 5 2 8 1 1 7 3 2 8 9 3 6 4 2 5 6 3 4 1 5 9 7 10 18 
2 4 9 8 6 3 1 7 5 6 8 7 1 5 4 9 3 2 5 1 3 2 9 7 4 8 6 4 9 6 6 7 5 8 1 3 3 5 1 4 2 8 6 7 9 7 2 8 9 3 1 5 4 2 9 3 4 7 8 6 2 5 1 8 7 2 5 1 9 3 6 4 1 6 5 3 4 2 7 9 8 5 16 
2 4 7 8 2 3 9 5 6 6 8 9 1 5 4 7 3 2 5 1 3 6 9 7 1 4 8 4 9 1 5 7 6 8 2 3 3 5 2 4 1 8 6 7 9 7 6 8 9 3 2 4 1 5 9 3 4 7 6 5 2 8 1 1 7 5 2 8 9 3 6 4 8 2 6 3 4 1 5 9 7 3 13 
1 4 9 8 2 3 5 2 7 3 8 7 1 5 4 9 3 6 5 2 6 6 9 7 1 4 8 4 9 1 6 7 2 8 5 3 2 5 3 4 1 8 6 7 9 7 6 8 9 3 5 4 1 2 9 3 4 7 6 5 2 8 1 8 7 5 2 8 9 3 6 4 6 1 2 3 4 1 7 9 5 8 17 
1 4 7 8 2 3 9 2 5 8 6 9 1 5 4 7 3 6 5 3 2 6 9 7 1 4 8 4 9 6 2 7 5 8 1 3 3 2 5 4 1 8 6 7 9 7 1 8 9 3 6 5 4 2 9 5 4 7 8 6 2 5 1 2 7 3 5 1 9 3 6 4 6 8 1 3 4 2 7 9 8 11 18 
2 4 9 8 6 3 7 1 5 6 8 7 1 5 4 3 2 9 5 1 3 2 9 7 4 8 6 4 9 6 5 7 1 8 4 3 3 5 1 4 2 8 6 7 9 7 2 8 9 3 6 1 5 2 9 3 4 7 6 5 2 8 1 8 7 5 2 8 9 3 6 4 1 6 2 3 4 1 5 9 7 11 18 
2 4 9 8 6 3 7 1 5 6 3 7 1 5 4 9 8 2 5 8 1 2 9 7 3 4 6 4 9 6 5 7 2 8 2 3 3 1 5 4 1 8 6 7 9 7 2 8 9 3 6 1 4 5 9 6 4 7 6 5 2 3 1 1 7 3 2 8 9 5 6 4 8 5 2 3 4 1 7 9 8 10 17 
1 4 7 8 2 3 9 5 6 2 9 6 1 5 4 7 3 8 5 8 3 6 9 7 1 4 2 4 6 9 5 7 2 8 1 3 3 5 2 4 1 8 6 7 9 7 1 8 9 3 6 4 2 5 9 3 4 7 6 5 2 8 1 8 7 5 2 8 9 3 6 4 6 2 1 3 4 1 5 9 7 3 13 
6 4 9 8 2 3 1 5 7 8 3 7 1 5 4 9 4 2 5 1 2 6 9 7 3 8 6 4 6 9 5 7 2 8 1 3 3 2 5 4 1 8 6 7 9 7 1 8 9 3 6 4 2 5 9 8 4 7 6 5 2 3 1 1 7 3 2 8 9 5 6 4 2 5 6 3 4 1 7 9 8 5 16 
1 4 2 8 6 3 5 3 7 8 9 7 1 5 4 9 2 8 5 3 6 2 9 7 4 1 6 4 1 9 6 7 2 8 5 3 3 2 5 4 1 8 6 7 9 7 6 8 9 3 5 4 1 2 9 5 4 7 6 5 2 8 1 2 7 3 2 8 9 3 6 4 6 8 1 3 4 1 7 9 5 14 20 
6 4 7 8 2 3 9 1 5 3 8 9 1 5 4 7 2 6 5 1 2 6 9 7 4 3 8 4 9 1 5 7 2 8 4 3 2 5 3 4 1 8 6 7 9 7 6 8 9 3 6 1 5 2 9 3 4 7 6 5 2 8 1 1 7 5 2 8 9 3 6 4 8 2 6 3 4 1 5 9 7 3 9 
6 4 9 8 6 3 5 1 2 2 8 7 1 5 4 9 3 7 5 1 3 2 9 7 4 8 6 4 9 1 6 7 5 8 2 3 3 2 5 4 2 8 6 7 9 7 6 8 9 3 1 1 4 5 9 3 4 7 8 6 2 5 1 8 7 2 5 1 9 3 6 4 1 5 6 3 4 2 7 9 8 5 14 
6 4 1 8 6 3 7 2 5 2 9 7 1 5 4 9 3 8 5 8 3 2 9 7 1 4 6 4 1 9 6 7 2 8 5 3 3 5 2 4 1 8 6 7 9 7 6 8 9 3 5 4 1 2 9 3 4 7 6 5 2 8 1 1 7 5 2 8 9 3 6 4 8 2 6 3 4 1 5 9 7 6 16 
1 4 9 8 6 3 7 2 5 6 2 7 1 5 4 9 3 8 5 8 3 2 9 7 4 1 6 4 9 2 6 7 1 8 5 3 3 5 1 4 2 8 6 7 9 7 6 8 9 3 5 1 4 2 9 3 4 7 8 6 2 8 1 2 7 5 5 1 9 3 6 4 8 1 6 3 4 2 5 9 7 3 8 
1 4 7 8 6 3 5 3 2 6 9 2 1 5 4 9 8 7 5 8 3 2 9 7 1 4 6 4 1 9 6 7 5 8 2 3 3 2 5 4 1 8 6 7 9 7 6 8 9 3 2 4 1 5 9 3 4 7 8 6 2 5 1 8 7 1 5 2 9 3 6 4 2 5 6 3 4 1 7 9 8 3 8 
1 4 7 8 2 3 9 5 6 6 2 9 1 5 4 7 3 8 5 8 3 6 9 7 1 4 2 4 9 1 5 7 6 8 2 3 3 5 2 4 1 8 6 7 9 7 6 8 9 3 2 4 1 5 9 3 4 7 6 5 2 8 1 2 7 5 2 8 9 3 6 4 8 1 6 3 4 1 5 9 7 3 7 
1 4 9 8 6 3 5 7 2 2 8 7 1 5 4 9 3 6 5 6 3 2 9 7 1 4 8 4 9 6 5 7 2 8 2 3 3 5 2 4 1 8 6 7 9 7 1 8 9 3 6 4 1 5 9 3 4 7 8 6 2 8 1 1 7 5 5 2 9 3 6 4 8 2 6 3 4 1 5 9 7 11 18 
6 4 7 8 2 3 9 5 2 3 8 9 1 5 4 7 4 6 5 2 1 6 9 7 1 3 8 4 9 6 5 7 2 8 1 3 2 5 3 4 1 8 6 7 9 7 1 8 9 3 6 4 2 5 9 3 4 7 6 5 2 8 1 1 7 5 2 8 9 3 6 4 8 6 2 3 4 1 5 9 7 4 9 
1 4 7 8 6 3 9 2 5 2 6 9 1 5 4 3 8 7 5 8 3 2 9 7 1 4 6 4 9 6 5 7 6 8 1 3 3 5 1 4 2 8 6 7 9 7 2 8 9 3 1 5 4 2 9 3 4 7 6 5 2 8 1 8 7 5 2 8 9 3 6 4 6 1 2 3 4 1 7 9 5 12 18 

