MonoObjective Genetic Algorithm
Number of Evaluations = 0
Mutation Probability = 0.0100000000000000002
Crossover Probability = 0.5
Population Size = 100
Survival Selection Type = 16

Time =  300.130873000000008

Current Evaluation = 94300
Front Size = 100
6 4 9 8 2 3 1 5 7 3 8 7 1 5 4 9 2 6 5 2 1 6 9 7 4 3 8 4 9 6 5 7 2 8 1 3 2 5 3 4 1 8 6 7 9 7 1 8 9 3 6 5 4 2 9 3 4 7 6 5 2 8 1 1 7 5 2 8 9 3 6 4 8 6 2 3 4 1 7 9 5 1 18 
1 4 7 8 6 3 9 2 5 2 9 6 1 5 4 3 8 7 5 8 3 2 9 7 1 4 6 4 2 9 6 7 1 8 5 3 3 1 5 4 2 8 6 7 9 7 6 8 9 3 5 4 1 2 9 3 4 7 8 6 2 3 1 8 7 2 5 1 9 5 6 4 6 5 1 3 4 2 7 9 8 3 44 
1 4 7 8 6 3 5 1 9 6 8 9 1 5 4 3 7 2 5 3 2 2 9 7 4 8 6 4 9 1 6 7 5 8 2 3 3 2 5 4 1 8 6 7 9 7 6 8 9 3 2 1 4 5 9 5 4 7 8 6 2 8 1 8 7 3 5 2 9 3 6 4 2 1 6 3 4 1 5 9 7 11 33 
1 4 7 8 2 3 9 5 6 8 9 2 1 5 4 3 4 7 5 3 6 6 9 7 1 8 2 4 1 9 5 7 6 8 2 3 2 5 3 4 1 8 6 7 9 7 6 8 9 3 2 4 1 5 9 8 4 7 6 5 2 3 1 3 7 1 2 8 9 5 6 4 6 2 5 3 4 1 7 9 8 3 31 
2 4 9 8 6 3 5 1 7 3 6 7 1 5 4 9 8 2 5 8 1 2 9 7 4 3 6 4 9 6 5 7 1 8 2 3 1 5 3 4 2 8 6 7 9 7 2 8 9 3 6 1 4 5 9 3 4 7 8 6 2 5 1 8 7 2 5 1 9 3 6 4 6 1 5 3 4 2 7 9 8 3 29 
2 4 9 8 6 3 1 7 5 8 3 7 1 5 4 9 2 6 5 1 6 2 9 7 3 4 8 4 9 2 6 7 5 8 1 3 1 5 3 4 2 8 6 7 9 7 6 8 9 3 1 4 5 2 9 8 4 7 8 6 2 3 1 3 7 5 2 1 9 5 6 4 6 2 1 3 4 5 7 9 8 7 29 
1 4 7 8 6 3 9 2 5 2 6 9 1 5 4 7 3 8 5 8 3 2 9 7 1 4 6 6 9 4 5 7 2 8 1 3 3 5 2 4 1 8 6 7 9 7 1 8 9 3 6 4 5 2 9 3 4 7 6 5 2 8 1 1 7 5 2 8 9 3 6 4 8 2 6 3 4 1 5 9 7 5 28 
6 4 1 8 2 3 9 5 7 3 9 7 1 5 4 3 8 2 5 8 2 6 9 7 1 4 6 4 6 9 5 7 2 8 1 3 2 3 5 4 1 8 6 7 9 7 1 8 9 3 6 4 2 5 9 5 4 7 8 6 2 3 1 8 7 3 2 1 9 5 6 4 1 2 6 3 4 5 7 9 8 5 28 
3 4 7 8 6 3 9 1 5 8 2 9 1 5 4 3 2 7 5 6 1 2 9 7 4 8 6 4 9 6 5 7 2 8 1 3 2 3 5 4 1 8 6 7 9 7 1 8 9 3 6 4 5 2 9 8 4 7 8 6 2 3 1 1 7 3 5 2 9 5 6 4 6 5 2 3 4 1 7 9 8 10 27 
1 4 9 8 2 3 5 3 9 8 6 7 1 5 4 4 7 6 5 3 2 6 9 7 1 8 2 4 1 6 6 7 2 8 9 3 2 9 3 4 1 8 6 5 7 7 5 8 9 3 5 1 4 2 9 5 4 7 8 5 2 7 1 2 7 3 2 1 9 3 6 4 1 8 6 3 4 6 5 9 8 128 32 
2 4 9 8 6 3 5 1 7 6 3 7 1 5 4 9 8 2 5 8 1 2 9 7 4 3 6 4 1 9 6 7 2 8 5 3 3 2 5 4 1 8 6 7 9 7 6 8 9 3 5 1 4 2 9 8 4 7 6 5 2 3 1 1 7 3 2 8 9 5 6 4 2 5 6 3 4 1 7 9 8 10 27 
6 4 7 8 2 3 9 1 5 2 9 3 1 5 4 7 8 6 5 8 1 6 9 7 4 3 2 4 9 2 6 7 5 8 1 3 1 5 3 4 2 8 6 7 9 7 6 8 9 3 1 4 2 5 9 3 4 7 6 5 2 5 1 8 7 1 2 8 9 3 6 4 2 5 6 3 4 1 7 9 8 16 28 
1 4 9 8 6 3 3 5 2 6 2 7 1 5 4 9 7 6 5 8 3 2 9 7 4 1 8 4 2 1 6 7 1 8 2 3 3 5 9 4 2 8 6 1 7 7 6 8 9 3 5 4 5 9 9 3 4 7 8 5 2 7 1 8 7 5 2 1 9 3 6 4 1 6 2 3 4 6 5 9 8 123 31 
1 4 7 8 6 3 9 5 2 2 8 9 1 5 4 7 3 6 5 3 6 2 9 7 1 4 8 4 9 2 6 7 5 8 1 3 3 1 5 4 2 8 6 7 9 7 6 8 9 3 1 4 2 5 9 5 4 7 8 6 2 8 1 8 7 3 5 1 9 3 6 4 6 2 1 3 4 2 5 9 7 4 23 
2 4 7 8 2 3 9 5 6 8 9 6 1 5 4 7 3 2 5 1 3 6 9 7 1 4 8 4 6 9 5 7 1 8 2 3 3 5 1 4 2 8 6 7 9 7 2 8 9 3 6 4 1 5 9 3 4 7 6 5 2 8 1 1 7 5 2 8 9 3 6 4 6 8 2 3 4 1 5 9 7 5 24 
6 4 9 8 2 3 5 1 7 2 8 7 1 5 4 9 3 6 5 1 3 6 9 7 4 8 2 4 9 1 5 7 6 8 2 3 3 2 5 4 1 8 6 7 9 7 6 8 9 3 2 1 4 5 9 5 4 7 8 6 2 3 1 1 7 3 2 1 9 5 6 4 8 2 6 3 4 5 7 9 8 9 25 
2 4 7 8 6 3 9 1 5 6 8 9 1 5 4 3 2 7 5 3 1 2 9 7 4 8 6 4 9 2 6 7 1 8 5 3 3 1 5 4 2 8 6 7 9 7 6 8 9 3 5 1 4 2 9 5 4 7 8 6 2 3 1 8 7 3 2 1 9 5 6 4 1 2 6 3 4 5 7 9 8 3 21 
1 4 9 8 6 3 7 5 6 6 8 7 1 5 4 9 3 2 5 3 2 2 9 7 1 4 8 4 1 9 6 7 5 8 2 3 2 3 5 4 1 8 6 7 9 7 6 8 9 3 2 4 1 5 9 5 4 7 8 6 2 3 1 3 7 1 5 2 9 5 6 4 8 2 6 3 4 1 7 9 8 10 24 
1 4 2 8 6 3 9 7 5 6 9 7 1 5 4 3 8 2 5 8 3 2 9 7 4 1 6 4 6 9 5 7 1 8 4 3 3 5 1 4 2 8 6 7 9 7 2 8 9 3 6 5 1 2 9 3 4 7 8 6 2 5 1 8 7 5 2 1 9 3 6 4 2 1 6 3 4 5 7 9 8 9 23 
2 4 6 8 2 3 5 1 7 8 9 7 1 5 4 9 3 6 5 3 1 6 9 7 4 2 8 4 2 9 6 7 5 8 1 3 3 1 5 4 1 8 6 7 9 7 6 8 9 3 2 4 5 2 9 5 4 7 6 5 2 8 1 1 7 3 2 8 9 3 6 4 6 8 2 3 4 1 7 9 5 11 24 
6 4 9 8 2 3 1 5 7 3 8 7 1 5 4 9 4 6 5 1 2 6 9 7 3 8 2 4 2 9 6 7 1 8 2 3 3 1 5 4 2 8 6 7 9 7 6 8 9 3 5 4 1 5 9 8 4 7 8 6 2 8 1 3 7 1 5 2 9 3 6 4 2 6 5 3 4 1 5 9 7 26 26 
1 4 9 8 2 3 7 2 5 6 2 7 1 5 4 9 3 8 5 8 3 6 9 7 4 1 6 4 9 2 6 7 1 8 5 3 3 1 5 4 2 8 6 7 9 7 6 8 9 3 5 1 4 2 9 3 4 7 6 5 2 8 1 8 7 5 2 8 9 3 6 4 6 2 1 3 4 1 5 9 7 12 25 
1 4 7 8 2 3 5 7 9 6 9 2 1 5 4 3 8 6 5 8 3 6 9 7 1 4 2 6 5 4 5 7 2 8 1 3 2 3 9 4 1 8 6 2 7 7 1 8 9 3 6 9 4 5 9 3 4 7 8 6 2 8 1 2 7 1 2 1 9 3 6 4 8 6 5 3 4 5 7 9 5 122 27 
6 4 9 8 2 3 7 5 2 8 2 7 1 5 4 9 3 6 5 3 1 6 9 7 4 1 8 4 9 6 5 7 1 8 2 3 3 1 5 4 2 8 6 7 9 7 2 8 9 3 6 1 4 5 9 8 4 7 6 5 2 3 1 1 7 3 2 8 9 5 6 4 6 5 2 3 4 1 7 9 8 10 23 
6 4 7 8 2 3 1 5 9 8 3 9 1 5 4 7 4 2 5 2 1 6 9 7 3 8 6 4 9 6 5 7 2 8 1 3 3 2 5 4 1 8 6 7 9 7 1 8 9 3 6 4 5 2 9 5 4 7 8 6 2 8 1 1 7 3 2 1 9 3 6 4 2 8 6 3 4 5 5 9 7 16 25 
1 4 7 8 2 3 9 5 6 6 2 9 1 5 4 3 8 7 5 8 3 6 9 7 1 4 2 4 9 2 5 7 6 8 1 3 3 5 1 4 2 8 6 7 9 7 6 8 9 3 1 4 2 5 9 3 4 7 8 6 2 3 1 8 7 5 2 1 9 5 6 4 2 1 6 3 4 5 7 9 8 5 22 
2 4 7 8 6 3 5 1 7 8 3 9 1 5 4 9 2 6 5 1 6 2 9 7 3 4 8 6 2 4 5 7 1 8 5 3 3 9 1 4 2 8 6 7 9 7 5 8 9 3 6 4 1 2 9 8 4 7 6 5 2 3 1 3 7 5 2 8 9 5 6 4 1 6 2 3 4 1 7 9 8 15 24 
2 4 9 8 6 3 5 7 2 8 3 7 1 5 4 9 3 6 5 1 6 2 9 7 1 4 8 4 9 5 6 7 2 8 1 3 3 2 1 4 1 8 6 7 9 7 6 8 9 3 5 4 2 5 9 8 4 7 8 6 2 5 1 1 7 3 5 2 9 3 6 4 6 5 2 3 4 1 7 9 8 10 22 
2 4 9 8 2 3 5 1 6 8 6 7 1 5 4 9 3 7 5 1 3 6 9 7 4 2 8 4 9 6 5 7 2 8 5 3 3 2 1 4 1 8 6 7 9 7 5 8 9 3 6 1 4 2 9 3 4 7 8 6 2 8 1 1 7 5 2 1 9 3 6 4 6 8 2 3 4 5 7 9 5 10 22 
6 4 7 8 2 3 1 5 9 3 8 9 1 5 4 3 2 7 5 2 1 6 9 7 4 8 6 4 1 5 5 7 6 8 2 3 2 9 3 4 1 8 6 7 9 7 6 8 9 3 2 4 1 5 9 5 4 7 8 6 2 3 1 8 7 3 2 1 9 5 6 4 1 6 2 3 4 5 7 9 8 12 22 
2 4 7 8 6 3 5 1 6 8 9 3 1 5 4 9 2 7 5 1 6 2 9 7 3 4 8 4 6 9 6 7 2 8 5 3 1 3 5 4 1 8 6 7 9 7 2 8 9 3 5 1 4 2 9 8 4 7 8 6 2 3 1 3 7 1 5 2 9 5 6 4 2 5 6 3 4 1 7 9 8 13 22 
2 4 9 8 6 3 1 5 7 6 3 7 1 5 4 9 8 2 5 8 1 2 9 7 3 4 6 4 9 6 5 7 1 8 2 3 3 1 5 4 2 8 6 7 9 7 2 8 9 3 6 4 1 5 9 6 4 7 8 5 2 3 1 8 7 3 2 1 9 5 6 4 1 5 2 3 4 6 7 9 8 3 21 
2 4 7 8 6 3 9 1 5 6 9 3 1 5 4 7 2 8 5 8 1 2 9 7 4 3 6 4 2 9 6 7 5 8 1 3 3 1 5 4 2 8 6 7 9 7 6 8 9 3 1 5 4 2 9 3 4 7 8 6 2 8 1 8 7 2 5 1 9 3 6 4 1 5 6 3 4 2 5 9 7 5 21 
1 4 9 8 2 3 7 5 6 6 8 7 1 5 4 9 3 2 5 2 3 6 9 7 1 4 8 4 9 6 5 7 2 8 1 3 3 5 2 4 1 8 6 7 9 7 1 8 9 3 6 4 2 5 9 3 4 7 6 5 2 8 1 8 7 1 2 8 9 3 6 4 2 6 5 3 4 1 5 9 7 3 20 
1 4 2 8 6 3 5 3 7 6 9 7 1 5 4 9 8 2 5 8 3 2 9 7 1 4 6 4 6 9 2 7 5 8 1 3 3 2 5 4 1 8 6 7 9 7 1 8 9 3 6 4 2 5 9 3 4 7 8 6 2 5 1 8 7 1 5 2 9 3 6 4 2 5 6 3 4 1 7 9 8 5 21 
1 4 7 8 2 3 9 3 5 2 6 9 1 5 4 4 8 7 5 8 3 6 9 7 1 2 6 4 2 9 6 7 5 8 1 3 3 1 5 4 1 8 6 7 9 7 6 8 9 3 2 5 4 2 9 3 4 7 6 5 2 5 1 8 7 1 2 8 9 3 6 4 6 2 5 3 4 1 7 9 8 14 23 
1 4 7 8 6 3 5 2 7 6 9 2 1 5 4 9 3 8 5 8 3 2 9 7 4 1 6 4 1 9 6 7 2 8 5 3 3 2 5 4 1 8 6 7 9 7 6 8 9 3 5 1 4 2 9 5 4 7 8 6 2 8 1 3 7 1 5 2 9 3 6 4 8 2 6 3 4 1 7 9 5 7 21 
2 4 7 8 6 3 9 1 5 8 3 9 1 5 4 7 2 6 5 1 6 2 9 7 4 3 8 4 9 1 6 7 2 8 5 3 3 2 5 4 1 8 6 7 9 7 6 8 9 3 5 1 4 2 9 5 4 7 8 6 2 8 1 1 7 3 5 2 9 3 6 4 6 8 2 3 4 1 5 9 7 3 20 
6 4 7 8 2 3 9 1 5 8 9 3 1 5 4 7 2 6 5 2 1 6 9 7 4 3 8 4 1 9 5 7 6 8 2 3 3 5 2 4 1 8 6 7 9 7 6 8 9 3 2 1 4 5 9 3 4 7 6 5 2 8 1 1 7 5 2 8 9 3 6 4 2 8 6 3 4 1 5 9 7 3 20 
3 4 7 8 6 3 9 5 2 2 6 9 1 5 4 3 8 7 5 8 1 2 9 7 4 1 6 4 9 6 5 7 1 8 2 3 1 3 5 4 2 8 6 7 9 7 2 8 9 3 6 1 4 5 9 5 4 7 8 6 2 3 1 8 7 3 2 1 9 5 6 4 6 1 2 3 4 5 7 9 8 5 19 
1 4 7 8 6 3 9 2 5 8 2 9 1 5 4 7 3 6 5 6 3 2 9 7 1 4 8 4 9 6 2 7 5 8 1 3 2 3 5 4 1 8 6 7 9 7 1 8 9 3 6 4 5 2 9 5 4 7 8 6 2 8 1 3 7 1 5 2 9 3 6 4 6 8 2 3 4 1 5 9 7 5 19 
1 4 7 8 6 3 9 5 2 2 9 6 1 5 4 3 8 7 5 8 3 2 9 7 1 4 6 4 1 9 6 7 5 8 2 3 3 5 2 4 1 8 6 7 9 7 6 8 9 3 2 4 1 5 9 3 4 7 8 6 2 5 1 8 7 1 5 2 9 3 6 4 6 2 5 3 4 1 7 9 8 3 17 
1 4 7 8 2 3 9 5 6 3 2 9 1 5 4 7 4 8 5 8 6 6 9 7 1 3 2 4 9 1 5 7 6 8 2 3 2 5 3 4 1 8 6 7 9 7 6 8 9 3 2 4 1 5 9 3 4 7 6 5 2 8 1 8 7 5 2 8 9 3 6 4 6 1 2 3 4 1 5 9 7 5 18 
2 4 7 8 2 3 1 5 6 6 3 9 1 5 4 9 8 7 5 8 1 6 9 7 3 4 2 4 1 9 6 7 5 8 2 3 3 5 2 4 2 8 6 7 9 7 6 8 9 3 1 4 1 5 9 5 4 7 6 5 2 8 1 1 7 3 2 8 9 3 6 4 8 6 2 3 4 1 7 9 5 18 23 
2 4 9 8 2 3 9 1 5 8 6 7 1 5 4 3 7 6 5 1 3 6 9 7 4 8 2 4 9 6 6 7 1 8 5 3 3 5 1 4 2 8 6 7 9 7 2 8 9 3 5 4 1 2 9 8 4 7 8 6 2 3 1 1 7 3 5 1 9 5 6 4 2 5 6 3 4 2 7 9 8 21 23 
1 4 9 8 2 3 1 5 9 8 6 7 1 5 4 3 2 7 5 3 2 6 9 7 4 8 6 4 9 6 5 7 2 8 4 3 2 3 5 4 1 8 6 7 9 7 1 8 9 3 6 1 5 2 9 8 4 7 6 5 2 8 1 3 7 5 2 8 9 3 6 4 6 2 1 3 4 1 5 9 7 18 22 
2 4 9 8 6 3 5 1 7 6 8 7 1 5 4 9 3 2 5 1 3 2 9 7 4 8 6 4 9 1 6 7 5 8 2 3 2 5 3 4 1 8 6 7 9 7 6 8 9 3 2 1 4 5 9 3 4 7 6 5 2 5 1 8 7 5 2 8 9 3 6 4 1 2 6 3 4 1 7 9 8 9 21 
1 4 7 8 6 3 9 1 5 2 8 9 1 5 4 3 7 2 5 6 3 2 9 7 4 8 6 4 9 6 5 7 1 8 2 3 3 1 5 4 2 8 6 7 9 7 2 8 9 3 6 1 4 5 9 3 4 7 6 5 2 5 1 8 7 2 2 8 9 3 6 4 6 5 1 3 4 1 7 9 8 14 21 
2 4 7 8 6 3 1 5 6 3 6 9 1 5 4 9 7 2 5 8 1 2 9 7 3 4 8 4 2 6 6 7 5 8 1 3 3 9 5 4 2 8 6 7 9 7 1 8 9 3 1 5 4 2 9 5 4 7 8 6 2 8 1 8 7 3 5 1 9 3 6 4 1 6 2 3 4 2 7 9 5 16 21 
2 4 7 8 6 3 5 3 6 3 8 9 1 5 4 9 8 7 5 1 6 2 9 7 1 4 2 4 6 9 5 7 2 8 5 3 3 2 5 4 1 8 6 7 9 7 1 8 9 3 6 1 4 2 9 3 4 7 6 5 2 8 1 8 7 5 2 8 9 3 6 4 6 2 1 3 4 1 5 9 7 24 23 
1 4 6 8 2 3 9 5 7 2 9 7 1 5 4 3 8 6 5 8 3 6 9 7 1 4 2 4 6 9 5 7 2 8 1 3 3 5 2 4 1 8 6 7 9 7 1 8 9 3 6 4 2 5 9 3 4 7 6 5 2 3 1 8 7 1 2 8 9 5 6 4 6 2 5 3 4 1 7 9 8 3 17 
1 4 7 8 2 3 9 5 6 8 9 6 1 5 4 7 3 2 5 3 2 6 9 7 4 1 8 4 1 9 6 7 5 8 2 3 3 2 5 4 1 8 6 7 9 7 6 8 9 3 2 1 4 5 9 5 4 7 8 6 2 8 1 2 7 3 5 1 9 3 6 4 6 8 1 3 4 2 5 9 7 6 20 
1 4 7 8 2 3 9 5 6 6 8 9 1 5 4 3 2 7 5 3 2 6 9 7 4 1 8 4 9 1 5 7 6 8 2 3 3 2 5 4 1 8 6 7 9 7 6 8 9 3 2 1 4 5 9 5 4 7 8 6 2 3 1 8 7 3 2 1 9 5 6 4 2 1 6 3 4 5 7 9 8 5 17 
6 4 9 8 6 3 5 1 7 2 8 7 1 5 4 9 3 6 5 1 3 2 9 7 4 2 8 4 9 1 6 7 2 8 5 3 3 5 2 4 1 8 6 7 9 7 6 8 9 3 5 1 4 2 9 3 4 7 8 6 2 8 1 1 7 5 5 2 9 3 6 4 8 2 6 3 4 1 7 9 5 5 17 
2 4 9 8 2 3 7 5 6 6 8 7 1 5 4 9 3 2 5 1 3 6 9 7 4 1 8 4 9 1 5 7 6 8 2 3 3 5 2 4 1 8 6 7 9 7 6 8 9 3 2 1 4 5 9 3 4 7 6 5 2 8 1 1 7 5 2 8 9 3 6 4 8 2 6 3 4 1 5 9 7 3 16 
1 4 9 8 6 3 5 2 7 6 2 7 1 5 4 3 8 9 5 8 3 2 9 7 1 4 6 4 9 2 6 7 5 8 1 3 1 3 5 4 2 8 6 7 9 7 6 8 9 3 1 4 5 2 9 5 4 7 8 6 2 3 1 8 7 3 5 1 9 5 6 4 2 1 6 3 4 2 7 9 8 7 20 
1 4 7 8 2 3 1 2 5 6 8 9 1 5 4 9 3 7 5 2 3 6 9 7 4 8 6 4 1 9 2 7 5 8 1 3 3 5 2 4 1 8 6 7 9 7 6 8 9 3 6 5 4 2 9 5 4 7 8 6 2 5 1 8 7 3 2 1 9 3 6 4 6 2 1 3 4 5 7 9 8 18 21 
6 4 9 8 2 3 1 5 7 2 3 7 1 5 4 9 8 6 5 8 1 6 9 7 3 4 2 4 9 6 5 7 2 8 1 3 3 5 2 4 1 8 6 7 9 7 1 8 9 3 6 4 2 5 9 6 4 7 8 5 2 3 1 8 7 3 2 1 9 5 6 4 1 2 5 3 4 6 7 9 8 3 15 
2 4 9 8 6 3 1 5 7 8 3 7 1 5 4 9 4 2 5 1 6 2 9 7 3 8 6 4 9 1 6 7 5 8 2 3 3 2 5 4 1 8 6 7 9 7 6 8 9 3 2 4 1 5 9 8 4 7 8 6 2 3 1 1 7 3 5 2 9 5 6 4 6 5 2 3 4 1 7 9 8 5 16 
6 4 9 8 6 3 1 2 5 3 2 7 1 5 4 9 8 7 5 8 1 2 9 7 4 3 6 2 9 4 6 7 5 8 1 3 3 1 5 4 2 8 6 7 9 7 6 8 9 3 1 5 4 2 9 3 4 7 8 6 2 5 1 8 7 2 5 1 9 3 6 4 1 5 6 3 4 2 7 9 8 5 16 
1 4 9 8 6 3 5 3 7 2 3 7 1 5 4 9 8 6 5 8 6 2 9 7 4 1 2 4 9 1 6 7 5 8 2 3 3 2 5 4 1 8 6 7 9 7 6 8 9 3 2 1 4 5 9 3 4 7 8 6 2 5 1 8 7 2 5 1 9 3 6 4 6 5 1 3 4 2 7 9 8 7 19 
1 4 9 8 6 3 7 2 5 6 2 7 1 5 4 9 3 8 5 8 3 2 9 7 1 4 6 4 9 2 5 7 6 8 1 3 3 5 1 4 2 8 6 7 9 7 6 8 9 3 1 4 2 5 9 3 4 7 8 6 2 8 1 2 7 5 5 1 9 3 6 4 8 1 6 3 4 2 5 9 7 7 19 
1 4 6 8 2 3 5 1 7 2 9 7 1 5 4 9 3 6 5 8 3 6 9 7 4 8 2 4 2 9 5 7 6 8 4 3 3 5 1 4 2 8 6 7 9 7 6 8 9 3 1 1 2 5 9 3 4 7 8 6 2 5 1 8 7 5 2 1 9 3 6 4 6 1 2 3 4 5 7 9 8 8 20 
6 4 7 8 2 3 9 1 5 3 8 9 1 5 4 7 2 6 5 1 2 6 9 7 4 3 8 4 9 1 2 7 6 8 5 3 2 5 3 4 1 8 6 7 9 7 6 8 9 3 5 1 4 2 9 3 4 7 6 5 2 8 1 1 7 5 2 8 9 3 6 4 8 2 6 3 4 1 5 9 7 3 15 
1 4 7 8 6 3 9 2 5 8 9 3 1 5 4 3 7 6 5 2 6 2 9 7 4 1 8 4 1 9 6 7 2 8 5 3 2 3 5 4 1 8 6 7 9 7 6 8 9 3 5 1 4 2 9 8 4 7 6 5 2 3 1 3 7 1 2 8 9 5 6 4 6 5 2 3 4 1 7 9 8 8 19 
6 4 7 8 2 3 9 1 5 8 9 2 1 5 4 3 7 6 5 3 1 6 9 7 4 8 2 4 1 9 5 7 6 8 2 3 3 2 5 4 1 8 6 7 9 7 6 8 9 3 2 1 4 5 9 8 4 7 6 5 2 3 1 1 7 3 2 8 9 5 6 4 2 5 6 3 4 1 7 9 8 3 15 
1 4 6 8 2 3 5 1 7 3 9 7 1 5 4 9 8 2 5 8 2 6 9 7 4 3 6 4 1 9 5 7 6 8 2 3 2 5 3 4 1 8 6 7 9 7 6 8 9 3 2 1 4 5 9 3 4 7 6 5 2 5 1 8 7 1 2 8 9 3 6 4 6 2 5 3 4 1 7 9 8 6 17 
6 4 9 8 2 3 1 5 7 3 2 7 1 5 4 9 8 6 5 8 1 6 9 7 3 4 2 2 9 4 5 7 6 8 1 3 1 5 3 4 2 8 6 7 9 7 6 8 9 3 1 4 2 5 9 3 4 7 8 6 2 5 1 8 7 5 2 1 9 3 6 4 6 1 2 3 4 5 7 9 8 7 17 
3 4 6 8 2 3 5 1 7 8 9 7 1 5 4 9 3 6 5 2 1 6 9 7 4 2 8 4 1 9 2 7 6 8 5 3 2 5 3 4 1 8 6 7 9 7 6 8 9 3 5 1 4 2 9 3 4 7 8 6 2 8 1 1 7 5 5 2 9 3 6 4 6 8 2 3 4 1 7 9 5 8 17 
2 4 9 8 6 3 7 1 5 8 3 7 1 5 4 3 2 9 5 1 6 2 9 7 4 8 6 4 9 2 5 7 6 8 1 3 3 5 1 4 2 8 6 7 9 7 6 8 9 3 1 5 4 2 9 8 4 7 6 5 2 3 1 1 7 3 2 8 9 5 6 4 6 2 5 3 4 1 7 9 8 10 20 
6 4 7 8 2 3 9 1 5 8 2 9 1 5 4 3 7 6 5 1 3 6 9 7 4 2 8 4 6 9 2 7 5 8 5 3 2 3 1 4 1 8 6 7 9 7 5 8 9 3 6 1 4 2 9 8 4 7 8 6 2 3 1 1 7 3 5 2 9 5 6 4 6 2 5 3 4 1 7 9 8 13 20 
1 4 7 8 6 3 9 2 5 2 9 6 1 5 4 7 3 8 5 8 3 2 9 7 4 1 6 4 2 9 6 7 1 8 5 3 3 5 1 4 2 8 6 7 9 7 6 8 9 3 5 1 4 2 9 3 4 7 8 6 2 8 1 8 7 2 5 1 9 3 6 4 6 1 5 3 4 2 5 9 7 3 15 
3 4 7 8 6 3 1 2 5 8 2 9 1 5 4 9 7 6 5 1 6 2 9 7 4 3 8 4 9 1 5 7 6 8 1 3 2 5 3 4 1 8 6 7 9 7 6 8 9 3 2 5 4 2 9 3 4 7 6 5 2 8 1 1 7 5 2 8 9 3 6 4 6 8 2 3 4 1 5 9 7 9 17 
2 4 9 8 6 3 1 5 7 6 8 7 1 5 4 3 2 9 5 3 1 2 9 7 4 8 6 4 9 6 5 7 2 8 1 3 3 5 2 4 1 8 6 7 9 7 1 8 9 3 6 5 4 2 9 3 4 7 8 5 2 5 1 8 7 1 2 1 9 3 6 4 2 6 5 3 4 6 7 9 8 13 20 
2 4 9 8 6 3 1 5 7 3 8 7 1 5 4 9 2 6 5 1 6 2 9 7 4 3 8 4 9 2 6 7 5 8 1 3 1 5 3 4 2 8 6 7 9 7 6 8 9 3 1 5 4 2 9 3 4 7 8 6 2 8 1 8 7 5 5 1 9 3 6 4 6 2 1 3 4 2 7 9 5 4 15 
2 4 9 8 6 3 9 1 5 6 3 7 1 5 4 4 2 7 5 8 1 2 9 7 3 8 6 1 9 4 6 7 5 8 5 3 3 5 2 4 1 8 6 7 9 7 6 8 9 3 2 1 4 2 9 3 4 7 8 6 2 3 1 8 7 1 5 2 9 5 6 4 2 5 6 3 4 1 7 9 8 14 20 
6 4 9 8 6 3 1 5 7 8 3 7 1 5 4 9 4 6 5 2 1 2 9 7 3 8 2 4 9 6 2 7 5 8 1 3 2 3 5 4 1 8 6 7 9 7 1 8 9 3 6 4 2 5 9 5 4 7 6 5 2 8 1 3 7 1 2 8 9 3 6 4 6 8 2 3 4 1 5 9 7 19 20 
6 4 7 8 2 3 1 5 6 8 3 9 1 5 4 9 4 7 5 1 2 6 9 7 3 2 8 4 9 1 6 7 2 8 5 3 3 2 5 4 1 8 6 7 9 7 6 8 9 3 5 4 1 2 9 8 4 7 6 5 2 8 1 1 7 3 2 8 9 3 6 4 2 5 6 3 4 1 5 9 7 13 19 
1 4 7 8 2 3 1 5 7 6 2 9 1 5 4 9 3 6 5 8 3 6 9 7 4 2 8 4 9 2 5 7 6 8 1 3 3 5 1 4 2 8 6 7 9 7 6 8 9 3 1 5 4 2 9 3 4 7 6 5 2 8 1 1 7 5 2 8 9 3 6 4 8 2 6 3 4 1 7 9 5 10 18 
2 4 7 8 6 3 1 5 9 6 8 9 1 5 4 3 7 2 5 3 1 2 9 7 4 8 6 4 9 6 5 7 2 8 1 3 3 2 5 4 1 8 6 7 9 7 1 8 9 3 6 4 2 5 9 5 4 7 8 6 2 3 1 1 7 3 5 2 9 5 6 4 8 6 2 3 4 1 7 9 8 8 16 
2 4 9 8 6 3 1 5 7 8 6 7 1 5 4 9 3 2 5 1 3 2 9 7 4 8 6 4 2 9 5 7 6 8 1 3 3 5 1 4 2 8 6 7 9 7 6 8 9 3 1 4 5 2 9 3 4 7 6 5 2 8 1 1 7 2 2 8 9 3 6 4 6 8 5 3 4 1 7 9 5 12 18 
6 4 1 8 2 3 9 1 5 8 9 7 1 5 4 7 3 2 5 3 2 6 9 7 4 8 6 4 6 9 5 7 2 8 1 3 2 5 3 4 1 8 6 7 9 7 1 8 9 3 6 4 2 5 9 3 4 7 6 5 2 8 1 1 7 5 2 8 9 3 6 4 6 8 2 3 4 1 5 9 7 11 17 
6 4 1 8 6 3 1 5 7 2 9 7 1 5 4 9 8 6 5 8 3 2 9 7 3 4 2 4 2 9 6 7 5 8 2 3 3 1 5 4 2 8 6 7 9 7 6 8 9 3 1 4 1 5 9 3 4 7 8 6 2 8 1 1 7 2 5 1 9 3 6 4 8 5 6 3 4 2 5 9 7 14 19 
1 4 7 8 6 3 9 2 5 2 9 6 1 5 4 3 8 7 5 8 3 2 9 7 4 1 6 4 1 9 6 7 2 8 5 3 3 2 5 4 1 8 6 7 9 7 6 8 9 3 5 1 4 2 9 3 4 7 8 6 2 5 1 8 7 1 5 2 9 3 6 4 6 5 2 3 4 1 7 9 8 3 14 
1 4 7 8 6 3 9 5 2 6 8 9 1 5 4 3 4 7 5 3 2 2 9 7 1 8 6 4 9 6 5 7 1 8 2 3 3 1 5 4 2 8 6 7 9 7 2 8 9 3 6 4 1 5 9 5 4 7 8 6 2 3 1 8 7 3 2 1 9 5 6 4 2 6 1 3 4 5 7 9 8 5 15 
1 4 9 8 2 3 5 1 7 6 3 7 1 5 4 9 8 2 5 8 2 6 9 7 4 3 6 4 1 9 6 7 5 8 2 3 3 2 5 4 1 8 6 7 9 7 6 8 9 3 2 1 4 5 9 3 4 7 8 6 2 5 1 8 7 5 2 1 9 3 6 4 2 6 1 3 4 5 7 9 8 10 15 
2 4 7 8 6 3 1 5 9 3 9 6 1 5 4 7 8 2 5 8 1 2 9 7 3 4 6 4 2 9 6 7 1 8 5 3 3 1 5 4 2 8 6 7 9 7 6 8 9 3 5 4 1 2 9 5 4 7 8 6 2 3 1 1 7 3 5 2 9 5 6 4 8 6 2 3 4 1 7 9 8 11 17 
1 4 7 8 6 3 9 2 5 8 9 2 1 5 4 7 3 6 5 3 6 2 9 7 1 4 8 4 2 9 6 7 1 8 5 3 3 1 5 4 2 8 6 7 9 7 6 8 9 3 5 4 1 2 9 5 4 7 8 6 2 8 1 2 7 3 5 1 9 3 6 4 6 8 1 3 4 2 5 9 7 3 14 
1 4 7 8 2 3 9 1 5 6 8 9 1 5 4 3 2 7 5 2 3 6 9 7 4 8 6 4 9 1 6 7 2 8 5 3 3 5 2 4 1 8 6 7 9 7 6 8 9 3 5 1 4 2 9 3 4 7 6 5 2 8 1 8 7 5 2 8 9 3 6 4 2 1 6 3 4 1 5 9 7 10 15 
6 4 7 8 2 3 1 5 6 8 9 2 1 5 4 9 4 7 5 1 3 6 9 7 3 2 8 4 6 9 5 7 2 8 1 3 2 3 1 4 1 8 6 7 9 7 5 8 9 3 6 4 2 5 9 8 4 7 8 6 2 3 1 3 7 5 2 1 9 5 6 4 1 2 6 3 4 5 7 9 8 13 18 
1 4 9 8 2 3 7 5 6 6 8 7 1 5 4 9 3 2 5 3 2 6 9 7 1 4 8 4 2 9 6 7 1 8 5 3 1 5 3 4 2 8 6 7 9 7 6 8 9 3 5 1 4 2 9 5 4 7 8 6 2 3 1 2 7 3 5 1 9 5 6 4 8 6 1 3 4 2 7 9 8 17 19 
1 4 7 8 2 3 9 5 6 2 9 6 1 5 4 3 8 7 5 8 3 6 9 7 1 4 2 4 1 9 5 7 6 8 2 3 3 2 5 4 1 8 6 7 9 7 6 8 9 3 2 4 1 5 9 3 4 7 6 5 2 3 1 8 7 1 2 8 9 5 6 4 6 5 2 3 4 1 7 9 8 3 13 
6 4 9 8 6 3 9 1 5 8 2 7 1 5 4 3 7 6 5 3 1 2 9 7 4 2 8 4 9 6 6 7 2 8 1 3 3 5 2 4 1 8 6 7 9 7 1 8 9 3 5 4 5 2 9 8 4 7 8 6 2 3 1 1 7 3 5 2 9 5 6 4 2 6 5 3 4 1 7 9 8 13 16 
6 4 9 8 2 3 1 5 7 8 2 7 1 5 4 9 3 6 5 3 1 6 9 7 4 8 2 4 9 6 5 7 2 8 1 3 3 5 2 4 1 8 6 7 9 7 1 8 9 3 6 4 2 5 9 8 4 7 6 5 2 3 1 1 7 3 2 8 9 5 6 4 2 6 5 3 4 1 7 9 8 3 13 
6 4 9 8 2 3 5 1 7 8 2 7 1 5 4 9 3 6 5 1 3 6 9 7 4 2 8 4 9 1 5 7 6 8 2 3 3 5 2 4 1 8 6 7 9 7 6 8 9 3 2 1 4 5 9 3 4 7 6 5 2 8 1 1 7 5 2 8 9 3 6 4 2 8 6 3 4 1 7 9 5 3 12 
1 4 7 8 2 3 9 5 6 2 6 9 1 5 4 7 3 8 5 8 3 6 9 7 1 4 2 4 9 6 5 7 2 8 1 3 3 2 5 4 1 8 6 7 9 7 1 8 9 3 6 4 2 5 9 3 4 7 6 5 2 8 1 1 7 5 2 8 9 3 6 4 6 8 2 3 4 1 5 9 7 4 14 
1 4 9 8 6 3 5 2 7 6 2 7 1 5 4 9 3 8 5 8 3 2 9 7 4 1 6 4 9 1 6 7 5 8 2 3 3 5 2 4 1 8 6 7 9 7 6 8 9 3 2 1 4 5 9 3 4 7 8 6 2 5 1 8 7 5 5 2 9 3 6 4 2 1 6 3 4 1 7 9 8 5 14 
1 4 7 8 2 3 9 5 6 6 2 9 1 5 4 3 8 7 5 8 3 6 9 7 1 4 2 4 9 6 5 7 2 8 1 3 3 5 2 4 1 8 6 7 9 7 1 8 9 3 6 4 2 5 9 8 4 7 6 5 2 3 1 3 7 1 2 8 9 5 6 4 2 6 5 3 4 1 7 9 8 3 12 
2 4 7 8 6 3 9 5 6 6 8 9 1 5 4 7 3 2 5 3 1 2 9 7 1 4 8 4 9 2 5 7 6 8 2 3 3 1 5 4 1 8 6 7 9 7 6 8 9 3 2 4 1 5 9 3 4 7 8 6 2 3 1 1 7 5 2 1 9 5 6 4 8 2 6 3 4 5 7 9 8 17 18 
1 4 7 8 2 3 5 3 6 6 9 2 1 5 4 9 8 7 5 8 3 6 9 7 1 4 2 4 6 9 5 7 2 8 1 3 3 2 5 4 1 8 6 7 9 7 1 8 9 3 6 4 2 5 9 3 4 7 6 5 2 5 1 8 7 1 2 8 9 3 6 4 2 5 6 3 4 1 7 9 8 5 13 

