File=GSM2-184.ctr |F|=39 Cmin=1200003855
39 12 4 18 20 21 39 18 16 35 26 7 19 32 3 22 3 25 34 12 19 6 8 28 12 36 21 32 35 8 14 23 19 7 1 27 16 1 5 31 24 19 27 31 1 18 13 3 4 36 14 11 2 10 27 2 34 8 33 29 15 36 12 22 3 13 9 18 2 13 37 25 31 13 16 20 20 18 23 23 14 25 22 4 35 9 6 29 16 27 8 19 12 19 1 14 20 9 20 21 10 7 34 29 19 11 10 38 28 32 10 30 17 20 33 1 28 27 19 32 4 26 11 15 33 11 18 14 8 26 23 17 32 18 7 1 17 16 27 5 36 26 23 2 6 16 3 23 32 21 15 24 35 15 27 28 25 5 2 22 20 14 38 12 20 33 1 36 37 28 1 33 3 12 24 8 16 15 30 8 35 34 20 19 

File=GSM2-184.ctr |F|=39 Cmin=1500175143
1 37 11 29 27 28 29 28 23 31 17 28 30 31 12 1 35 33 9 5 26 17 33 18 33 38 6 21 16 29 39 16 15 39 34 31 16 23 8 38 4 24 26 33 5 26 22 39 8 30 32 34 36 25 12 18 24 17 27 28 34 26 32 38 14 26 29 18 38 36 17 2 9 31 23 13 7 6 2 14 24 33 8 20 8 8 37 20 24 24 8 8 39 28 6 2 15 34 20 2 19 25 3 27 16 14 29 11 19 19 25 32 12 32 12 8 29 38 27 13 22 23 9 10 1 3 12 15 36 31 5 4 5 35 20 20 9 9 31 28 27 5 20 27 36 20 35 14 18 11 16 29 23 24 38 23 27 38 26 12 29 30 16 22 14 24 31 22 32 11 38 8 15 7 34 39 27 18 14 33 18 29 22 29 

File=GSM2-184.ctr |F|=39 Cmin=1400038609
3 4 29 39 13 32 30 17 34 35 32 28 25 38 26 20 35 18 34 24 9 6 18 5 25 20 8 12 19 12 5 10 15 22 37 27 3 16 32 36 12 24 14 36 22 39 5 7 6 27 19 14 32 36 7 6 17 14 18 24 25 11 33 39 22 19 26 24 35 19 10 7 31 23 31 14 11 24 20 17 1 38 30 32 23 37 38 39 39 5 12 25 4 33 24 14 13 39 27 8 7 36 14 37 8 33 11 18 6 19 34 6 6 14 27 29 39 14 17 38 18 29 12 10 11 25 24 23 24 39 30 30 35 32 16 3 25 16 9 31 23 32 36 29 6 12 7 33 25 12 20 31 29 21 2 1 6 14 23 18 13 14 36 36 34 12 27 20 27 35 39 11 27 24 28 21 36 23 14 21 34 23 13 13 

File=GSM2-184.ctr |F|=39 Cmin=1900130458
1 11 31 4 31 19 32 10 5 39 32 12 20 26 28 8 11 33 12 5 4 31 25 23 15 14 23 24 37 15 29 37 25 9 29 5 27 22 14 32 10 34 4 29 20 20 25 19 13 25 23 16 17 37 28 20 39 11 4 36 14 21 22 38 29 12 31 6 22 6 26 31 39 18 9 9 37 22 27 38 7 39 14 23 25 30 32 24 30 24 9 4 34 30 31 23 30 22 17 12 27 3 31 16 20 39 13 17 21 39 15 17 27 18 28 12 36 20 35 26 33 32 30 27 23 21 38 13 31 16 25 19 18 16 23 38 5 35 4 14 23 19 30 11 25 19 11 21 27 35 8 20 27 26 7 10 35 6 23 26 21 36 33 27 1 16 25 33 39 29 8 23 36 26 22 10 5 32 19 21 27 15 1 4 

File=GSM2-184.ctr |F|=39 Cmin=1800056622
1 3 11 16 15 16 36 38 28 33 21 12 21 28 20 18 5 38 2 32 6 16 37 19 12 19 31 8 34 25 23 34 28 33 11 31 38 7 18 26 29 38 27 38 15 7 16 9 33 6 29 28 21 27 7 21 34 37 29 28 12 12 22 28 33 21 19 31 17 37 7 6 24 22 4 39 17 9 36 10 14 25 37 24 1 33 5 34 19 22 22 30 33 33 7 16 14 26 7 19 12 2 24 24 23 28 12 39 25 8 38 38 33 24 22 33 17 16 17 25 37 27 4 20 20 11 35 23 25 30 2 36 21 15 9 4 31 21 32 16 28 30 14 10 14 25 32 20 29 9 33 26 35 36 34 5 7 18 16 31 9 6 16 18 20 25 21 11 6 2 26 22 20 29 32 23 14 13 3 31 21 24 17 5 

File=GSM2-184.ctr |F|=39 Cmin=1700019609
38 31 1 15 34 5 4 21 38 26 25 8 5 35 16 7 24 6 16 21 22 36 2 15 5 2 32 12 29 33 39 16 14 29 30 8 33 34 28 20 9 2 17 13 36 21 8 9 26 12 29 36 9 19 1 2 20 32 14 38 14 13 14 27 2 5 34 23 27 11 32 35 12 9 36 8 29 32 16 4 4 34 28 1 13 28 3 22 9 5 20 23 17 33 10 8 26 33 19 13 4 11 36 16 8 21 12 36 2 17 28 6 11 17 34 12 5 36 33 3 29 2 25 7 35 23 3 10 5 21 12 9 21 8 13 28 18 13 25 19 29 2 13 28 18 8 29 12 32 22 14 22 13 27 17 8 10 19 6 4 28 17 1 9 14 13 37 31 25 11 10 4 12 12 20 19 19 9 19 11 20 32 32 32 

File=GSM2-184.ctr |F|=39 Cmin=4300227950
22 1 24 14 38 18 25 33 12 11 5 16 9 5 2 32 17 29 10 13 28 16 14 22 4 38 36 18 36 39 34 18 1 7 20 27 24 5 9 25 4 13 1 1 17 30 33 23 19 31 24 7 7 27 28 39 25 14 17 21 13 1 27 2 7 7 18 20 39 26 33 4 28 33 4 5 23 36 16 31 17 1 37 23 27 15 11 12 28 17 22 29 6 9 20 1 5 37 20 32 23 13 35 11 34 28 5 7 13 20 26 29 20 23 2 7 26 1 8 14 17 18 32 22 26 12 23 19 9 31 12 20 33 35 31 16 12 35 11 25 4 36 3 24 9 4 19 34 5 15 37 10 32 29 21 8 29 32 15 37 23 15 17 5 11 36 21 11 20 20 35 24 17 27 36 14 30 15 8 23 19 5 33 39 

File=GSM2-184.ctr |F|=39 Cmin=3700297939
22 17 32 5 6 6 2 14 5 27 19 19 25 1 22 19 11 18 4 37 11 6 29 24 28 1 30 16 21 11 21 4 28 13 36 22 8 38 35 12 14 4 19 27 32 1 6 31 18 38 29 29 4 7 13 21 35 32 36 16 3 17 19 19 18 5 30 25 3 14 36 5 6 15 31 37 15 26 29 33 24 7 11 27 2 23 8 36 4 4 1 35 9 9 3 27 13 32 1 4 7 26 8 12 1 27 38 5 13 16 26 25 22 36 13 12 8 9 36 1 2 36 35 10 5 37 25 17 30 15 20 25 1 16 36 1 4 34 33 16 38 8 30 9 32 3 20 1 39 16 29 1 2 24 39 6 21 13 12 39 27 20 24 27 36 10 17 39 32 38 4 31 7 33 39 27 24 9 16 24 13 5 13 14 

File=GSM2-184.ctr |F|=39 Cmin=3100330176
22 29 34 8 1 32 28 13 10 25 12 34 23 6 30 21 8 17 12 14 3 13 38 17 13 23 30 31 22 14 4 33 3 37 29 32 29 17 5 27 2 5 21 13 10 39 34 6 16 34 19 18 7 7 23 9 29 13 28 1 15 31 22 18 28 11 10 6 28 3 33 18 35 3 20 6 3 14 11 7 36 19 14 31 14 36 39 3 38 27 31 13 7 13 19 23 24 17 29 1 8 11 7 4 13 26 37 4 28 8 39 24 15 13 16 17 37 4 9 35 20 39 37 26 2 16 10 25 22 27 14 29 37 9 32 38 35 29 31 23 26 30 36 29 3 1 7 39 4 15 24 23 3 21 38 4 25 36 17 7 23 19 36 9 28 17 7 23 35 37 34 10 27 30 38 18 30 33 18 23 36 30 6 39 

File=GSM2-184.ctr |F|=39 Cmin=4200310747
14 15 19 38 28 20 3 9 30 22 28 17 2 5 14 23 5 12 31 9 32 30 33 3 13 11 32 3 23 26 29 36 2 36 23 29 17 14 26 35 35 15 13 25 19 15 9 13 26 39 10 7 19 3 9 31 3 2 22 25 16 1 10 17 25 32 35 30 7 10 26 30 24 27 5 32 30 13 5 5 1 14 11 8 5 8 28 35 37 38 20 14 38 29 30 13 11 14 3 17 24 17 35 36 32 39 17 22 1 10 26 2 12 36 9 17 5 25 12 30 24 21 4 22 10 23 23 20 36 26 25 9 31 10 34 24 37 11 6 38 21 21 28 32 17 25 37 10 11 38 1 34 19 32 5 28 15 28 37 1 3 11 9 33 20 31 17 7 3 12 5 12 32 32 4 37 17 30 8 27 28 36 10 7 

File=GSM2-184.ctr |F|=39 Cmin=4100277786
2 27 34 11 4 2 25 20 28 10 10 26 6 33 20 34 19 9 15 29 11 22 16 4 10 8 33 14 34 5 31 24 20 15 35 23 16 9 31 33 7 1 8 13 33 28 7 2 25 21 19 35 31 34 27 2 2 10 4 24 14 24 9 22 38 32 5 3 1 24 35 35 24 32 8 6 9 4 7 33 13 14 17 33 8 5 34 38 14 26 22 16 10 30 37 36 22 30 39 11 14 23 7 26 15 3 31 23 34 27 16 36 1 33 29 9 26 12 35 39 37 17 15 36 36 1 32 7 30 31 7 32 15 2 18 18 32 37 30 27 13 34 23 14 27 1 11 2 12 34 1 9 11 4 33 35 4 26 31 22 6 37 14 9 27 20 27 19 7 17 6 19 11 17 21 27 17 31 17 28 14 18 26 25 

File=GSM2-184.ctr |F|=39 Cmin=3900297658
7 37 29 21 17 11 23 7 12 36 11 32 29 16 2 12 4 15 1 27 9 27 25 22 35 7 29 14 14 10 24 20 8 13 29 24 12 12 30 23 8 2 4 36 17 6 37 20 9 26 35 17 2 10 39 36 16 17 11 18 27 34 37 23 35 27 7 7 38 25 18 35 26 22 31 32 16 17 1 24 3 36 30 5 34 18 1 38 34 39 17 10 33 14 32 17 29 27 23 28 13 30 12 27 1 31 19 5 9 20 28 39 5 18 4 27 35 33 25 19 32 2 17 15 5 10 31 33 25 4 10 37 33 21 25 22 13 32 26 21 1 3 20 5 10 13 31 33 6 6 1 26 7 18 1 11 16 21 5 1 24 14 27 6 24 12 16 36 32 2 6 33 32 14 26 2 15 18 35 9 12 24 35 18 

