MonoObjective Genetic Algorithm
Number of Evaluations = 0
Mutation Probability = 0.0100000000000000002
Crossover Probability = 0.5
Population Size = 100
Survival Selection Type = 16

Time =  300.017682999999977

Current Evaluation = 204500
Front Size = 100
8 9 4 3 7 5 2 1 6 2 3 1 6 8 4 5 7 9 7 6 5 9 1 2 8 3 4 6 1 3 8 9 7 4 2 5 5 7 8 2 4 6 3 9 1 4 2 9 1 5 3 7 6 8 3 8 2 4 6 9 1 5 7 9 4 7 5 2 1 6 8 3 1 5 6 7 3 8 9 4 2 1 10 
8 9 1 3 7 5 6 4 2 2 3 4 6 8 1 5 7 9 7 6 5 9 4 2 8 3 1 6 1 3 8 2 7 4 9 5 5 2 8 6 9 4 3 1 7 4 7 9 1 5 3 2 6 8 3 8 2 4 1 9 7 5 6 1 4 7 2 6 5 9 8 3 9 5 6 7 3 8 1 2 4 3 30 
9 5 1 3 7 8 6 4 2 2 3 8 6 4 1 5 9 7 7 6 4 9 5 2 8 3 1 6 1 3 8 9 7 4 2 5 8 7 5 5 6 4 3 1 9 4 2 9 1 2 3 7 6 8 3 8 2 4 8 9 1 5 6 5 4 7 2 1 6 9 8 3 1 9 6 7 3 5 2 7 4 5 30 
9 8 5 3 7 4 6 1 2 2 3 4 6 8 1 5 9 7 7 6 1 9 5 2 8 3 4 3 1 6 8 9 7 4 2 5 7 2 8 5 4 6 1 3 9 4 5 9 1 2 3 7 6 8 3 8 2 4 1 9 7 5 6 1 4 7 2 6 5 9 8 3 6 9 5 7 3 8 2 4 1 7 28 
9 8 5 3 7 4 6 2 1 2 3 4 6 1 8 5 9 7 7 6 1 9 5 2 8 3 4 6 1 3 8 2 7 4 9 5 5 7 8 6 9 4 3 1 2 4 2 9 1 5 3 7 6 8 3 8 2 4 8 9 7 5 6 9 5 7 2 6 1 1 8 3 1 4 6 7 3 5 2 4 9 11 27 
9 5 8 3 7 4 1 2 6 2 3 4 6 8 1 5 7 9 7 6 1 9 5 2 8 3 4 3 1 6 8 9 7 4 9 5 8 7 5 2 6 4 3 1 2 4 2 9 1 5 3 7 6 8 3 8 2 4 1 9 6 5 7 1 4 7 5 2 6 9 8 3 5 9 6 7 3 8 2 4 1 7 26 
9 8 1 3 7 5 2 4 6 2 3 4 6 1 8 5 7 9 7 6 5 9 4 2 8 3 1 3 1 6 8 9 7 4 2 5 5 2 8 5 4 6 3 1 9 4 7 9 1 2 3 7 6 8 3 8 2 4 8 9 6 5 7 6 9 7 2 5 1 1 8 3 1 4 5 7 3 6 2 9 4 13 29 
5 9 8 3 7 1 2 9 4 2 3 1 6 4 8 5 7 6 7 6 4 9 5 2 8 3 1 6 1 3 8 9 7 4 2 5 8 7 5 6 2 4 3 1 9 4 2 9 1 5 3 7 6 8 3 8 2 4 1 9 6 5 7 1 4 7 2 6 5 9 8 3 9 5 6 7 3 8 1 4 2 6 25 
1 9 4 3 7 8 6 2 1 2 3 8 6 1 4 5 7 9 7 6 5 9 5 2 8 3 4 3 1 6 8 6 7 4 9 5 5 2 8 5 9 4 3 1 7 4 7 9 1 2 3 2 6 8 3 8 2 4 8 9 6 5 7 6 4 7 2 5 1 9 8 3 9 5 1 7 3 6 1 4 2 14 25 
5 9 4 3 7 1 6 2 9 2 3 8 6 4 8 5 1 7 7 6 1 9 5 2 8 3 4 6 1 3 8 6 7 4 9 5 8 2 5 5 9 4 3 7 1 4 7 9 1 2 3 2 6 8 3 8 2 4 8 9 7 5 6 9 4 7 2 1 6 1 8 3 1 5 6 7 3 5 9 4 2 9 24 
8 9 5 3 7 4 1 2 6 2 3 4 6 8 1 5 7 9 7 6 1 9 5 2 8 3 4 6 1 3 8 9 7 4 9 5 5 2 8 5 4 6 3 1 7 4 7 9 1 2 3 2 6 8 3 8 2 4 6 9 7 5 1 9 4 7 2 1 5 6 8 3 1 5 6 7 3 8 9 4 2 4 21 
9 8 5 3 7 1 6 2 4 2 3 1 6 4 8 5 7 9 7 6 4 9 5 2 8 3 1 6 1 3 8 9 7 4 9 5 5 2 8 2 6 4 3 7 1 4 7 9 1 5 3 2 6 8 3 8 2 4 8 9 1 5 6 1 4 7 5 2 6 9 8 3 9 5 6 7 3 1 7 4 2 11 23 
8 9 1 3 7 5 6 4 2 2 3 4 6 1 8 5 9 7 7 6 5 9 4 2 8 3 1 6 1 3 8 9 7 4 2 5 5 7 8 2 6 4 3 1 9 4 2 9 1 5 3 7 6 8 3 8 2 4 8 9 1 5 6 1 4 7 5 2 6 9 8 3 9 5 6 7 3 1 2 7 4 3 18 
5 9 8 3 7 4 2 1 6 2 3 4 6 8 1 5 7 9 7 6 1 9 5 2 8 3 4 6 1 3 8 9 7 4 2 5 8 7 5 5 4 6 3 9 1 4 2 9 1 2 3 7 6 8 3 8 2 4 1 9 6 5 7 9 4 7 2 6 5 1 8 3 1 5 6 7 3 8 9 4 2 3 17 
5 9 4 3 7 8 6 1 2 2 3 8 6 4 1 5 9 7 7 6 1 9 5 2 8 3 4 6 1 3 8 9 7 4 2 5 8 7 5 2 6 4 9 3 1 4 2 9 1 5 3 7 6 8 3 8 2 4 1 9 7 5 6 9 4 7 5 2 6 1 8 3 1 5 6 7 3 8 2 4 9 5 21 
9 5 8 3 7 1 6 2 4 2 3 1 6 4 8 5 7 9 7 6 4 9 5 2 8 3 1 3 1 6 8 2 7 4 9 5 5 7 8 6 9 4 3 1 2 4 2 9 1 5 3 7 6 8 3 8 2 4 6 9 1 5 7 6 4 7 2 1 5 9 8 3 1 9 5 7 3 8 2 4 6 6 22 
9 5 1 3 7 8 2 4 6 2 3 8 6 1 4 5 7 9 7 6 4 9 5 2 8 3 1 3 1 6 8 9 7 4 2 5 8 7 5 2 4 6 3 1 9 4 2 9 1 5 3 7 6 8 3 8 2 4 6 9 1 5 7 6 4 7 5 2 1 9 8 3 1 9 5 7 3 8 6 4 2 7 21 
8 9 5 3 7 1 9 4 2 2 3 1 6 8 4 5 7 6 7 6 4 9 5 2 8 3 1 6 1 3 8 9 7 4 2 5 7 2 8 5 4 6 3 1 9 4 5 9 1 2 3 7 6 8 3 8 2 4 6 9 1 5 7 9 4 7 2 1 5 6 8 3 1 5 6 7 3 8 2 9 4 5 19 
8 9 4 3 7 5 2 9 6 2 3 1 6 8 1 5 7 4 7 6 5 9 4 2 8 3 1 6 1 3 8 9 7 4 2 5 5 7 8 2 6 4 3 1 9 4 2 9 1 5 3 7 6 8 3 8 2 4 1 9 6 5 7 1 4 7 5 2 6 9 8 3 9 5 6 7 3 8 1 4 2 3 16 
5 9 8 3 7 1 2 4 6 2 3 1 6 8 4 5 7 9 7 6 4 9 5 2 8 3 1 6 1 3 8 2 7 4 9 5 8 7 5 6 9 4 3 1 2 4 2 9 1 5 3 7 6 8 3 8 2 4 1 9 6 5 7 9 4 7 2 6 5 1 8 3 1 5 6 7 3 8 9 2 4 4 15 
9 4 8 3 7 5 6 1 2 2 3 1 6 8 4 5 9 7 7 6 5 9 1 2 8 3 4 3 1 6 8 9 7 4 2 5 5 7 8 2 6 4 1 3 9 4 2 9 1 5 3 7 6 8 3 8 2 4 1 9 7 5 6 1 9 7 5 2 6 2 8 3 6 5 4 7 3 8 9 4 1 9 22 
8 9 5 3 7 4 6 2 9 2 3 4 6 8 1 5 1 7 7 6 1 9 5 2 8 3 4 3 1 6 8 6 7 4 9 5 7 8 5 2 9 4 1 3 7 4 2 9 1 5 3 2 6 8 1 3 2 4 1 9 7 5 1 5 9 7 2 6 5 6 8 3 6 8 4 7 3 8 2 9 4 129 26 
8 9 1 3 7 5 6 4 2 2 3 4 6 8 1 5 7 9 7 6 5 9 4 2 8 3 1 6 1 3 8 9 7 4 2 5 7 2 8 5 6 4 3 9 1 4 5 9 1 2 3 7 6 8 3 8 2 4 1 9 6 5 7 1 4 7 2 5 6 9 8 3 5 9 6 7 3 8 2 1 4 5 18 
9 5 8 3 7 4 6 2 1 2 3 4 6 8 1 5 7 9 7 6 1 9 5 2 8 3 4 6 1 3 8 9 7 4 9 5 8 2 5 5 4 6 3 1 7 4 7 9 1 2 3 2 6 8 3 8 2 4 1 9 7 5 6 1 4 7 2 6 5 9 8 3 5 9 6 7 3 8 1 4 2 4 15 
9 8 4 3 7 5 9 2 6 2 3 1 6 8 4 5 7 1 7 6 5 9 1 2 8 3 4 3 1 6 8 9 7 4 9 5 7 2 8 5 4 6 3 1 2 4 5 9 1 2 3 7 6 8 3 8 2 4 6 9 1 5 7 6 4 7 2 5 1 2 8 3 1 9 5 7 3 8 6 4 9 11 22 
8 9 1 3 7 4 6 3 2 2 3 4 6 1 8 5 7 9 7 6 5 9 5 2 8 1 4 3 1 6 8 9 7 4 9 5 5 7 8 2 4 6 3 1 8 4 2 9 1 5 3 2 6 7 3 8 2 4 8 9 6 5 7 9 4 7 6 2 5 1 8 3 1 5 6 7 3 1 9 2 4 16 24 
8 9 4 3 7 5 6 1 2 2 3 1 6 4 8 5 7 9 7 6 5 9 1 2 8 3 4 6 1 3 8 9 7 4 2 5 5 7 8 2 6 4 3 9 1 4 2 9 1 5 3 7 6 8 3 8 2 4 8 9 1 5 7 1 4 7 5 2 6 9 8 3 9 5 6 7 3 1 2 4 6 3 13 
9 5 4 3 7 8 2 1 6 2 3 8 6 4 1 5 7 9 7 6 1 9 5 2 8 3 4 6 1 3 8 9 7 4 2 5 8 7 5 2 6 4 3 9 1 4 2 9 1 5 3 7 6 8 3 8 2 4 1 9 6 5 7 1 4 7 5 2 6 9 8 3 5 9 6 7 3 8 1 4 2 3 13 
8 9 1 3 7 5 6 2 4 2 3 4 6 1 8 5 1 9 7 6 5 9 4 2 8 3 7 6 1 3 8 9 7 4 9 5 7 5 8 2 4 6 1 3 2 4 2 9 1 5 3 7 6 8 3 8 2 4 6 9 7 5 1 1 4 7 5 2 1 9 8 3 5 9 6 7 3 8 2 4 6 13 22 
9 8 4 3 7 5 6 1 2 2 3 1 6 1 8 5 4 9 7 6 5 9 4 2 8 3 7 6 1 3 8 9 7 4 2 5 8 7 5 6 2 4 3 1 9 4 2 9 1 5 3 7 6 8 3 8 2 4 8 9 7 5 6 9 4 7 2 6 5 1 8 3 1 5 6 7 3 1 9 2 4 14 21 
1 9 4 3 7 8 2 3 6 2 3 8 6 4 1 5 9 4 7 6 5 9 5 2 8 7 1 3 1 6 8 6 7 4 2 5 7 5 8 2 9 4 3 1 9 4 2 9 1 5 3 7 6 8 3 8 2 4 8 9 1 5 7 5 4 7 6 2 1 9 8 3 6 9 1 7 3 5 6 4 2 16 22 
8 9 1 3 7 5 2 4 6 2 3 4 6 8 1 5 7 9 7 6 5 9 4 2 8 3 1 6 1 3 8 9 7 4 2 5 5 7 8 2 6 4 3 9 1 4 2 9 1 5 3 7 6 8 3 8 2 4 1 9 6 5 7 9 4 7 5 2 6 1 8 3 1 5 6 7 3 8 9 2 4 3 12 
9 5 8 3 7 1 6 4 2 2 3 1 6 8 4 5 9 7 7 6 4 9 5 2 8 3 1 6 1 3 8 9 7 4 2 5 8 2 5 5 4 6 1 3 9 4 7 9 1 2 3 7 6 8 3 8 2 4 1 9 7 5 6 1 4 7 2 6 5 9 8 3 5 9 6 7 3 8 2 1 4 5 17 
8 9 4 3 7 5 1 2 6 2 3 1 6 4 8 5 7 9 7 6 5 9 1 2 8 3 4 6 1 3 8 2 7 4 9 5 5 2 8 6 9 4 3 1 7 4 7 9 1 5 3 2 6 8 3 8 2 4 6 9 7 5 1 9 4 7 5 2 1 6 8 3 1 5 6 7 3 8 9 4 2 4 15 
5 9 1 3 7 8 6 2 4 2 3 8 6 1 4 5 7 9 7 6 4 9 5 2 8 3 1 6 1 3 8 9 7 4 9 5 8 7 5 5 4 6 3 1 2 4 2 9 1 2 3 7 6 8 3 8 2 4 8 9 1 5 6 1 4 7 2 6 5 9 8 3 9 5 6 7 3 1 2 4 7 6 20 
8 9 5 3 7 4 2 1 6 2 3 4 6 8 1 5 7 9 7 6 1 9 5 2 8 3 4 6 1 3 8 2 7 4 9 5 5 7 8 6 9 4 3 2 1 4 2 9 1 5 3 7 6 8 3 8 2 4 6 9 1 5 7 9 4 7 2 1 5 6 8 3 1 5 6 7 3 8 9 4 2 4 14 
8 9 5 3 7 1 6 4 2 2 3 1 6 8 4 5 7 9 7 6 4 9 5 2 8 3 1 6 1 3 8 9 7 4 9 5 5 2 8 5 4 6 3 1 7 4 7 9 1 2 3 2 6 8 3 8 2 4 1 9 7 5 6 9 4 7 2 6 5 1 8 3 1 5 6 7 3 8 9 2 4 4 14 
8 9 5 3 7 4 2 1 6 2 3 4 6 8 1 5 7 9 7 6 1 9 5 2 8 3 4 3 1 6 8 9 7 4 2 5 7 2 8 5 4 6 3 9 1 4 5 9 1 2 3 7 6 8 3 8 2 4 6 9 1 5 7 6 4 7 2 1 5 9 8 3 5 9 1 7 3 8 6 4 2 5 17 
9 8 4 5 7 4 6 2 9 2 3 1 3 8 6 5 1 7 7 6 5 9 1 2 8 3 4 6 1 3 8 9 7 4 2 5 7 2 8 5 4 6 3 9 1 4 5 9 1 2 3 7 6 8 1 3 2 4 1 9 1 5 7 5 9 7 2 6 5 9 8 3 6 8 4 7 3 8 6 4 2 224 25 
8 9 5 3 7 4 2 1 6 2 3 4 6 8 1 5 7 9 7 6 1 9 5 2 8 3 4 6 1 3 8 9 7 4 2 5 7 2 8 5 4 6 3 9 1 4 5 9 1 2 3 7 6 8 3 8 2 4 1 9 6 5 7 1 4 7 2 6 5 9 8 3 9 5 6 7 3 8 1 4 2 3 10 
5 9 4 3 7 8 6 2 1 2 3 8 6 4 1 5 7 9 7 6 1 9 5 2 8 3 4 6 1 3 8 2 7 4 9 5 8 2 5 6 9 4 3 1 7 4 7 9 1 5 3 2 6 8 3 8 2 4 1 9 7 5 6 9 4 7 2 6 5 1 8 3 1 5 6 7 3 8 9 4 2 4 14 
8 9 1 3 7 5 6 2 4 2 3 4 6 8 1 5 7 9 7 6 5 9 4 2 8 3 1 6 1 3 8 6 7 4 9 5 5 2 8 5 9 4 3 1 7 4 7 9 1 2 3 2 6 8 3 8 2 4 1 9 7 5 6 9 4 7 2 5 6 1 8 3 1 5 6 7 3 8 9 4 2 4 13 
9 5 4 3 7 8 2 1 6 2 3 8 6 1 4 5 7 9 7 6 1 9 5 2 8 3 4 6 1 3 8 9 7 4 2 5 8 7 5 5 4 6 3 9 1 4 2 9 1 2 3 7 6 8 3 8 2 4 8 9 1 5 7 5 4 7 2 6 1 9 8 3 1 9 6 7 3 5 6 4 2 5 15 
5 9 8 3 7 5 6 2 4 2 3 4 6 8 1 5 7 9 7 6 1 9 4 2 8 3 1 6 1 3 8 9 7 4 9 5 8 2 5 2 6 4 3 1 7 4 7 9 1 5 3 2 6 8 3 8 2 4 1 9 7 5 6 1 4 7 5 2 6 9 8 3 9 5 6 7 3 8 1 4 2 5 15 
8 9 5 3 7 1 2 4 6 2 3 1 6 4 8 5 7 9 7 6 4 9 5 2 8 3 1 6 1 3 8 2 7 4 9 5 5 7 8 6 9 4 3 1 2 4 2 9 1 5 3 7 6 8 3 8 2 4 1 9 6 5 7 1 4 7 5 2 6 9 8 3 9 5 6 7 3 8 1 2 4 5 13 
5 9 4 3 7 5 2 1 6 2 3 8 6 1 8 5 9 7 7 6 1 9 4 2 8 3 4 6 1 3 8 9 7 4 9 5 5 2 8 5 4 6 3 7 1 4 7 9 1 2 3 2 6 8 3 8 2 4 8 9 7 5 1 1 9 7 5 2 6 9 8 3 5 4 6 7 3 1 6 4 2 23 22 
5 9 8 3 7 1 1 2 6 2 3 4 6 4 8 5 9 7 7 6 1 9 5 2 8 3 4 3 1 6 8 9 7 4 2 5 8 7 5 5 6 4 3 1 9 4 2 9 1 2 3 7 6 8 3 8 2 4 8 9 6 5 7 9 4 7 2 1 5 9 8 3 6 5 1 7 3 6 2 4 1 13 20 
8 9 4 3 7 5 6 1 2 2 3 1 6 8 4 5 7 9 7 6 5 9 1 2 8 3 4 3 1 6 8 9 7 4 2 5 5 7 8 2 4 6 3 9 1 4 2 9 1 5 3 7 6 8 3 8 2 4 6 9 1 5 7 6 4 7 5 2 1 9 8 3 9 5 1 7 3 8 2 4 6 3 10 
5 9 4 3 7 8 2 1 6 2 3 8 6 4 1 5 7 9 7 6 1 9 5 2 8 3 4 6 1 3 8 9 7 4 2 5 8 7 5 6 2 4 3 9 1 4 2 9 1 5 3 7 6 8 3 8 2 4 6 9 1 5 7 9 4 7 2 1 5 6 8 3 1 5 6 7 3 8 9 4 2 4 11 
5 9 8 3 7 4 2 1 6 2 3 4 6 8 1 5 7 9 7 6 1 9 5 2 8 3 4 6 1 3 8 2 7 4 9 5 8 7 5 6 9 4 3 2 1 4 2 9 1 5 3 7 6 8 3 8 2 4 1 9 6 5 7 1 4 7 2 6 5 9 8 3 9 5 6 7 3 8 1 4 2 4 11 
8 9 5 3 7 1 6 2 4 2 3 1 6 8 4 5 9 7 7 6 4 9 5 2 8 3 1 6 1 3 8 9 7 4 2 5 5 2 8 5 4 6 3 1 9 4 7 9 1 2 3 7 6 8 3 8 2 4 1 9 7 5 6 1 4 7 2 6 5 9 8 3 9 5 6 7 3 8 1 4 2 5 13 
5 9 8 3 7 4 2 1 6 2 3 4 6 1 8 5 7 9 7 6 1 9 5 2 8 3 4 6 1 3 8 9 7 4 2 5 8 7 5 2 4 6 3 9 1 4 2 9 1 5 3 7 6 8 3 8 2 4 6 9 1 5 7 9 4 7 5 2 1 6 8 3 1 5 6 7 3 8 9 4 2 3 10 
5 9 1 3 7 8 9 4 2 2 3 8 6 4 1 5 7 6 7 6 4 9 5 2 8 3 1 6 1 3 8 9 7 4 2 5 8 7 5 2 4 6 3 1 9 4 2 9 1 5 3 7 6 8 3 8 2 4 1 9 6 5 7 9 4 7 6 2 5 1 8 3 1 5 6 7 3 8 2 9 4 7 17 
1 9 8 3 7 5 6 2 4 2 3 4 6 8 1 5 7 9 7 6 5 9 4 2 8 3 1 3 1 6 8 9 7 4 9 5 5 7 8 5 6 4 3 1 2 4 2 9 1 2 3 7 6 8 3 8 2 4 6 9 1 5 7 6 4 7 2 5 1 9 8 3 9 5 1 7 3 8 2 4 6 8 17 
5 9 1 3 7 4 2 3 6 2 3 8 6 8 1 5 9 4 7 6 4 9 5 2 8 7 1 6 1 3 8 9 7 4 2 5 8 7 5 5 4 6 3 1 9 4 2 9 1 2 3 7 6 8 3 8 2 4 6 9 1 5 7 9 4 7 2 1 5 6 8 3 1 5 6 7 3 8 9 4 2 6 14 
9 5 8 3 7 4 1 2 6 2 3 4 6 8 1 5 7 9 7 6 1 9 5 2 8 3 4 3 1 6 8 9 7 4 2 5 5 7 8 5 4 6 3 9 1 4 2 9 1 2 3 7 6 8 3 8 2 4 1 9 6 5 7 1 4 7 2 6 5 9 8 3 6 9 5 7 3 8 2 1 4 7 16 
8 9 5 3 7 4 2 9 6 2 3 1 6 8 1 5 7 4 7 6 4 9 5 2 8 3 1 6 1 3 8 9 7 4 2 5 5 7 8 2 4 6 3 1 9 4 2 9 1 5 3 7 6 8 3 8 2 4 1 9 6 5 7 9 4 7 2 6 5 1 8 3 1 5 6 7 3 8 9 4 2 5 13 
5 9 8 3 7 5 1 2 6 2 3 1 6 4 8 5 9 4 7 6 4 9 1 2 8 3 7 6 1 3 8 9 7 4 2 5 7 8 5 6 2 4 1 3 9 4 2 9 1 5 3 7 6 8 3 8 2 4 8 9 7 5 1 1 4 7 2 5 6 6 8 3 9 5 6 7 3 1 9 4 2 15 20 
8 9 4 3 7 5 6 2 1 2 3 1 6 4 8 5 7 9 7 6 5 9 1 2 8 3 4 3 1 6 8 9 7 4 9 5 5 7 8 2 6 4 3 1 8 4 2 9 1 5 3 2 6 7 3 8 2 4 8 9 7 5 6 6 4 7 5 2 1 9 8 3 1 9 5 7 3 6 1 4 2 9 19 
9 5 4 3 7 8 1 2 6 2 3 8 6 1 4 5 9 7 7 6 1 9 5 2 8 3 4 6 1 3 8 9 7 4 2 5 8 2 5 2 4 6 3 1 9 4 7 9 1 5 3 7 6 8 3 8 2 4 8 9 7 5 6 1 4 7 6 2 5 9 8 3 5 9 6 7 3 1 2 4 1 10 19 
9 8 4 3 7 5 6 2 1 2 3 1 6 4 8 5 9 7 7 6 5 9 1 2 8 3 4 6 1 3 8 9 7 4 2 5 7 5 8 2 6 4 3 1 9 4 2 9 1 5 3 7 6 8 3 8 2 4 8 9 1 5 7 5 9 7 5 2 1 6 8 3 1 4 6 7 3 6 9 4 2 10 19 
5 9 8 3 7 4 6 1 2 2 3 4 6 1 8 5 7 9 7 6 1 9 5 2 8 3 4 6 1 3 8 9 7 4 2 5 8 7 5 2 4 6 3 9 1 4 2 9 1 5 3 7 6 8 3 8 2 4 8 9 1 5 6 1 4 7 2 6 5 9 8 3 9 5 6 7 3 1 2 4 7 5 13 
8 9 5 3 7 4 1 2 6 2 3 4 6 8 1 5 7 9 7 6 1 9 5 2 8 3 4 6 1 3 8 9 7 4 9 5 5 7 8 5 4 6 3 1 2 4 2 9 1 2 3 7 6 8 3 8 2 4 1 9 6 5 7 1 4 7 2 6 5 9 8 3 9 5 6 7 3 8 2 4 1 4 10 
8 9 5 3 7 4 2 1 6 2 3 4 6 8 1 5 7 9 7 6 1 9 5 2 8 3 4 6 1 3 8 9 7 4 2 5 5 7 8 2 4 6 3 9 1 4 2 9 1 5 3 7 6 8 3 8 2 4 1 9 6 5 7 9 4 7 5 2 6 1 8 3 1 5 6 7 3 8 9 4 2 3 9 
8 9 4 3 7 5 6 1 2 2 3 1 6 8 1 5 4 9 7 6 5 9 4 2 8 3 7 6 1 3 8 2 7 4 9 5 7 2 8 6 9 4 1 3 8 4 5 9 1 5 3 7 6 2 3 8 2 4 6 9 1 5 7 9 4 7 5 2 1 6 8 3 1 5 6 7 3 8 2 9 4 16 20 
8 9 1 3 7 5 6 4 2 2 3 4 6 8 1 5 7 9 7 6 5 9 4 2 8 3 1 6 1 3 8 9 7 4 2 5 5 7 8 2 6 4 3 9 1 4 2 9 1 5 3 7 6 8 3 8 2 4 1 9 7 5 6 1 4 7 5 2 6 9 8 3 9 5 6 7 3 8 2 1 4 3 9 
9 4 8 3 7 5 2 9 6 2 3 1 6 1 8 5 7 4 7 6 5 9 4 2 8 3 1 6 1 3 8 9 7 4 2 5 5 2 8 6 2 4 3 1 9 4 7 9 1 5 3 7 6 8 3 8 2 4 6 9 7 5 1 6 4 7 2 5 1 9 8 3 1 9 5 7 3 8 2 4 6 16 20 
8 9 1 3 7 5 6 2 4 2 3 4 6 8 1 5 7 9 7 6 5 9 4 2 8 3 1 6 1 3 8 2 7 4 9 5 5 7 8 6 9 4 3 1 2 4 2 9 1 5 3 7 6 8 3 8 2 4 1 9 6 5 7 1 4 7 2 5 6 9 8 3 9 5 6 7 3 8 1 4 2 5 12 
9 8 5 3 7 5 6 2 4 2 3 4 6 8 1 5 9 7 7 6 1 9 4 2 8 3 1 6 1 3 8 9 7 4 9 5 7 2 8 5 4 6 3 7 1 4 5 9 1 2 3 2 6 8 3 8 2 4 6 9 1 5 6 9 4 7 2 1 5 9 8 3 1 5 6 7 3 8 2 7 4 20 19 
8 9 5 3 7 1 2 4 6 2 3 1 6 8 4 5 7 9 7 6 4 9 5 2 8 3 1 6 1 3 8 9 7 4 9 5 5 7 8 5 4 6 3 1 2 4 2 9 1 2 3 7 6 8 3 8 2 4 6 9 1 5 7 9 4 7 2 1 5 6 8 3 1 5 6 7 3 8 9 2 4 4 10 
9 5 4 3 7 8 6 2 1 2 3 8 6 4 1 5 7 9 7 6 1 9 5 2 8 3 4 6 1 3 8 2 7 4 9 5 8 2 5 6 9 4 3 1 7 4 7 9 1 5 3 2 6 8 3 8 2 4 8 9 1 5 6 5 4 7 2 1 6 9 8 3 1 9 6 7 3 5 7 4 2 5 11 
5 9 8 3 7 4 2 1 6 2 3 4 6 8 1 5 7 9 7 6 1 9 5 2 8 3 4 6 1 3 8 9 7 4 2 5 8 7 5 2 4 6 3 9 1 4 2 9 1 5 3 7 6 8 3 8 2 4 1 9 6 5 7 1 4 7 6 2 5 9 8 3 9 5 6 7 3 8 1 4 2 3 8 
8 9 1 3 7 5 2 4 6 2 3 4 6 8 1 5 9 7 7 6 5 9 4 2 8 3 1 6 1 3 8 9 7 4 2 5 5 7 8 2 6 4 3 1 9 4 2 9 1 5 3 7 6 8 3 8 2 4 1 9 6 5 7 1 4 7 5 2 6 9 8 3 9 5 6 7 3 8 1 2 4 3 7 
8 9 4 3 7 5 6 2 9 2 3 1 6 4 8 5 7 1 7 6 5 9 1 2 8 3 4 6 1 3 8 9 7 4 9 5 8 2 5 5 4 6 3 1 2 4 7 9 1 2 3 7 6 8 3 8 2 4 8 9 7 5 6 5 4 7 5 2 6 9 8 3 1 9 6 7 3 1 1 4 2 21 19 
9 5 8 3 7 1 6 4 2 2 3 1 6 4 8 5 9 7 7 6 4 9 5 2 8 3 1 6 1 3 8 9 7 4 2 5 8 7 5 2 6 4 1 3 9 4 2 9 1 5 3 7 6 8 3 8 2 4 1 9 7 5 6 1 4 7 5 2 6 9 8 3 5 9 6 7 3 8 2 1 4 5 11 
5 9 1 3 7 8 6 4 2 2 3 8 6 4 1 5 7 9 7 6 4 9 5 2 8 3 1 6 1 3 8 2 7 4 9 5 8 2 5 6 9 4 3 1 7 4 7 9 1 5 3 2 6 8 3 8 2 4 1 9 7 5 6 1 4 7 2 6 5 9 8 3 9 5 6 7 3 8 1 2 4 4 8 
8 9 1 3 7 5 2 4 6 2 3 4 6 8 1 5 7 9 7 6 5 9 4 2 8 3 1 6 1 3 8 2 7 4 9 5 5 7 8 6 9 4 3 1 2 4 2 9 1 5 3 7 6 8 3 8 2 4 1 9 6 5 7 1 4 7 2 6 5 9 8 3 9 5 6 7 3 8 1 2 4 3 7 
8 9 5 3 7 1 6 4 2 2 3 1 6 8 4 5 9 7 7 6 4 9 5 2 8 3 1 6 1 3 8 9 7 4 2 5 5 7 8 6 2 4 3 1 9 4 2 9 1 5 3 7 6 8 3 8 2 4 1 9 7 5 6 9 4 7 2 6 5 1 8 3 1 5 6 7 3 8 2 9 4 6 13 
5 9 8 3 7 4 2 1 6 2 3 4 6 8 1 5 7 9 7 6 1 9 5 2 8 3 4 6 1 3 8 9 7 4 2 5 8 7 5 2 6 4 3 9 1 4 2 9 1 5 3 7 6 8 3 8 2 4 1 9 6 5 7 9 4 7 5 2 6 1 8 3 1 5 6 7 3 8 9 4 2 3 6 
8 9 5 3 7 4 2 1 6 2 3 4 6 8 1 5 7 9 7 6 1 9 5 2 8 3 4 6 1 3 8 9 7 4 2 5 5 2 8 5 4 6 3 9 1 4 7 9 1 2 3 7 6 8 3 8 2 4 1 9 6 5 7 9 4 7 2 6 5 1 8 3 1 5 6 7 3 8 9 4 2 3 6 
8 9 5 3 7 4 6 2 1 2 3 4 6 1 8 5 9 7 7 6 1 9 5 2 8 3 4 6 1 3 8 9 7 4 9 5 5 2 8 2 4 6 3 1 8 4 7 9 1 5 3 7 6 2 3 8 2 4 6 9 1 5 7 9 4 7 5 2 1 9 8 3 1 5 6 7 3 8 2 4 6 11 18 
5 9 8 3 7 4 6 2 1 2 3 4 6 8 1 5 9 7 7 6 1 9 5 2 8 3 4 6 1 3 8 9 7 4 2 5 8 2 5 5 4 6 3 1 9 4 7 9 1 2 3 7 6 8 3 8 2 4 1 9 7 5 6 9 4 7 2 6 5 1 8 3 1 5 6 7 3 8 9 4 2 5 11 
9 5 4 3 7 8 6 1 2 2 3 8 6 4 1 5 9 7 7 6 1 9 5 2 8 3 4 3 1 6 8 9 7 4 2 5 5 7 8 2 6 4 3 1 9 4 2 9 1 5 3 7 6 8 3 8 2 4 6 9 7 5 6 6 4 7 2 1 5 9 8 3 1 9 5 7 3 8 2 4 1 11 18 
5 9 1 3 7 8 6 4 2 2 3 8 6 1 4 5 9 7 7 6 4 9 5 2 8 3 1 6 1 3 8 9 7 4 2 5 7 2 8 5 4 6 3 1 9 4 5 9 1 2 3 7 6 8 3 8 2 4 8 9 1 5 6 1 4 7 2 6 5 9 8 3 9 5 6 7 3 1 2 7 4 6 12 
8 9 4 3 7 5 2 1 6 2 3 1 6 8 1 5 7 9 7 6 5 9 4 2 8 3 4 6 1 3 8 9 7 4 2 5 5 7 8 2 6 4 3 9 1 4 2 9 1 5 3 7 6 8 3 8 2 4 1 9 6 5 7 1 4 7 5 2 6 9 8 3 9 5 6 7 3 8 1 4 2 3 5 
9 8 1 3 7 4 2 4 6 2 3 4 6 8 1 5 7 9 7 6 5 9 5 2 8 3 1 6 1 3 8 9 7 4 9 5 5 2 8 2 6 4 3 7 1 4 7 9 1 5 3 2 6 8 3 8 2 4 8 9 1 5 6 9 5 7 2 1 6 9 8 3 1 4 6 7 3 5 2 4 7 22 18 
8 9 1 3 7 5 6 4 2 2 3 4 6 8 1 5 7 9 7 6 5 9 4 2 8 3 1 6 1 3 8 6 7 4 9 5 5 2 8 2 9 4 3 1 7 4 7 9 1 5 3 2 6 8 3 8 2 4 1 9 7 5 6 1 4 7 5 2 6 9 8 3 9 5 6 7 3 8 1 2 4 3 5 
9 5 8 3 7 4 6 1 2 2 3 4 6 8 1 5 7 9 7 6 1 9 5 2 8 3 4 6 1 3 8 9 7 4 2 5 7 2 8 5 4 6 3 9 1 4 5 9 1 2 3 7 6 8 3 8 2 4 6 9 1 5 7 6 4 7 2 1 5 9 8 3 1 9 5 7 3 8 2 4 6 5 11 
8 9 1 3 7 8 6 4 2 2 3 4 6 1 4 5 9 7 7 6 5 9 5 2 8 3 1 3 1 6 8 9 7 4 2 5 8 7 5 2 6 4 3 9 1 4 2 9 1 5 3 7 6 8 3 8 2 4 1 9 6 5 7 1 9 7 5 2 6 9 8 3 6 4 5 7 3 8 1 4 2 22 18 
9 8 4 3 7 5 1 2 6 2 3 1 6 4 8 5 7 9 7 6 5 9 1 2 8 3 4 6 1 3 8 2 7 4 9 5 5 7 8 6 9 4 3 1 2 4 2 9 1 5 3 7 6 8 3 8 2 4 8 9 6 5 1 6 4 7 2 5 1 9 8 3 1 9 5 7 3 6 2 4 7 8 17 
9 8 4 3 7 5 6 2 1 2 3 1 6 4 8 5 7 9 7 6 5 9 1 2 8 3 4 6 1 3 8 9 7 4 9 5 5 2 8 2 6 4 3 1 7 4 7 9 1 5 3 2 6 8 3 8 2 4 1 9 7 5 6 1 4 7 5 2 6 9 8 3 5 9 6 7 3 8 1 4 2 7 14 
8 9 4 3 7 5 6 1 2 2 3 1 6 8 4 5 9 7 7 6 5 9 1 2 8 3 4 6 1 3 8 9 7 4 2 5 5 2 8 5 4 6 3 1 9 4 7 9 1 2 3 7 6 8 3 8 2 4 6 9 7 5 1 1 4 7 2 5 1 9 8 3 9 5 6 7 3 8 2 4 6 7 13 
8 9 1 3 7 5 6 2 4 2 3 4 6 8 1 5 9 7 7 6 5 9 4 2 8 3 1 6 1 3 8 9 7 4 2 5 5 7 8 6 2 4 3 1 9 4 2 9 1 5 3 7 6 8 3 8 2 4 1 9 7 5 6 9 4 7 2 5 6 1 8 3 1 5 6 7 3 8 9 4 2 5 11 
5 9 8 3 7 1 9 2 4 2 3 1 6 8 4 5 7 6 7 6 4 9 5 2 8 3 1 6 1 3 8 2 7 4 9 5 8 7 5 6 9 4 3 1 2 4 2 9 1 5 3 7 6 8 3 8 2 4 6 9 1 5 7 9 4 7 2 1 5 6 8 3 1 5 6 7 3 8 2 4 9 6 11 
9 5 8 3 7 1 6 3 2 2 3 4 6 8 4 5 9 1 7 6 1 9 5 2 8 7 4 6 1 3 8 9 7 4 2 5 8 7 5 2 4 6 3 1 9 4 2 9 1 5 3 7 6 8 3 8 2 4 1 9 1 5 7 1 4 7 5 2 6 9 8 3 5 9 6 7 3 8 2 4 6 8 16 
8 9 1 3 7 5 6 2 4 2 3 4 6 8 1 5 7 9 7 6 5 9 4 2 8 3 1 6 1 3 8 9 7 4 9 5 5 2 8 2 6 4 3 1 7 4 7 9 1 5 3 2 6 8 3 8 2 4 1 9 7 5 6 1 4 7 5 2 6 9 8 3 9 5 6 7 3 8 1 4 2 3 5 
8 9 5 3 7 1 6 4 2 2 3 1 6 8 4 5 7 9 7 6 4 9 5 2 8 3 1 6 1 3 8 2 7 4 9 5 5 2 8 6 9 4 3 1 7 4 7 9 1 5 3 2 6 8 3 8 2 4 1 9 7 5 6 9 4 7 2 6 5 1 8 3 1 5 6 7 3 8 9 2 4 4 5 
9 8 1 3 7 4 6 2 1 2 3 4 6 1 8 5 9 7 7 6 5 9 5 2 8 3 4 6 1 3 8 9 7 4 2 5 7 5 8 5 4 6 3 1 9 4 2 9 1 2 3 7 6 8 3 8 2 4 8 9 7 5 6 5 4 7 2 6 1 9 8 3 1 9 6 7 3 5 1 4 2 11 17 
9 8 4 3 7 5 2 9 6 2 3 1 6 4 8 5 7 4 7 6 5 9 1 2 8 3 1 6 1 3 8 9 7 4 2 5 7 2 8 5 6 4 3 1 9 4 5 9 1 2 3 7 6 8 3 8 2 4 8 9 6 5 7 1 4 7 2 5 6 9 8 3 5 9 6 7 3 1 1 4 2 8 16 
8 9 4 3 7 5 2 1 6 2 3 1 6 4 8 5 7 9 7 6 5 9 1 2 8 3 4 6 1 3 8 2 7 4 9 5 5 2 8 6 9 4 7 3 1 4 7 9 1 5 3 2 6 8 3 8 2 4 8 9 6 5 7 9 4 7 2 5 6 1 8 3 1 5 6 7 3 1 9 4 2 7 13 

