MonoObjective Genetic Algorithm
Number of Evaluations = 0
Mutation Probability = 0.0100000000000000002
Crossover Probability = 0.5
Population Size = 100
Survival Selection Type = 16

Time =  300.017059000000017

Current Evaluation = 122200
Front Size = 100
8 9 4 3 7 5 2 1 6 2 3 1 6 8 4 5 7 9 7 6 5 9 1 2 8 3 4 6 1 3 8 9 7 4 2 5 5 7 8 2 4 6 3 9 1 4 2 9 1 5 3 7 6 8 3 8 2 4 6 9 1 5 7 9 4 7 5 2 1 6 8 3 1 5 6 7 3 8 9 4 2 1 14 
9 5 1 3 7 8 6 4 2 2 3 8 6 4 1 5 7 9 7 6 4 9 5 2 8 3 1 6 1 3 8 2 7 4 9 5 8 2 5 6 9 4 3 1 7 4 7 9 1 5 3 2 6 8 3 8 2 4 8 9 7 5 6 5 4 7 2 1 6 9 8 3 1 9 6 7 3 5 1 2 4 5 38 
1 9 8 3 7 5 2 4 6 2 3 4 6 8 1 5 7 9 7 6 5 9 4 2 8 3 1 3 1 6 8 6 7 4 9 5 7 2 5 2 9 4 3 1 8 4 8 9 1 5 3 7 6 2 3 8 2 4 1 9 6 5 7 6 9 7 5 2 6 1 8 3 5 4 1 7 3 8 9 2 4 10 31 
1 9 8 3 7 1 1 2 6 2 3 7 6 8 4 5 4 9 5 6 4 9 5 2 8 3 7 6 1 5 8 9 7 4 9 5 3 2 8 6 4 5 1 3 7 4 7 9 1 2 3 2 6 8 6 3 2 4 8 9 6 5 7 9 4 7 5 6 1 1 8 3 8 5 1 2 3 7 9 2 4 429 35 
9 5 1 3 7 4 3 2 9 2 3 8 6 8 1 5 4 6 7 6 4 9 5 2 8 7 1 6 1 3 8 9 7 4 3 5 8 7 5 2 4 6 1 9 8 4 2 9 1 5 3 7 6 2 3 8 2 4 1 9 6 5 7 1 9 7 6 2 5 9 8 3 6 4 5 7 3 8 2 1 4 15 32 
8 9 5 3 7 1 6 4 2 2 3 1 6 8 4 5 9 7 7 6 4 9 5 2 8 3 1 6 1 3 8 9 7 4 2 5 7 2 8 5 4 6 1 3 9 4 5 9 1 2 3 7 6 8 3 8 2 4 1 9 7 5 6 1 4 7 2 6 5 9 8 3 5 9 6 7 3 8 2 1 4 5 30 
1 9 5 3 7 8 9 3 2 2 3 8 6 4 1 5 7 6 7 6 4 9 5 2 8 1 4 3 1 6 8 2 7 4 9 5 8 7 5 6 9 4 3 2 1 4 2 9 1 5 3 7 6 8 3 8 2 4 1 9 6 5 7 9 4 7 2 6 5 1 8 3 6 5 1 7 3 8 2 4 9 10 29 
9 8 4 3 7 5 6 2 4 2 3 1 6 8 1 5 9 7 7 6 5 9 4 2 8 3 1 3 1 6 8 9 7 4 2 5 8 7 5 6 2 4 3 1 9 4 2 9 1 5 3 7 6 8 3 8 2 4 6 9 1 5 7 6 4 7 2 5 1 9 8 3 5 9 1 7 3 8 2 4 6 12 28 
9 5 8 3 7 5 6 4 2 2 3 4 6 1 8 5 1 9 7 6 1 9 4 2 8 3 7 3 1 6 8 2 7 4 9 5 5 7 8 6 9 4 3 2 1 4 2 9 1 5 3 7 6 8 3 8 2 4 8 9 1 5 6 1 4 7 2 6 5 9 8 3 5 9 6 7 3 1 2 7 4 12 26 
9 5 8 3 7 4 9 1 2 2 3 1 6 1 8 5 7 6 7 6 4 9 5 2 8 3 4 3 1 6 8 9 7 4 2 5 5 2 8 6 4 5 3 9 1 4 7 9 1 2 3 7 6 8 3 8 2 4 8 9 6 5 7 1 9 7 5 2 6 1 8 3 6 4 5 7 3 1 2 4 9 14 28 
5 9 8 3 7 1 6 4 2 2 3 4 6 4 8 5 1 9 7 6 1 9 5 2 8 3 7 6 1 3 8 9 7 4 3 5 5 2 8 2 6 4 9 7 1 4 7 9 1 5 3 2 6 8 3 8 2 4 1 9 7 5 6 1 9 7 5 2 6 1 8 3 6 4 5 7 3 8 2 9 4 15 27 
9 8 1 3 7 5 2 4 6 2 3 4 6 1 8 5 9 7 7 6 5 9 4 2 8 3 1 6 1 3 8 9 7 4 2 5 7 2 8 5 6 4 3 1 9 4 5 9 1 2 3 7 6 8 3 8 2 4 8 9 6 5 7 1 4 7 2 5 6 1 8 3 5 9 6 7 3 1 9 2 4 8 24 
5 9 1 3 7 5 3 2 9 2 3 8 6 4 8 5 1 6 7 6 4 9 1 2 8 7 4 6 1 3 8 9 7 4 3 5 8 2 5 6 2 4 1 9 8 4 7 9 1 5 3 7 6 2 3 8 2 4 8 9 1 5 7 1 4 7 2 5 1 6 8 3 9 5 6 7 3 6 9 4 2 20 27 
8 9 4 3 7 5 6 2 4 2 3 1 6 4 8 5 7 9 7 6 5 9 1 2 8 3 1 3 1 6 8 9 7 4 3 5 7 2 5 5 6 4 9 1 2 4 8 9 1 2 3 7 6 8 1 3 2 4 8 9 1 5 7 9 5 7 5 2 6 9 8 3 6 4 8 7 3 1 2 4 6 119 28 
8 9 1 3 7 5 6 4 2 2 3 4 6 8 1 5 9 7 7 6 5 9 4 2 8 3 1 6 1 3 8 9 7 4 2 5 5 7 8 2 6 4 3 1 9 4 2 9 1 5 3 7 6 8 3 8 2 4 1 9 7 5 6 1 4 7 5 2 6 9 8 3 9 5 6 7 3 8 1 2 4 3 21 
9 5 8 3 7 4 2 1 6 2 3 4 6 8 1 5 7 9 7 6 1 9 5 2 8 3 4 6 1 3 8 9 7 4 2 5 8 7 5 2 6 4 3 9 1 4 2 9 1 5 3 7 6 8 3 8 2 4 1 9 6 5 7 1 4 7 5 2 6 9 8 3 5 9 6 7 3 8 1 4 2 3 20 
8 9 1 3 7 5 2 4 6 2 3 4 6 8 1 5 7 9 7 6 5 9 4 2 8 3 1 6 1 3 8 2 7 4 9 5 5 7 8 6 9 4 3 1 2 4 2 9 1 5 3 7 6 8 3 8 2 4 6 9 1 5 7 9 4 7 2 1 5 6 8 3 1 5 6 7 3 8 9 2 4 3 18 
8 9 5 3 7 4 6 2 1 2 3 4 6 8 1 5 7 9 7 6 1 9 5 2 8 3 4 6 1 3 8 9 7 4 9 5 5 2 8 5 4 6 3 1 7 4 7 9 1 2 3 2 6 8 3 8 2 4 1 9 7 5 6 9 4 7 2 6 5 1 8 3 1 5 6 7 3 8 9 4 2 4 23 
5 9 8 3 7 1 9 4 2 2 3 1 6 8 4 5 7 6 7 6 4 9 5 2 8 3 1 6 1 3 8 9 7 4 2 5 8 7 5 2 4 6 3 1 9 4 2 9 1 5 3 7 6 8 3 8 2 4 1 9 6 5 7 9 4 7 6 2 5 1 8 3 1 5 6 7 3 8 2 9 4 5 22 
9 5 8 3 7 1 2 4 6 2 3 1 6 4 8 5 7 9 7 6 4 9 5 2 8 3 1 6 1 3 8 2 7 4 9 5 8 7 5 6 9 4 3 1 2 4 2 9 1 5 3 7 6 8 3 8 2 4 1 9 6 5 7 1 4 7 2 6 5 9 8 3 5 9 6 7 3 8 1 2 4 4 18 
5 9 8 3 7 1 6 2 4 2 3 1 6 4 8 5 7 9 7 6 4 9 5 2 8 3 1 3 1 6 8 6 7 4 9 5 8 7 5 2 9 4 3 1 8 4 2 9 1 5 3 2 6 7 3 8 2 4 8 9 7 5 6 6 4 7 5 2 1 1 8 3 9 5 1 7 3 6 9 4 2 11 25 
8 9 5 3 7 5 9 2 6 2 3 4 6 8 4 5 4 7 7 6 1 9 1 2 8 3 1 3 1 6 8 6 7 4 2 5 7 2 8 2 9 4 3 9 1 4 5 9 1 5 3 7 6 8 6 3 2 4 6 9 7 5 6 1 9 7 5 2 1 9 8 3 5 8 4 7 3 8 1 4 2 132 27 
8 9 4 3 7 5 6 2 1 2 3 1 6 4 8 5 7 9 7 6 5 9 1 2 8 3 4 6 1 3 8 2 7 4 9 5 5 2 8 6 9 4 3 1 7 4 7 9 1 5 3 2 6 8 3 8 2 4 8 9 7 5 6 1 4 7 5 2 6 9 8 3 9 5 6 7 3 1 1 4 2 5 21 
9 5 4 3 7 8 6 1 2 2 3 8 6 1 4 5 7 9 7 6 1 9 5 2 8 3 4 6 1 3 8 9 7 4 2 5 8 7 5 5 4 6 3 9 1 4 2 9 1 2 3 7 6 8 3 8 2 4 8 9 1 5 6 1 4 7 2 6 5 9 8 3 5 9 6 7 3 1 2 4 7 5 20 
5 9 8 3 7 5 2 3 4 2 3 1 6 1 8 5 9 6 7 6 4 9 4 2 8 7 1 3 1 6 8 9 7 4 2 5 7 2 8 5 6 4 3 1 9 4 5 9 1 2 3 7 6 8 3 8 2 4 6 9 1 5 7 6 9 7 5 2 1 6 8 3 1 4 5 7 3 8 9 4 2 17 25 
8 9 5 3 7 4 2 1 6 2 3 4 6 8 1 5 7 9 7 6 1 9 5 2 8 3 4 6 1 3 8 9 7 4 2 5 7 2 8 5 4 6 3 9 1 4 5 9 1 2 3 7 6 8 3 8 2 4 6 9 1 5 7 9 4 7 2 1 5 6 8 3 1 5 6 7 3 8 9 4 2 3 14 
8 9 4 3 7 5 6 1 2 2 3 1 6 4 8 5 7 9 7 6 5 9 1 2 8 3 4 6 1 3 8 9 7 4 2 5 5 7 8 2 6 4 3 9 1 4 2 9 1 5 3 7 6 8 3 8 2 4 8 9 1 5 6 1 4 7 5 2 6 9 8 3 9 5 6 7 3 1 2 4 7 3 14 
9 5 4 3 7 8 6 2 1 2 3 8 6 4 1 5 7 9 7 6 1 9 5 2 8 3 4 3 1 6 8 2 7 4 9 5 5 7 8 6 9 4 3 1 2 4 2 9 1 5 3 7 6 8 3 8 2 4 6 9 1 5 7 6 4 7 2 1 5 9 8 3 1 9 5 7 3 8 2 4 6 6 20 
8 9 1 3 7 5 6 4 2 2 3 4 6 8 1 5 7 9 7 6 5 9 4 2 8 3 1 6 1 3 8 2 7 4 9 5 5 2 8 6 9 4 3 1 7 4 7 9 1 5 3 2 6 8 3 8 2 4 1 9 7 5 6 9 4 7 5 2 6 1 8 3 1 5 6 7 3 8 9 2 4 3 13 
1 9 8 3 7 4 6 9 2 2 3 4 6 8 1 5 7 4 7 6 5 9 5 2 8 3 1 6 1 3 8 9 7 4 2 5 8 7 5 5 4 6 3 1 9 4 2 9 1 2 3 7 6 8 3 8 2 4 6 9 1 5 7 6 4 7 2 1 5 9 8 3 9 5 1 7 3 8 2 4 6 8 20 
9 4 1 3 7 5 2 9 6 2 3 8 6 4 8 5 1 7 7 6 5 9 1 2 8 3 4 3 1 6 8 9 7 4 2 5 8 7 5 2 6 4 3 1 9 4 2 9 1 5 3 7 6 8 3 8 2 4 8 9 1 5 7 1 9 7 5 2 6 6 8 3 6 5 4 7 3 1 9 4 2 10 22 
8 9 1 3 7 5 2 3 6 2 3 4 6 8 1 5 7 9 7 6 5 9 4 2 8 1 4 6 1 3 8 9 7 4 2 5 5 7 8 2 6 4 3 9 1 4 2 9 1 5 3 7 6 8 3 8 2 4 1 9 6 5 7 9 4 7 5 2 6 1 8 3 1 5 6 7 3 8 9 4 2 3 12 
8 9 5 3 7 1 6 4 2 2 3 1 6 8 4 5 7 9 7 6 4 9 5 2 8 3 1 6 1 3 8 9 7 4 9 5 5 2 8 2 4 6 3 1 7 4 7 9 1 5 3 2 6 8 3 8 2 4 1 9 7 5 6 1 4 7 6 2 5 9 8 3 9 5 6 7 3 8 1 2 4 5 16 
8 9 5 3 7 4 6 1 2 2 3 4 6 8 1 5 9 7 7 6 1 9 5 2 8 3 4 6 1 3 8 9 7 4 2 5 5 7 8 2 6 4 9 3 1 4 2 9 1 5 3 7 6 8 3 8 2 4 1 9 7 5 6 9 4 7 5 2 6 1 8 3 1 5 6 7 3 8 2 4 9 5 15 
8 9 4 3 7 5 6 1 2 2 3 1 6 8 4 5 7 9 7 6 5 9 1 2 8 3 4 6 1 3 8 9 7 4 2 5 7 2 8 5 4 6 3 9 1 4 5 9 1 2 3 7 6 8 3 8 2 4 6 9 1 5 7 6 4 7 2 5 1 9 8 3 9 5 1 7 3 8 2 4 6 5 15 
9 5 4 3 7 8 6 2 1 2 3 8 6 4 1 5 7 9 7 6 1 9 5 2 8 3 4 6 1 3 8 9 7 4 9 5 8 2 5 2 6 4 3 1 7 4 7 9 1 5 3 2 6 8 3 8 2 4 1 9 7 5 6 1 4 7 5 2 6 9 8 3 5 9 6 7 3 8 1 4 2 5 15 
9 8 5 3 7 5 6 2 1 2 3 4 6 1 8 5 4 9 7 6 1 9 4 2 8 3 7 6 1 3 8 9 7 4 2 5 5 7 8 2 6 4 3 1 9 4 2 9 1 5 3 7 6 8 3 8 2 4 8 9 7 5 6 6 9 7 5 2 1 1 8 3 5 4 1 7 3 6 2 9 4 14 22 
5 9 8 3 7 4 1 2 6 2 3 4 6 8 1 5 7 9 7 6 1 9 5 2 8 3 4 6 1 3 8 2 7 4 9 5 8 7 5 6 9 4 3 1 2 4 2 9 1 5 3 7 6 8 3 8 2 4 1 9 6 5 7 1 4 7 5 2 6 9 8 3 9 5 6 7 3 8 2 4 1 5 14 
8 9 4 3 7 5 2 9 6 2 3 1 6 8 1 5 7 4 7 6 5 9 4 2 8 3 1 6 1 3 8 9 7 4 2 5 5 7 8 2 6 4 3 1 9 4 2 9 1 5 3 7 6 8 3 8 2 4 1 9 6 5 7 1 4 7 5 2 6 9 8 3 9 5 6 7 3 8 1 4 2 3 11 
9 5 8 3 7 1 6 4 2 2 3 1 6 8 4 5 9 7 7 6 4 9 5 2 8 3 1 6 1 3 8 9 7 4 2 5 5 7 8 2 6 4 1 3 9 4 2 9 1 5 3 7 6 8 3 8 2 4 6 9 1 5 7 6 4 7 2 1 5 9 8 3 1 9 5 7 3 8 6 4 2 13 20 
8 9 5 3 7 4 2 1 6 2 3 4 6 8 1 5 7 9 7 6 1 9 5 2 8 3 4 6 1 3 8 9 7 4 2 5 5 7 8 2 4 6 3 9 1 4 2 9 1 5 3 7 6 8 3 8 2 4 1 9 6 5 7 1 4 7 6 2 5 9 8 3 9 5 6 7 3 8 1 4 2 3 11 
9 5 8 3 7 1 3 2 6 2 3 1 6 4 8 5 7 9 7 6 4 9 5 2 8 1 4 6 1 3 8 9 7 4 9 5 8 7 5 5 6 4 2 3 1 4 2 9 1 2 3 7 6 8 3 8 2 4 8 9 6 5 7 5 4 7 2 1 6 9 8 3 1 9 6 7 3 5 1 4 2 8 19 
9 8 5 3 7 1 2 9 6 2 3 1 6 8 4 5 7 4 7 6 4 9 5 2 8 3 1 6 1 3 8 9 7 4 2 5 7 2 8 5 4 6 3 1 9 4 5 9 1 2 3 7 6 8 3 8 2 4 1 9 6 5 7 1 4 7 2 6 5 9 8 3 5 9 6 7 3 8 1 4 2 5 14 
9 5 8 3 7 5 1 2 6 2 3 4 6 8 1 5 7 9 7 6 1 9 4 2 8 3 4 3 1 6 8 2 7 4 9 5 8 2 5 6 9 4 7 3 1 4 7 9 1 5 3 2 6 8 3 8 2 4 1 9 6 5 7 1 4 7 2 5 6 9 8 3 6 9 5 7 3 8 1 4 2 9 19 
9 5 1 3 7 8 6 4 2 2 3 8 6 4 1 5 9 7 7 6 4 9 5 2 8 3 1 6 1 3 8 9 7 4 2 5 8 7 5 5 6 4 3 1 9 4 2 9 1 2 3 7 6 8 3 8 2 4 8 9 1 5 6 5 4 7 2 1 6 9 8 3 1 9 6 7 3 5 2 7 4 5 14 
1 9 8 3 7 5 6 4 2 2 3 4 6 8 1 5 7 9 7 6 5 9 4 2 8 3 1 3 1 6 8 9 7 4 9 5 8 7 5 2 6 4 3 1 8 4 2 9 1 5 3 2 6 7 3 8 2 4 1 9 7 5 6 9 4 7 5 2 6 1 8 3 6 5 1 7 3 8 9 2 4 6 15 
5 9 4 3 7 5 6 9 2 2 3 8 6 4 8 5 1 4 7 6 1 9 1 2 8 3 7 6 1 3 8 6 7 4 2 5 8 2 5 2 9 4 9 3 1 4 7 9 1 5 3 7 6 8 3 8 2 4 8 9 7 5 6 9 4 7 5 2 1 2 8 3 1 5 6 7 3 6 1 4 9 17 22 
9 5 4 3 7 8 6 1 2 2 3 8 6 4 1 5 7 9 7 6 1 9 5 2 8 3 4 6 1 3 8 9 7 4 2 5 8 7 5 2 6 4 3 9 1 4 2 9 1 5 3 7 6 8 3 8 2 4 8 9 1 5 7 5 9 7 2 1 6 2 8 3 1 4 6 7 3 5 9 4 6 7 17 
9 5 4 3 7 8 6 2 1 2 3 8 6 1 4 5 9 7 7 6 1 9 5 2 8 3 4 6 1 3 8 9 7 4 2 5 5 7 8 2 4 6 3 1 9 4 2 9 1 5 3 7 6 8 3 8 2 4 8 9 1 5 6 6 4 7 5 2 1 9 8 3 1 9 5 7 3 6 7 4 2 9 19 
5 9 8 3 7 1 6 3 2 2 3 4 6 4 8 5 1 9 7 6 1 9 5 2 8 4 7 6 1 3 8 2 7 4 9 5 8 7 5 6 9 4 3 2 1 4 2 9 1 5 3 7 6 8 3 8 2 4 6 9 1 5 6 9 4 7 2 1 5 2 8 3 1 5 6 7 3 8 9 7 4 10 19 
1 9 8 3 7 5 3 2 6 2 3 4 6 1 8 5 7 9 7 6 5 9 4 2 8 1 4 6 1 3 8 9 7 4 2 5 7 2 8 5 4 6 1 3 9 4 5 9 1 2 3 7 6 8 3 8 2 4 6 9 7 5 1 6 4 7 2 5 1 9 8 3 5 9 1 7 3 8 6 4 2 12 19 
8 9 5 3 7 4 6 1 2 2 3 4 6 1 8 5 7 9 7 6 1 9 5 2 8 3 4 6 1 3 8 2 7 4 9 5 5 7 8 6 9 4 3 2 1 4 2 9 1 5 3 7 6 8 3 8 2 4 8 9 1 5 6 6 4 7 2 1 5 9 8 3 9 5 1 7 3 6 2 4 7 9 17 
5 9 4 3 7 8 2 1 6 2 3 8 6 4 1 5 7 9 7 6 1 9 5 2 8 3 4 6 1 3 8 9 7 4 2 5 8 7 5 2 6 4 3 9 1 4 2 9 1 5 3 7 6 8 3 8 2 4 1 9 6 5 7 9 4 7 5 2 6 1 8 3 1 5 6 7 3 8 9 4 2 3 11 
5 9 8 3 7 4 6 2 1 2 3 4 6 8 1 5 7 9 7 6 1 9 5 2 8 3 4 6 1 3 8 2 7 4 9 5 8 2 5 6 9 4 3 1 7 4 7 9 1 5 3 2 6 8 3 8 2 4 1 9 7 5 6 1 4 7 2 6 5 9 8 3 9 5 6 7 3 8 1 4 2 4 13 
5 9 8 3 7 4 6 1 2 2 3 4 6 8 1 5 7 9 7 6 1 9 5 2 8 3 4 3 1 6 8 9 7 4 2 5 7 2 8 5 4 6 1 3 9 4 5 9 1 2 3 7 6 8 3 8 2 4 1 9 7 5 6 6 9 7 2 6 5 1 8 3 1 4 5 7 3 8 2 9 4 12 19 
9 5 1 3 7 8 6 4 2 2 3 8 6 1 4 5 1 9 7 6 4 9 5 2 8 3 7 3 1 6 8 9 7 4 2 5 5 2 8 2 4 6 9 3 1 4 7 9 1 5 3 7 6 8 3 8 2 4 8 9 7 5 6 1 9 7 5 2 6 1 8 3 5 4 6 7 3 1 9 2 4 18 21 
9 5 8 3 7 8 6 1 2 2 3 1 6 1 4 5 9 7 7 6 4 9 5 2 8 3 4 6 1 3 8 9 7 4 2 5 8 2 5 5 4 6 1 3 9 4 7 9 1 2 3 7 6 8 3 8 2 4 8 9 7 5 1 5 9 7 2 6 5 2 8 3 1 4 6 7 3 1 9 4 6 14 19 
5 9 8 3 7 4 2 1 6 2 3 4 6 8 1 5 7 9 7 6 1 9 5 2 8 3 4 6 1 3 8 2 7 4 9 5 8 7 5 6 9 4 3 2 1 4 2 9 1 5 3 7 6 8 3 8 2 4 6 9 1 5 7 9 4 7 2 1 5 6 8 3 1 5 6 7 3 8 9 4 2 4 13 
9 5 8 3 7 5 6 1 2 2 3 4 6 8 1 5 9 7 7 6 1 9 4 2 8 3 4 6 1 3 8 2 7 4 9 5 5 7 8 6 9 4 3 7 1 4 2 9 1 5 3 2 6 8 3 8 2 4 6 9 1 5 7 6 4 7 2 5 1 9 8 3 1 9 5 7 3 8 6 2 4 14 19 
8 9 4 3 7 5 3 2 6 2 3 1 6 4 8 5 7 9 7 6 5 9 1 2 8 1 4 6 1 3 8 2 7 4 9 5 5 2 8 6 9 4 1 3 7 4 7 9 1 5 3 2 6 8 3 8 2 4 6 9 7 5 1 9 4 7 2 5 1 6 8 3 1 5 6 7 3 8 9 4 2 6 15 
5 9 4 3 7 4 6 1 2 2 3 8 6 8 1 5 9 7 7 6 1 9 5 2 8 3 4 6 1 3 8 9 7 4 9 5 8 2 5 2 4 6 3 7 1 4 7 9 1 5 3 2 6 8 3 8 2 4 1 9 7 5 6 9 4 7 6 2 5 1 8 3 1 5 6 7 3 8 9 2 4 9 17 
8 9 1 3 7 5 2 3 6 2 3 4 6 1 8 5 7 9 7 6 5 9 4 2 8 1 4 6 1 3 8 9 7 4 2 5 7 2 8 5 6 4 3 9 1 4 5 9 1 2 3 7 6 8 3 8 2 4 8 9 1 5 7 1 4 7 2 5 6 9 8 3 9 5 6 7 3 1 6 4 2 7 16 
9 5 4 3 7 8 2 1 6 2 3 8 6 4 1 5 9 7 7 6 1 9 5 2 8 3 4 3 1 6 8 2 7 4 9 5 5 7 8 6 9 4 3 2 1 4 2 9 1 5 3 7 6 8 3 8 2 4 8 9 1 5 7 1 9 7 2 6 5 6 8 3 6 4 5 7 3 1 9 4 2 11 17 
5 9 8 3 7 1 6 4 2 2 3 1 6 4 8 5 7 9 7 6 4 9 5 2 8 3 1 6 1 3 8 9 7 4 9 5 8 2 5 2 6 4 3 1 7 4 7 9 1 5 3 2 6 8 3 8 2 4 1 9 7 5 6 9 4 7 5 2 6 1 8 3 1 5 6 7 3 8 9 2 4 5 13 
9 5 8 3 7 5 6 4 2 2 3 4 6 8 1 5 1 9 7 6 1 9 4 2 8 3 7 3 1 6 8 9 7 4 2 5 8 7 5 6 2 4 9 3 1 4 2 9 1 5 3 7 6 8 3 8 2 4 6 9 7 5 1 1 9 7 2 1 5 6 8 3 5 4 6 7 3 8 2 9 4 14 18 
9 5 4 3 7 8 6 1 2 2 3 8 6 4 1 5 9 7 7 6 1 9 5 2 8 3 4 6 1 3 8 9 7 4 2 5 8 7 5 2 6 4 1 3 9 4 2 9 1 5 3 7 6 8 3 8 2 4 1 9 7 5 6 1 4 7 5 2 6 9 8 3 5 9 6 7 3 8 2 4 1 5 13 
8 9 1 3 7 5 6 4 2 2 3 4 6 1 8 5 9 7 7 6 5 9 4 2 8 3 1 6 1 3 8 9 7 4 2 5 5 7 8 6 2 4 3 1 9 4 2 9 1 5 3 7 6 8 3 8 2 4 8 9 1 5 6 9 4 7 2 6 5 2 8 3 1 5 6 7 3 1 9 7 4 7 15 
9 5 8 3 7 4 6 2 1 2 3 4 6 1 8 5 7 9 7 6 1 9 5 2 8 3 4 6 1 3 8 9 7 4 9 5 8 2 5 5 4 6 3 1 7 4 7 9 1 2 3 2 6 8 3 8 2 4 8 9 1 5 6 1 4 7 2 6 5 9 8 3 5 9 6 7 3 1 7 4 2 6 14 
1 9 8 3 7 5 3 2 6 2 3 4 6 8 1 5 7 9 7 6 5 9 4 2 8 1 4 3 1 6 8 9 7 4 9 5 8 2 5 2 6 4 7 3 1 4 7 9 1 5 3 2 6 8 3 8 2 4 1 9 6 5 7 9 4 7 5 2 6 1 8 3 6 5 1 7 3 8 9 4 2 7 15 
9 5 8 3 7 1 6 4 2 2 3 1 6 4 8 5 7 9 7 6 4 9 5 2 8 3 1 6 1 3 8 9 7 4 2 5 8 2 5 5 6 4 3 9 1 4 7 9 1 2 3 7 6 8 3 8 2 4 8 9 7 5 6 1 4 7 2 1 5 9 8 3 5 9 6 7 3 6 1 2 4 9 16 
8 9 1 3 7 5 6 2 4 2 3 4 6 4 8 5 9 1 7 6 5 9 1 2 8 3 7 6 1 3 8 9 7 4 2 5 7 5 8 6 2 4 3 9 1 4 2 9 1 5 3 7 6 8 3 8 2 4 6 9 7 5 6 5 4 7 5 2 1 9 8 3 1 9 6 7 3 8 1 4 2 15 20 
9 8 1 3 7 5 6 4 2 2 3 4 6 1 8 5 7 9 7 6 5 9 4 2 8 3 1 6 1 3 8 9 7 4 2 5 7 2 8 2 6 4 3 9 1 4 5 9 1 5 3 7 6 8 3 8 2 4 8 9 6 5 7 6 4 7 5 2 1 9 8 3 1 9 5 7 3 6 1 2 4 12 17 
8 9 4 3 7 5 1 2 6 2 3 1 6 8 4 5 7 9 7 6 5 9 1 2 8 3 4 6 1 3 8 9 7 4 9 5 5 2 8 2 4 6 3 1 7 4 7 9 1 5 3 2 6 8 3 8 2 4 6 9 7 5 1 9 4 7 5 2 1 6 8 3 1 5 6 7 3 8 9 4 2 3 10 
9 8 5 3 7 4 6 1 2 2 3 4 6 1 8 5 7 9 7 6 1 9 5 2 8 3 4 3 1 6 8 9 7 4 2 5 5 7 8 6 2 4 3 9 1 4 2 9 1 5 3 7 6 8 3 8 2 4 8 9 1 5 7 6 4 7 5 2 1 9 8 3 1 9 5 7 3 6 2 4 6 10 16 
9 8 4 3 7 5 2 1 6 2 3 1 6 8 4 5 7 9 7 6 5 9 1 2 8 3 4 6 1 3 8 9 7 4 2 5 7 2 8 5 6 4 3 9 1 4 5 9 1 2 3 7 6 8 3 8 2 4 1 9 6 5 7 5 4 7 2 5 6 9 8 3 1 9 6 7 3 8 1 4 2 7 15 
9 5 8 3 7 1 6 2 4 2 3 1 6 8 4 5 9 7 7 6 4 9 5 2 8 3 1 6 1 3 8 2 7 4 9 5 8 7 5 6 9 4 3 7 1 4 2 9 1 5 3 2 6 8 3 8 2 4 1 9 7 5 6 5 4 7 2 6 5 9 8 3 1 9 6 7 3 8 1 4 2 10 16 
1 9 8 3 7 4 6 3 2 2 3 4 6 8 1 5 7 9 7 6 5 9 5 2 8 1 4 3 1 6 8 9 7 4 2 5 5 7 8 2 4 6 3 9 1 4 2 9 1 5 3 7 6 8 3 8 2 4 6 9 1 5 7 6 4 7 5 2 1 9 8 3 9 5 1 7 3 8 2 4 6 7 15 
8 9 1 3 7 5 6 4 2 2 3 4 6 8 1 5 7 9 7 6 5 9 4 2 8 3 1 6 1 3 8 9 7 4 2 5 5 7 8 2 6 4 3 1 9 4 2 9 1 5 3 7 6 8 3 8 2 4 1 9 6 5 7 9 4 7 5 2 6 1 8 3 1 5 6 7 3 8 2 9 4 3 9 
8 9 5 3 7 1 2 4 6 2 3 1 6 8 4 5 7 9 7 6 4 9 5 2 8 3 1 6 1 3 8 9 7 4 9 5 5 7 8 5 4 6 3 1 2 4 2 9 1 2 3 7 6 8 3 8 2 4 1 9 6 5 7 1 4 7 2 6 5 9 8 3 9 5 6 7 3 8 1 2 4 4 12 
1 9 8 3 7 5 2 4 6 2 3 4 6 8 1 5 7 9 7 6 5 9 4 2 8 3 1 3 1 6 8 2 7 4 9 5 8 7 5 6 9 4 3 1 2 4 2 9 1 5 3 7 6 8 3 8 2 4 6 9 1 5 7 6 4 7 5 2 1 9 8 3 9 5 1 7 3 8 6 2 4 6 14 
5 9 8 3 7 5 6 1 2 2 3 1 6 4 8 5 9 7 7 6 4 9 1 2 8 3 4 6 1 3 8 9 7 4 2 5 8 2 5 5 6 4 3 1 9 4 7 9 1 2 3 7 6 8 3 8 2 4 6 9 7 5 1 6 4 7 2 5 1 9 8 3 9 5 1 7 3 8 2 4 6 11 16 
9 5 8 3 7 1 6 4 2 2 3 1 6 8 4 5 9 7 7 6 4 9 5 2 8 3 1 6 1 3 8 9 7 4 2 5 8 7 5 2 4 6 3 1 9 4 2 9 1 5 3 7 6 8 3 8 2 4 1 9 1 5 6 1 4 7 6 2 5 9 8 3 5 9 6 7 3 8 2 7 4 5 12 
5 9 8 3 7 1 2 9 6 2 3 4 6 8 4 5 7 1 7 6 1 9 5 2 8 3 4 6 1 3 8 9 7 4 2 5 8 7 5 5 4 6 3 1 9 4 2 9 1 2 3 7 6 8 3 8 2 4 6 9 1 5 7 9 4 7 2 1 5 6 8 3 1 5 6 7 3 8 9 4 2 5 12 
8 9 5 3 7 1 6 4 2 2 3 4 6 4 8 5 1 9 7 6 1 9 5 2 8 3 7 6 1 3 8 2 7 4 9 5 5 2 8 6 9 4 3 7 1 4 7 9 1 5 3 2 6 8 3 8 2 4 1 9 7 5 6 1 4 7 2 6 5 9 8 3 9 5 6 7 3 8 1 2 4 6 14 
9 5 8 3 7 5 6 1 2 2 3 1 6 4 8 5 9 7 7 6 4 9 1 2 8 3 4 3 1 6 8 9 7 4 9 5 5 2 8 2 6 4 3 7 1 4 7 9 1 5 3 2 6 8 3 8 2 4 1 9 6 5 7 1 4 7 2 6 5 9 8 3 5 9 6 7 3 8 1 2 4 18 20 
9 5 1 3 7 8 6 3 2 2 3 8 6 4 1 5 1 9 7 6 4 9 5 2 8 4 7 3 1 6 8 2 7 4 9 5 5 2 8 6 9 4 3 7 1 4 7 9 1 5 3 2 6 8 3 8 2 4 1 9 6 5 7 6 9 7 2 6 5 9 8 3 1 4 5 7 3 8 1 2 4 16 18 
8 9 4 3 7 1 2 4 6 2 3 1 6 4 8 5 7 9 7 6 5 9 5 2 8 3 1 3 1 6 8 9 7 4 9 5 8 7 5 5 6 4 3 7 1 4 2 9 1 2 3 2 6 8 3 8 2 4 8 9 7 5 6 6 4 7 2 1 5 1 8 3 9 5 1 7 3 6 9 2 4 20 18 
8 9 5 3 7 4 1 2 6 2 3 4 6 8 1 5 7 9 7 6 1 9 5 2 8 3 4 6 1 3 8 2 7 4 9 5 5 2 8 6 9 4 3 1 7 4 7 9 1 5 3 2 6 8 3 8 2 4 6 9 7 5 1 9 4 7 2 1 5 6 8 3 1 5 6 7 3 8 9 4 2 4 11 
8 9 5 3 7 1 2 4 6 2 3 1 6 4 8 5 7 9 7 6 4 9 5 2 8 3 1 6 1 3 8 6 7 4 9 5 5 2 8 2 9 4 3 7 1 4 7 9 1 5 3 2 6 8 3 8 2 4 1 9 6 5 7 1 5 7 5 2 6 9 8 3 9 4 6 7 3 8 1 2 4 10 15 
8 9 5 3 7 4 2 3 6 2 3 4 6 1 8 5 9 1 7 6 1 9 5 2 8 7 4 6 1 3 8 9 7 4 2 5 5 7 8 2 4 6 3 1 9 4 2 9 1 5 3 7 6 8 3 8 2 4 6 9 1 5 7 9 4 7 5 2 1 6 8 3 1 5 6 7 3 8 9 4 2 6 13 
9 8 5 3 7 4 6 1 2 2 3 4 6 8 1 5 9 7 7 6 1 9 5 2 8 3 4 3 1 6 8 9 7 4 2 5 8 7 5 2 4 6 3 1 9 4 2 9 1 5 3 7 6 8 3 8 2 4 6 9 1 5 7 6 4 7 5 2 1 2 8 3 5 9 1 7 3 8 9 4 6 11 15 
8 9 4 3 7 5 2 1 6 2 3 1 6 4 8 5 7 9 7 6 5 9 1 2 8 3 4 6 1 3 8 9 7 4 2 5 5 7 8 2 6 4 3 9 1 4 2 9 1 5 3 7 6 8 3 8 2 4 1 9 6 5 7 1 4 7 5 2 6 9 8 3 9 5 6 7 3 8 1 4 2 3 8 
9 8 5 3 7 4 2 1 6 2 3 4 6 1 8 5 7 9 7 6 1 9 5 2 8 3 4 6 1 3 8 9 7 4 2 5 7 2 8 5 4 6 3 9 1 4 5 9 1 2 3 7 6 8 3 8 2 4 8 9 6 5 7 5 9 7 2 6 1 1 8 3 1 4 6 7 3 5 9 4 2 6 13 
8 9 4 3 7 5 6 1 2 2 3 1 6 8 4 5 7 9 7 6 5 9 1 2 8 3 4 6 1 3 8 9 7 4 2 5 5 7 8 2 4 6 3 9 1 4 2 9 1 5 3 7 6 8 3 8 2 4 6 9 1 5 7 6 4 7 5 2 1 9 8 3 9 5 1 7 3 8 2 4 6 3 7 
8 9 1 3 7 5 2 4 6 2 3 4 6 8 1 5 7 9 7 6 5 9 4 2 8 3 1 6 1 3 8 9 7 4 9 5 7 2 5 2 6 4 3 1 8 4 8 9 1 5 3 7 6 2 3 8 2 4 1 9 6 5 7 1 4 7 5 2 6 9 8 3 9 5 6 7 3 8 1 2 4 6 13 
5 9 1 3 7 8 6 2 4 2 3 8 6 4 1 5 7 9 7 6 4 9 5 2 8 3 1 6 1 3 8 2 7 4 9 5 8 2 5 6 9 4 3 1 7 4 7 9 1 5 3 2 6 8 3 8 2 4 1 9 7 5 6 1 4 7 2 6 5 9 8 3 9 5 6 7 3 8 1 4 2 4 7 
8 9 5 3 7 4 6 1 2 2 3 4 6 8 1 5 7 9 7 6 1 9 5 2 8 3 4 3 1 6 8 9 7 4 2 5 5 2 8 5 4 6 3 9 1 4 7 9 1 2 3 7 6 8 3 8 2 4 6 9 1 5 7 6 4 7 2 1 5 9 8 3 9 5 1 7 3 8 2 4 6 5 12 
8 9 5 3 7 5 6 2 1 2 3 4 6 8 1 5 7 9 7 6 1 9 4 2 8 3 4 6 1 3 8 2 7 4 9 5 5 7 8 6 9 4 3 1 2 4 2 9 1 5 3 7 6 8 3 8 2 4 6 9 1 5 7 6 4 7 5 2 1 9 8 3 9 5 1 7 3 8 2 4 6 8 14 
8 9 1 3 7 5 2 4 6 2 3 4 6 8 1 5 7 9 7 6 5 9 4 2 8 3 1 6 1 3 8 2 7 4 9 5 5 7 8 6 9 4 3 1 2 4 2 9 1 5 3 7 6 8 3 8 2 4 1 9 6 5 7 9 4 7 5 2 6 1 8 3 1 5 6 7 3 8 9 2 4 3 6 
5 9 8 3 7 4 9 1 2 2 3 4 6 8 1 5 7 6 7 6 1 9 5 2 8 3 4 6 1 3 8 9 7 4 2 5 8 7 5 2 4 6 3 9 1 4 2 9 1 5 3 7 6 8 3 8 2 4 1 9 6 5 7 9 4 7 5 2 6 1 8 3 1 5 6 7 3 8 2 4 9 5 11 

