MonoObjective Genetic Algorithm
Number of Evaluations = 0
Mutation Probability = 0.0100000000000000002
Crossover Probability = 0.5
Population Size = 100
Survival Selection Type = 16

Time =  300.054437000000007

Current Evaluation = 124600
Front Size = 100
8 9 4 3 7 5 2 1 6 2 3 1 6 8 4 5 7 9 7 6 5 9 1 2 8 3 4 6 1 3 8 9 7 4 2 5 5 7 8 2 4 6 3 9 1 4 2 9 1 5 3 7 6 8 3 8 2 4 6 9 1 5 7 9 4 7 5 2 1 6 8 3 1 5 6 7 3 8 9 4 2 1 13 
9 5 1 3 7 8 6 4 2 2 3 8 6 4 1 5 9 7 7 6 4 9 5 2 8 3 1 6 1 3 8 9 7 4 2 5 8 7 5 6 2 4 1 3 9 4 2 9 1 5 3 7 6 8 3 8 2 4 1 9 7 5 6 1 4 7 2 6 5 9 8 3 5 9 6 7 3 8 2 1 4 6 36 
5 9 4 3 7 5 1 9 2 2 3 8 6 8 1 5 4 6 7 6 1 9 4 2 8 3 7 3 1 6 8 9 7 4 9 5 8 2 5 2 6 4 3 7 1 4 7 9 1 5 3 2 6 8 6 3 2 4 8 9 7 5 6 5 9 7 2 1 6 1 8 3 8 4 1 7 3 5 9 2 4 122 37 
1 9 8 3 7 5 6 2 4 2 3 4 6 8 1 5 7 9 7 6 5 9 4 2 8 3 1 3 1 6 8 2 7 4 9 5 8 7 5 6 9 4 3 1 2 4 2 9 1 5 3 7 6 8 3 8 2 4 6 9 1 5 7 6 4 7 2 1 5 9 8 3 9 5 1 7 3 8 2 4 6 5 29 
9 8 5 3 7 5 1 2 4 2 3 1 6 1 8 5 9 6 7 6 4 9 4 2 8 3 7 6 1 2 8 9 7 4 3 5 3 7 8 5 4 6 7 1 9 4 5 9 1 2 3 2 6 8 1 3 2 4 1 9 7 5 6 9 5 7 2 6 5 1 8 3 8 4 6 7 3 8 9 4 2 224 34 
8 9 5 3 7 1 2 4 6 2 3 1 6 4 8 5 7 9 7 6 4 9 5 2 8 3 1 6 1 3 8 6 7 4 9 5 7 2 8 5 9 4 3 1 2 4 5 9 1 2 3 7 6 8 3 8 2 4 8 9 6 5 7 5 9 7 2 1 6 1 8 3 1 4 6 7 3 5 9 2 4 8 31 
8 9 1 3 7 5 6 4 2 2 3 4 6 8 1 5 7 9 7 6 5 9 4 2 8 3 1 6 1 3 8 6 7 4 9 5 5 2 8 2 9 4 3 1 7 4 7 9 1 5 3 2 6 8 3 8 2 4 1 9 7 5 6 1 4 7 5 2 6 9 8 3 9 5 6 7 3 8 1 2 4 3 25 
9 8 4 3 7 5 6 1 2 2 3 1 6 4 8 5 7 9 7 6 5 9 1 2 8 3 4 6 1 3 8 9 7 4 2 5 7 2 8 5 6 4 3 9 1 4 5 9 1 2 3 7 6 8 3 8 2 4 8 9 1 5 6 1 4 7 2 5 6 9 8 3 5 9 6 7 3 1 2 4 7 5 25 
5 9 8 3 7 1 6 2 4 2 3 1 6 8 4 5 7 9 7 6 4 9 5 2 8 3 1 6 1 3 8 9 7 4 9 5 8 2 5 5 4 6 3 1 7 4 7 9 1 2 3 2 6 8 3 8 2 4 1 9 7 5 6 9 4 7 2 6 5 1 8 3 1 5 6 7 3 8 9 4 2 4 24 
9 4 8 3 7 5 2 9 6 2 3 1 6 1 8 5 7 4 7 6 5 9 4 2 8 3 1 3 1 6 8 9 7 4 2 5 5 7 8 6 2 4 3 1 9 4 2 9 1 5 3 7 6 8 3 8 2 4 8 9 6 5 7 1 5 7 2 6 1 9 8 3 6 9 4 7 3 5 1 4 2 10 27 
8 9 5 3 7 4 1 2 6 2 3 4 6 8 1 5 7 9 7 6 1 9 5 2 8 3 4 6 1 3 8 9 7 4 9 5 5 7 8 5 4 6 3 1 2 4 2 9 1 2 3 7 6 8 3 8 2 4 1 9 6 5 7 1 4 7 2 6 5 9 8 3 9 5 6 7 3 8 2 4 1 4 22 
9 8 1 3 7 5 3 2 6 2 3 4 6 4 8 5 7 9 7 6 5 9 1 2 8 1 4 6 1 3 8 9 7 4 3 5 8 7 5 2 6 4 1 9 7 4 2 9 1 5 3 2 6 8 3 8 2 4 8 9 7 5 1 5 4 7 6 2 1 9 8 3 1 9 6 7 3 5 6 4 2 13 26 
9 5 8 3 7 4 2 1 6 2 3 4 6 8 1 5 7 9 7 6 1 9 5 2 8 3 4 6 1 3 8 9 7 4 2 5 8 7 5 2 4 6 3 9 1 4 2 9 1 5 3 7 6 8 3 8 2 4 1 9 6 5 7 1 4 7 6 2 5 9 8 3 5 9 6 7 3 8 1 4 2 3 18 
1 9 5 3 7 8 2 3 6 2 3 8 6 4 1 5 4 9 7 6 4 9 5 2 8 1 7 3 1 6 8 9 7 4 2 5 7 2 8 5 6 4 3 9 1 4 5 9 1 2 3 7 6 8 3 8 2 4 1 9 7 5 6 9 4 7 6 2 5 1 8 3 6 5 1 7 3 8 2 9 4 15 29 
9 8 4 3 7 5 1 2 6 2 3 1 6 8 4 5 7 9 7 6 5 9 1 2 8 3 4 3 1 6 8 2 7 4 9 5 5 2 8 6 9 4 3 1 7 4 7 9 1 5 3 2 6 8 3 8 2 4 6 9 7 5 1 6 4 7 2 5 1 9 8 3 1 9 5 7 3 8 6 4 2 7 24 
8 9 1 3 7 5 2 3 6 2 3 4 6 8 1 5 7 9 7 6 5 9 4 2 8 1 4 3 1 6 8 9 7 4 2 5 5 2 8 5 6 4 3 9 1 4 7 9 1 2 3 7 6 8 3 8 2 4 1 9 6 5 7 1 4 7 2 5 6 9 8 3 6 9 5 7 3 8 1 4 2 8 23 
9 5 8 3 7 4 6 2 1 2 3 4 6 8 1 5 7 9 7 6 1 9 5 2 8 3 4 6 1 3 8 2 7 4 9 5 8 2 5 6 9 4 3 1 7 4 7 9 1 5 3 2 6 8 3 8 2 4 1 9 7 5 6 1 4 7 2 6 5 9 8 3 5 9 6 7 3 8 1 4 2 4 17 
9 5 4 3 7 8 2 1 4 2 3 8 6 1 4 5 9 6 7 6 1 9 5 2 8 3 7 6 1 3 8 9 7 4 3 5 8 2 5 5 6 4 7 1 9 4 7 9 1 2 3 2 6 8 3 8 2 4 8 9 7 5 1 1 9 7 2 5 6 6 8 3 5 4 6 7 3 1 9 4 2 16 27 
5 9 8 3 7 1 2 4 6 2 3 1 6 4 8 5 7 9 7 6 4 9 5 2 8 3 1 6 1 3 8 2 7 4 9 5 8 7 5 6 9 4 3 1 2 4 2 9 1 5 3 7 6 8 3 8 2 4 6 9 1 5 7 9 4 7 2 1 5 6 8 3 1 5 6 7 3 8 9 2 4 4 17 
9 5 4 3 7 8 1 2 6 2 3 8 6 4 1 5 7 9 7 6 1 9 5 2 8 3 4 6 1 3 8 2 7 4 9 5 8 7 5 6 9 4 3 1 2 4 2 9 1 5 3 7 6 8 3 8 2 4 8 9 6 5 1 5 4 7 2 1 6 9 8 3 1 9 6 7 3 5 2 4 7 5 20 
9 8 5 3 7 4 6 1 2 2 3 4 6 1 8 5 7 9 7 6 1 9 5 2 8 3 4 3 1 6 8 9 7 4 9 5 7 2 8 5 4 6 3 2 1 4 5 9 1 2 3 7 6 8 3 8 2 4 6 9 1 5 7 6 9 7 2 1 5 2 8 3 1 4 5 7 3 8 9 4 6 11 25 
8 9 4 3 7 5 2 9 6 2 3 1 6 8 1 5 7 4 7 6 5 9 4 2 8 3 1 6 1 3 8 9 7 4 2 5 5 7 8 2 6 4 3 1 9 4 2 9 1 5 3 7 6 8 3 8 2 4 1 9 6 5 7 1 4 7 5 2 6 9 8 3 9 5 6 7 3 8 1 4 2 3 16 
9 8 5 3 7 1 2 9 4 2 3 1 6 8 4 5 7 6 7 6 4 9 5 2 8 3 1 6 1 3 8 9 7 4 2 5 7 2 8 5 4 6 3 1 9 4 5 9 1 2 3 7 6 8 3 8 2 4 1 9 6 5 7 1 4 7 2 6 5 9 8 3 5 9 6 7 3 8 1 4 2 5 19 
8 9 1 3 7 5 6 4 2 2 3 4 6 1 8 5 9 7 7 6 5 9 4 2 8 3 1 6 1 3 8 9 7 4 2 5 5 7 8 2 6 4 3 1 9 4 2 9 1 5 3 7 6 8 3 8 2 4 8 9 1 5 6 1 4 7 5 2 6 9 8 3 9 5 6 7 3 1 2 7 4 3 16 
5 9 4 3 7 8 2 1 6 2 3 8 6 4 1 5 7 9 7 6 1 9 5 2 8 3 4 6 1 3 8 9 7 4 2 5 8 7 5 2 6 4 3 9 1 4 2 9 1 5 3 7 6 8 3 8 2 4 1 9 6 5 7 9 4 7 5 2 6 1 8 3 1 5 6 7 3 8 9 4 2 3 15 
8 9 4 3 7 5 6 1 2 2 3 1 6 4 8 5 7 9 7 6 5 9 1 2 8 3 4 6 1 3 8 9 7 4 2 5 5 7 8 2 6 4 3 9 1 4 2 9 1 5 3 7 6 8 3 8 2 4 8 9 1 5 7 1 4 7 5 2 6 9 8 3 9 5 6 7 3 1 2 4 6 3 13 
9 8 1 3 7 5 2 1 6 2 3 4 6 1 8 5 7 9 7 6 5 9 4 2 8 3 4 6 1 3 8 2 7 4 9 5 7 5 8 6 9 4 1 3 2 4 2 9 1 5 3 7 6 8 3 8 2 4 8 9 6 5 7 1 4 7 5 2 1 9 8 3 5 9 6 7 3 6 1 4 2 13 22 
9 5 1 3 7 8 2 4 6 2 3 8 6 4 1 5 7 9 7 6 4 9 5 2 8 3 1 6 1 3 8 2 7 4 9 5 8 7 5 6 9 4 3 1 2 4 2 9 1 5 3 7 6 8 3 8 2 4 1 9 6 5 7 1 4 7 2 6 5 9 8 3 5 9 6 7 3 8 1 2 4 4 14 
8 9 5 3 7 4 2 1 6 2 3 4 6 8 1 5 7 9 7 6 1 9 5 2 8 3 4 6 1 3 8 9 7 4 2 5 5 7 8 2 4 6 3 9 1 4 2 9 1 5 3 7 6 8 3 8 2 4 1 9 6 5 7 9 4 7 2 6 5 1 8 3 1 5 6 7 3 8 9 4 2 3 12 
9 8 1 3 7 5 6 4 2 2 3 4 6 4 8 5 1 9 7 6 5 9 1 2 8 3 7 6 1 3 8 9 7 4 3 5 5 2 8 2 6 4 1 7 9 4 7 9 1 5 3 2 6 8 3 8 2 4 6 9 7 5 1 9 5 7 5 2 1 6 8 3 1 4 6 7 3 8 9 2 4 14 22 
8 9 4 3 7 5 1 2 6 2 3 1 6 4 8 5 7 9 7 6 5 9 1 2 8 3 4 6 1 3 8 6 7 4 9 5 5 2 8 5 9 4 3 1 7 4 7 9 1 2 3 2 6 8 3 8 2 4 8 9 6 5 1 1 4 7 2 5 6 9 8 3 9 5 6 7 3 1 7 4 2 6 18 
9 5 1 3 7 8 2 4 6 2 3 8 6 1 4 5 9 7 7 6 4 9 5 2 8 3 1 6 1 3 8 9 7 4 2 5 8 7 5 2 4 6 3 1 9 4 2 9 1 5 3 7 6 8 3 8 2 4 6 9 1 5 7 5 9 7 5 2 1 6 8 3 1 4 6 7 3 8 9 2 4 7 21 
1 9 5 3 7 8 6 4 2 2 3 8 6 4 1 5 9 7 7 6 4 9 5 2 8 3 1 3 1 6 8 9 7 4 2 5 7 2 8 5 6 4 3 1 9 4 5 9 1 2 3 7 6 8 3 8 2 4 8 9 1 5 6 5 4 7 2 1 6 9 8 3 6 9 1 7 3 5 2 7 4 7 19 
8 9 4 3 7 8 3 2 6 2 3 1 6 1 4 5 7 9 7 6 5 9 5 2 8 1 4 6 1 2 8 9 7 4 3 5 8 7 3 6 4 5 1 9 8 4 5 9 1 2 3 7 6 2 3 8 2 4 1 9 1 5 7 1 4 7 5 2 6 9 8 3 5 9 6 7 3 8 2 4 6 118 24 
8 9 4 3 7 5 1 2 6 2 3 1 6 4 8 5 7 9 7 6 5 9 1 2 8 3 4 6 1 3 8 2 7 4 9 5 5 2 8 6 9 4 3 1 7 4 7 9 1 5 3 2 6 8 3 8 2 4 6 9 7 5 1 9 4 7 5 2 1 6 8 3 1 5 6 7 3 8 9 4 2 4 13 
9 8 5 3 7 4 6 1 2 2 3 4 6 8 1 5 9 7 7 6 1 9 5 2 8 3 4 6 1 3 8 9 7 4 2 5 7 2 8 5 4 6 1 3 9 4 5 9 1 2 3 7 6 8 3 8 2 4 1 9 7 5 6 1 4 7 2 6 5 9 8 3 5 9 6 7 3 8 2 4 1 5 16 
8 9 5 3 7 1 6 4 2 2 3 1 6 8 4 5 7 9 7 6 4 9 5 2 8 3 1 6 1 3 8 9 7 4 2 5 5 7 8 2 4 6 3 9 1 4 2 9 1 5 3 7 6 8 3 8 2 4 1 9 6 5 7 1 4 7 6 2 5 9 8 3 9 5 6 7 3 8 2 1 4 5 16 
9 5 8 3 7 1 6 2 4 2 3 1 6 4 8 5 9 7 7 6 4 9 5 2 8 3 1 6 1 3 8 9 7 4 2 5 8 7 5 2 6 4 3 1 9 4 2 9 1 5 3 7 6 8 3 8 2 4 1 9 7 5 6 1 4 7 5 2 6 9 8 3 5 9 6 7 3 8 1 4 2 5 16 
8 9 1 3 7 5 9 4 2 2 3 4 6 8 1 5 7 6 7 6 5 9 4 2 8 3 1 6 1 3 8 9 7 4 2 5 5 7 8 2 6 4 3 1 9 4 2 9 1 5 3 7 6 8 3 8 2 4 1 9 6 5 7 9 4 7 5 2 6 1 8 3 1 5 6 7 3 8 2 9 4 3 12 
1 9 5 3 7 8 6 2 4 2 3 8 6 4 1 5 7 9 7 6 4 9 5 2 8 3 1 3 1 6 8 6 7 4 9 5 5 2 8 5 9 4 3 1 7 4 7 9 1 2 3 2 6 8 3 8 2 4 8 9 7 5 6 6 4 7 2 1 5 9 8 3 9 5 1 7 3 6 1 4 2 8 20 
9 5 4 3 7 8 6 1 2 2 3 8 6 1 4 5 7 9 7 6 1 9 5 2 8 3 4 6 1 3 8 9 7 4 2 5 8 7 5 2 4 6 3 9 1 4 2 9 1 5 3 7 6 8 3 8 2 4 8 9 1 5 6 5 4 7 2 6 1 9 8 3 1 9 6 7 3 5 2 4 7 5 16 
9 4 8 3 7 5 3 2 1 2 3 1 6 8 4 5 9 6 7 6 5 9 1 2 8 7 4 6 1 3 8 9 7 4 3 5 5 2 8 5 4 6 7 1 9 4 7 9 1 2 3 2 6 8 3 8 2 4 6 9 6 5 1 6 9 7 2 5 1 9 8 3 1 5 4 7 3 8 2 4 7 15 23 
9 5 8 3 7 4 2 1 6 2 3 4 6 8 1 5 7 9 7 6 1 9 5 2 8 3 4 3 1 6 8 2 7 4 9 5 5 7 8 6 9 4 3 2 1 4 2 9 1 5 3 7 6 8 3 8 2 4 6 9 1 5 7 6 4 7 2 1 5 9 8 3 1 9 5 7 3 8 6 2 4 8 19 
9 5 8 3 7 1 2 4 6 2 3 4 6 4 8 5 7 9 7 6 1 9 5 2 8 3 1 6 1 3 8 9 7 4 3 5 5 2 8 2 6 4 7 1 9 4 7 9 1 5 3 2 6 8 3 8 2 4 1 9 6 5 7 1 4 7 5 2 6 9 8 3 6 9 5 7 3 8 1 2 4 12 20 
9 4 8 3 7 5 2 4 6 2 3 1 6 1 8 5 7 9 7 6 5 9 4 2 8 3 1 3 1 6 8 9 7 4 9 5 7 2 8 2 6 4 3 1 8 4 5 9 1 5 3 7 6 2 3 8 2 4 6 9 1 5 7 6 4 7 2 5 1 6 8 3 5 9 1 7 3 8 9 2 4 18 22 
8 9 1 3 7 5 2 4 6 2 3 4 6 8 1 5 7 9 7 6 5 9 4 2 8 3 1 6 1 3 8 2 7 4 9 5 5 7 8 6 9 4 3 1 2 4 2 9 1 5 3 7 6 8 3 8 2 4 1 9 6 5 7 1 4 7 2 5 6 9 8 3 9 5 6 7 3 8 1 2 4 3 12 
9 5 4 3 7 5 2 4 6 2 3 8 6 8 1 5 7 9 7 6 1 9 4 2 8 3 1 6 1 3 8 9 7 4 9 5 8 7 5 2 4 6 1 3 8 4 2 9 1 5 3 2 6 7 3 8 2 4 6 9 7 5 1 6 9 7 2 1 5 9 8 3 1 4 5 7 3 8 6 4 2 19 23 
8 9 1 3 7 5 3 2 6 2 3 4 6 1 8 5 7 9 7 6 5 9 4 2 8 1 4 3 1 6 8 2 7 4 9 5 5 7 8 6 9 4 2 3 1 4 2 9 1 5 3 7 6 8 3 8 2 4 6 9 1 5 7 6 4 7 2 5 1 9 8 3 9 5 1 7 3 8 6 4 2 8 17 
5 9 8 3 7 4 2 1 6 2 3 4 6 8 1 5 7 9 7 6 1 9 5 2 8 3 4 6 1 3 8 2 7 4 9 5 8 7 5 6 9 4 3 2 1 4 2 9 1 5 3 7 6 8 3 8 2 4 1 9 6 5 7 1 4 7 2 6 5 9 8 3 9 5 6 7 3 8 1 4 2 4 12 
9 8 5 3 7 4 6 2 4 2 3 1 6 1 8 5 7 9 7 6 4 9 5 2 8 3 1 6 1 3 8 9 7 4 2 5 5 7 8 2 4 6 3 1 9 4 2 9 1 5 3 7 6 8 3 8 2 4 8 9 1 5 7 1 9 7 5 2 6 2 8 3 5 4 6 7 3 1 9 4 6 13 19 
9 5 4 3 7 5 3 2 6 2 3 8 6 8 4 5 7 9 7 6 1 9 1 2 8 1 4 3 1 6 8 9 7 4 9 5 5 7 8 2 4 6 2 3 1 4 2 9 1 5 3 7 6 8 3 8 2 4 1 9 7 5 6 6 9 7 5 2 6 9 8 3 1 5 4 7 3 8 1 2 4 23 23 
8 9 1 3 7 5 2 3 6 2 3 4 6 8 1 5 7 9 7 6 5 9 4 2 8 1 4 6 1 3 8 9 7 4 2 5 5 7 8 2 6 4 3 9 1 4 2 9 1 5 3 7 6 8 3 8 2 4 1 9 6 5 7 9 4 7 5 2 6 1 8 3 1 5 6 7 3 8 9 4 2 3 11 
8 9 1 5 7 1 6 2 4 2 3 4 3 6 8 5 1 9 7 6 5 9 4 2 8 3 7 6 1 3 8 9 7 4 2 5 8 7 5 6 5 4 1 3 9 4 2 9 1 2 3 7 6 8 3 8 2 4 6 9 1 5 7 6 4 7 2 1 5 6 8 3 5 9 1 7 3 8 9 4 2 121 23 
8 9 5 3 7 4 6 2 1 2 3 4 6 8 1 5 7 9 7 6 1 9 5 2 8 3 4 3 1 6 8 9 7 4 9 5 7 2 5 2 4 6 3 1 8 4 8 9 1 5 3 7 6 2 3 8 2 4 6 9 1 5 7 6 9 7 5 2 1 2 8 3 1 5 4 7 3 8 9 4 6 13 18 
5 9 8 3 7 4 2 1 6 2 3 4 6 8 1 5 7 9 7 6 1 9 5 2 8 3 4 6 1 3 8 9 7 4 2 5 8 7 5 6 2 4 3 9 1 4 2 9 1 5 3 7 6 8 3 8 2 4 6 9 1 5 7 9 4 7 2 1 5 6 8 3 1 5 6 7 3 8 9 4 2 4 11 
8 9 4 3 7 5 2 1 6 2 3 1 6 4 8 5 7 9 7 6 5 9 1 2 8 3 4 6 1 3 8 2 7 4 9 5 5 7 8 6 9 4 3 2 1 4 2 9 1 5 3 7 6 8 3 8 2 4 8 9 6 5 7 9 5 7 2 6 1 1 8 3 1 4 6 7 3 5 9 4 2 6 16 
9 8 4 3 7 5 2 3 6 2 3 1 6 1 8 5 4 9 7 6 5 9 4 2 8 1 7 3 1 6 8 9 7 4 2 5 5 7 8 5 6 4 3 9 1 4 2 9 1 2 3 7 6 8 3 8 2 4 8 9 7 5 6 6 4 7 2 5 1 9 8 3 1 9 5 7 3 6 1 2 4 14 19 
9 4 8 3 7 5 2 1 6 2 3 1 6 4 8 5 7 9 7 6 5 9 1 2 8 3 4 6 1 3 8 9 7 4 2 5 5 7 8 5 4 6 3 1 9 4 2 9 1 2 3 7 6 8 3 8 2 4 6 9 7 5 1 1 9 7 2 1 5 6 8 3 6 5 4 7 3 8 9 4 2 14 18 
8 9 1 3 7 5 6 4 2 2 3 4 6 8 1 5 7 9 7 6 5 9 4 2 8 3 1 6 1 3 8 9 7 4 2 5 5 7 8 2 6 4 3 9 1 4 2 9 1 5 3 7 6 8 3 8 2 4 1 9 7 5 6 1 4 7 5 2 6 9 8 3 9 5 6 7 3 8 2 1 4 3 10 
5 9 8 3 7 1 9 4 2 2 3 1 6 8 4 5 7 6 7 6 4 9 5 2 8 3 1 6 1 3 8 9 7 4 2 5 8 7 5 2 4 6 3 1 9 4 2 9 1 5 3 7 6 8 3 8 2 4 6 9 1 5 7 9 4 7 5 2 1 6 8 3 1 5 6 7 3 8 2 9 4 5 15 
8 9 4 3 7 5 6 1 2 2 3 1 6 8 4 5 7 9 7 6 5 9 1 2 8 3 4 3 1 6 8 9 7 4 2 5 5 7 8 2 4 6 3 9 1 4 2 9 1 5 3 7 6 8 3 8 2 4 6 9 1 5 7 6 4 7 5 2 1 9 8 3 9 5 1 7 3 8 2 4 6 3 10 
5 9 1 3 7 8 6 2 4 2 3 8 6 1 4 5 7 9 7 6 4 9 5 2 8 3 1 6 1 3 8 2 7 4 9 5 8 7 5 6 9 4 3 1 2 4 2 9 1 5 3 7 6 8 3 8 2 4 8 9 1 5 6 1 4 7 2 6 5 9 8 3 9 5 6 7 3 1 2 4 7 6 16 
8 9 5 3 7 4 2 1 6 2 3 4 6 8 1 5 7 9 7 6 1 9 5 2 8 3 4 6 1 3 8 9 7 4 2 5 7 2 8 5 4 6 3 9 1 4 5 9 1 2 3 7 6 8 3 8 2 4 1 9 6 5 7 1 4 7 2 6 5 9 8 3 5 9 6 7 3 8 1 4 2 3 10 
8 9 1 3 7 5 6 2 4 2 3 4 6 8 1 5 9 7 7 6 5 9 4 2 8 3 1 6 1 3 8 9 7 4 2 5 5 7 8 2 6 4 3 1 9 4 2 9 1 5 3 7 6 8 3 8 2 4 1 9 7 5 6 1 4 7 5 2 6 9 8 3 9 5 6 7 3 8 1 4 2 3 9 
5 9 8 3 7 5 2 1 6 2 3 4 6 8 1 5 7 9 7 6 1 9 4 2 8 3 4 6 1 3 8 9 7 4 2 5 8 7 5 2 6 4 3 9 1 4 2 9 1 5 3 7 6 8 3 8 2 4 1 9 6 5 7 1 4 7 5 2 6 9 8 3 9 5 6 7 3 8 1 4 2 3 9 
8 9 5 3 7 4 6 2 1 2 3 4 6 8 1 5 7 9 7 6 1 9 5 2 8 3 4 6 1 3 8 9 7 4 9 5 5 2 8 5 4 6 3 1 7 4 7 9 1 2 3 2 6 8 3 8 2 4 1 9 7 5 6 9 4 7 2 6 5 1 8 3 1 5 6 7 3 8 9 4 2 4 10 
8 9 5 3 7 1 2 4 6 2 3 1 6 8 4 5 7 9 7 6 4 9 5 2 8 3 1 6 1 3 8 9 7 4 9 5 5 7 8 5 4 6 3 1 2 4 2 9 1 2 3 7 6 8 3 8 2 4 1 9 6 5 7 1 4 7 2 6 5 9 8 3 9 5 6 7 3 8 1 2 4 4 10 
9 5 8 3 7 4 6 1 2 2 3 4 6 8 1 5 7 9 7 6 1 9 5 2 8 3 4 6 1 3 8 9 7 4 2 5 5 2 8 5 4 6 3 9 1 4 7 9 1 2 3 7 6 8 3 8 2 4 6 9 1 5 7 6 4 7 2 1 5 9 8 3 1 9 5 7 3 8 2 4 6 5 14 
8 9 1 3 7 5 2 4 6 2 3 4 6 8 1 5 7 9 7 6 5 9 4 2 8 3 1 6 1 3 8 6 7 4 9 5 5 7 8 2 9 4 3 1 2 4 2 9 1 5 3 7 6 8 3 8 2 4 1 9 6 5 7 9 4 7 5 2 6 1 8 3 1 5 6 7 3 8 9 2 4 3 8 
5 9 8 3 7 4 1 2 6 2 3 4 6 8 1 5 9 7 7 6 1 9 5 2 8 3 4 6 1 3 8 9 7 4 2 5 8 2 5 5 4 6 3 1 9 4 7 9 1 2 3 7 6 8 3 8 2 4 6 9 7 5 1 9 4 7 2 1 5 6 8 3 1 5 6 7 3 8 9 4 2 5 14 
8 9 1 3 7 5 6 4 2 2 3 4 6 8 1 5 9 7 7 6 5 9 4 2 8 3 1 6 1 3 8 9 7 4 2 5 5 2 8 5 6 4 3 1 9 4 7 9 1 2 3 7 6 8 3 8 2 4 1 9 7 5 6 9 4 7 2 5 6 1 8 3 1 5 6 7 3 8 9 2 4 5 13 
9 8 4 3 7 5 2 1 6 2 3 1 6 8 4 5 7 9 7 6 5 9 1 2 8 3 4 6 1 3 8 9 7 4 2 5 7 2 8 5 4 6 3 9 1 4 5 9 1 2 3 7 6 8 3 8 2 4 6 9 1 5 7 1 9 7 2 5 1 6 8 3 5 4 6 7 3 8 9 4 2 5 13 
5 9 8 3 7 4 2 1 6 2 3 4 6 1 8 5 7 9 7 6 1 9 5 2 8 3 4 6 1 3 8 9 7 4 2 5 8 7 5 2 4 6 3 9 1 4 2 9 1 5 3 7 6 8 3 8 2 4 6 9 1 5 7 9 4 7 5 2 1 6 8 3 1 5 6 7 3 8 9 4 2 3 8 
8 9 4 3 7 5 2 1 6 2 3 1 6 4 8 5 7 9 7 6 5 9 1 2 8 3 4 6 1 3 8 9 7 4 2 5 5 7 8 2 6 4 3 9 1 4 2 9 1 5 3 7 6 8 3 8 2 4 8 9 6 5 7 9 4 7 5 2 6 1 8 3 1 5 6 7 3 1 9 4 2 3 8 
8 9 4 3 7 5 2 1 6 2 3 1 6 8 4 5 7 9 7 6 5 9 1 2 8 3 4 6 1 3 8 9 7 4 2 5 5 7 8 2 4 6 3 9 1 4 2 9 1 5 3 7 6 8 3 8 2 4 1 9 6 5 7 1 4 7 5 2 6 9 8 3 9 5 6 7 3 8 1 4 2 3 7 
1 9 8 3 7 5 2 9 4 2 3 4 6 8 1 5 7 6 7 6 5 9 4 2 8 3 1 6 1 3 8 9 7 4 2 5 7 5 8 2 6 4 3 1 9 4 2 9 1 5 3 7 6 8 3 8 2 4 6 9 1 5 7 5 9 7 5 2 1 6 8 3 6 4 1 7 3 8 9 4 2 11 17 
8 9 1 3 7 5 3 2 4 2 3 4 6 8 1 5 9 6 7 6 5 9 4 2 8 7 1 6 1 3 8 2 7 4 3 5 5 2 8 6 9 4 2 1 9 4 7 9 1 5 3 7 6 8 3 8 2 4 6 9 6 5 7 6 4 7 2 1 5 9 8 3 1 9 5 7 3 8 1 4 2 15 20 
9 5 4 3 7 4 6 1 2 2 3 8 6 8 1 5 7 9 7 6 1 9 5 2 8 3 4 3 1 6 8 6 7 4 9 5 8 7 5 5 9 4 2 3 1 4 2 9 1 2 3 7 6 8 3 8 2 4 8 9 1 5 7 1 4 7 2 1 6 9 8 3 5 9 6 7 3 5 6 4 2 17 19 
5 9 4 3 7 8 1 2 6 2 3 8 6 1 4 5 7 9 7 6 1 9 5 2 8 3 4 6 1 3 8 9 7 4 9 5 8 2 5 5 4 6 3 1 7 4 7 9 1 2 3 2 6 8 3 8 2 4 8 9 6 5 1 1 4 7 2 6 5 9 8 3 9 5 6 7 3 1 7 4 2 6 14 
5 9 1 3 7 8 6 4 2 2 3 8 6 1 4 5 9 7 7 6 4 9 5 2 8 3 1 6 1 3 8 9 7 4 2 5 8 7 5 2 4 6 3 1 9 4 2 9 1 5 3 7 6 8 3 8 2 4 8 9 1 5 6 1 4 7 2 6 5 9 8 3 9 5 6 7 3 1 2 7 4 5 12 
5 9 1 3 7 1 3 2 6 2 3 8 6 4 8 5 7 9 7 6 4 9 5 2 8 4 1 6 1 3 8 9 7 4 3 5 5 7 8 5 4 6 9 1 2 4 2 9 1 2 3 7 6 8 3 8 2 4 8 9 1 5 6 9 4 7 2 6 5 9 8 3 1 5 6 7 3 1 2 7 4 19 18 
5 9 8 3 7 1 2 9 4 2 3 1 6 8 4 5 7 6 7 6 4 9 5 2 8 3 1 6 1 3 8 9 7 4 2 5 8 7 5 2 4 6 3 1 9 4 2 9 1 5 3 7 6 8 3 8 2 4 1 9 6 5 7 9 4 7 6 2 5 1 8 3 1 5 6 7 3 8 9 4 2 5 11 
8 9 4 3 7 5 2 1 6 2 3 1 6 8 1 5 7 9 7 6 5 9 4 2 8 3 4 6 1 3 8 9 7 4 2 5 7 2 8 5 6 4 3 9 1 4 5 9 1 2 3 7 6 8 3 8 2 4 1 9 6 5 7 9 4 7 2 5 6 1 8 3 1 5 6 7 3 8 9 4 2 5 11 
9 5 4 3 7 8 6 4 2 2 3 8 6 4 1 5 7 9 7 6 1 9 5 2 8 3 1 6 1 3 8 9 7 4 2 5 8 2 5 5 6 4 3 1 9 4 7 9 1 2 3 7 6 8 3 8 2 4 1 9 7 5 6 5 4 7 6 2 5 1 8 3 1 9 6 7 3 8 2 9 4 12 17 
8 9 4 3 7 5 6 1 2 2 3 1 6 8 4 5 7 9 7 6 5 9 1 2 8 3 4 6 1 3 8 9 7 4 2 5 7 2 8 5 4 6 3 9 1 4 5 9 1 2 3 7 6 8 3 8 2 4 6 9 1 5 7 5 4 7 2 5 1 9 8 3 1 9 6 7 3 8 2 4 6 5 11 
5 9 4 3 7 8 6 1 2 2 3 8 6 1 4 5 7 9 7 6 1 9 5 2 8 3 4 6 1 3 8 9 7 4 2 5 8 7 5 2 4 6 3 9 1 4 2 9 1 5 3 7 6 8 3 8 2 4 6 9 1 5 7 1 4 7 5 2 1 9 8 3 9 5 6 7 3 8 2 4 6 5 11 
5 9 8 3 7 5 6 1 2 2 3 4 6 8 1 5 9 7 7 6 1 9 4 2 8 3 4 6 1 3 8 2 7 4 9 5 8 7 5 6 9 4 3 7 1 4 2 9 1 5 3 2 6 8 3 8 2 4 1 9 6 5 7 9 4 7 5 2 6 1 8 3 1 5 6 7 3 8 9 2 4 11 16 
8 9 4 3 7 5 1 2 6 2 3 1 6 8 4 5 7 9 7 6 5 9 1 2 8 3 4 6 1 3 8 9 7 4 9 5 5 2 8 2 4 6 3 1 7 4 7 9 1 5 3 2 6 8 3 8 2 4 6 9 7 5 1 9 4 7 5 2 1 6 8 3 1 5 6 7 3 8 9 4 2 3 6 
8 9 5 3 7 1 6 2 4 2 3 1 6 4 8 5 9 7 7 6 4 9 5 2 8 3 1 6 1 3 8 9 7 4 3 5 5 2 8 2 6 4 7 1 9 4 7 9 1 5 3 2 6 8 3 8 2 4 1 9 7 5 6 9 4 7 5 2 6 1 8 3 1 5 6 7 3 8 9 4 2 7 15 
9 4 1 3 7 5 6 9 2 2 3 8 6 8 4 5 7 1 7 6 5 9 1 2 8 3 4 6 1 3 8 9 7 4 2 5 8 7 5 2 4 6 3 1 9 4 2 9 1 5 3 7 6 8 3 8 2 4 6 9 1 5 7 5 4 7 5 2 1 9 8 3 1 9 6 7 3 8 2 4 6 7 14 
8 9 1 3 7 5 2 9 6 2 3 4 6 8 1 5 7 4 7 6 5 9 4 2 8 3 1 6 1 3 8 9 7 4 2 5 5 7 8 2 6 4 3 1 9 4 2 9 1 5 3 7 6 8 3 8 2 4 1 9 6 5 7 9 4 7 5 2 6 1 8 3 1 5 6 7 3 8 9 4 2 3 6 
8 9 4 3 7 5 6 1 2 2 3 1 6 8 4 5 9 7 7 6 5 9 1 2 8 3 4 6 1 3 8 9 7 4 9 5 5 2 8 2 4 6 3 7 1 4 7 9 1 5 3 2 6 8 3 8 2 4 1 9 7 5 6 1 4 7 5 2 6 9 8 3 9 5 6 7 3 8 1 2 4 7 13 
5 9 8 3 7 1 6 4 2 2 3 4 6 4 8 5 1 9 7 6 1 9 5 2 8 3 7 6 1 3 8 9 7 4 2 5 8 7 5 2 6 4 3 9 1 4 2 9 1 5 3 7 6 8 3 8 2 4 1 9 7 5 6 1 4 7 5 2 6 9 8 3 9 5 6 7 3 8 1 2 4 7 13 
9 5 8 3 7 4 6 1 2 2 3 4 6 8 1 5 7 9 7 6 1 9 5 2 8 3 4 3 1 6 8 9 7 4 2 5 8 7 5 2 4 6 3 9 1 4 2 9 1 5 3 7 6 8 3 8 2 4 6 9 1 5 7 6 4 7 2 1 5 9 8 3 5 9 1 7 3 8 2 4 6 5 10 
8 9 1 3 7 5 9 2 1 2 3 4 6 1 8 5 7 6 7 6 5 9 4 2 8 3 4 6 1 3 8 9 7 4 2 5 5 2 8 6 5 4 3 1 9 4 7 9 1 2 3 7 6 8 3 8 2 4 6 9 1 5 7 9 4 7 5 2 1 6 8 3 1 5 6 7 3 8 2 4 9 12 16 
8 9 5 3 7 1 2 4 6 2 3 1 6 4 8 5 9 7 7 6 4 9 5 2 8 3 1 6 1 3 8 9 7 4 2 5 5 2 8 5 6 4 3 1 9 4 7 9 1 2 3 7 6 8 3 8 2 4 1 9 7 5 6 1 4 7 2 5 6 9 8 3 9 5 6 7 3 8 1 4 2 8 14 
1 9 5 3 7 8 6 1 2 2 3 8 6 4 1 5 7 9 7 6 4 9 5 2 8 3 4 6 1 3 8 9 7 4 2 5 5 7 8 5 6 4 3 9 1 4 2 9 1 2 3 7 6 8 3 8 2 4 8 9 1 5 6 6 4 7 2 6 1 9 8 3 9 5 1 7 3 5 2 4 7 13 16 
9 5 8 3 7 5 6 1 2 2 3 4 6 4 8 5 7 9 7 6 1 9 1 2 8 3 4 6 1 3 8 9 7 4 9 5 5 7 8 2 6 4 3 1 7 4 2 9 1 5 3 2 6 8 3 8 2 4 8 9 7 5 6 1 4 7 5 2 6 9 8 3 5 9 6 7 3 1 1 4 2 13 15 
8 9 1 3 7 5 2 1 6 2 3 4 6 8 1 5 7 9 7 6 5 9 4 2 8 3 4 6 1 3 8 2 7 4 9 5 5 7 8 6 9 4 3 2 1 4 2 9 1 5 3 7 6 8 3 8 2 4 1 9 6 5 7 9 4 7 2 6 5 1 8 3 1 5 6 7 3 8 9 4 2 5 10 
9 5 8 3 7 5 6 4 2 2 3 4 6 8 1 5 7 9 7 6 1 9 4 2 8 3 1 6 1 3 8 9 7 4 9 5 8 7 5 2 4 6 3 1 7 4 2 9 1 5 3 2 6 8 3 8 2 4 1 9 7 5 6 1 4 7 6 2 5 9 8 3 5 9 6 7 3 8 1 2 4 9 14 

