MonoObjective Genetic Algorithm
Number of Evaluations = 0
Mutation Probability = 0.0100000000000000002
Crossover Probability = 0.5
Population Size = 100
Survival Selection Type = 16

Time =  300.055209999999988

Current Evaluation = 206300
Front Size = 100
8 9 4 3 7 5 2 1 6 2 3 1 6 8 4 5 7 9 7 6 5 9 1 2 8 3 4 6 1 3 8 9 7 4 2 5 5 7 8 2 4 6 3 9 1 4 2 9 1 5 3 7 6 8 3 8 2 4 6 9 1 5 7 9 4 7 5 2 1 6 8 3 1 5 6 7 3 8 9 4 2 1 15 
8 9 1 3 7 5 6 4 2 2 3 4 6 8 1 5 7 9 7 6 5 9 4 2 8 3 1 6 1 3 8 2 7 4 9 5 5 2 8 6 9 4 3 1 7 4 7 9 1 5 3 2 6 8 3 8 2 4 1 9 7 5 6 1 4 7 2 6 5 9 8 3 9 5 6 7 3 8 1 2 4 3 30 
9 5 8 3 7 1 6 2 4 2 3 1 6 8 4 5 7 9 7 6 4 9 5 2 8 3 1 3 1 6 8 2 7 4 9 5 8 7 5 6 9 4 3 1 2 4 2 9 1 5 3 7 6 8 3 8 2 4 6 9 1 5 7 6 4 7 2 1 5 9 8 3 5 9 1 7 3 8 2 4 6 6 29 
9 5 8 3 7 4 2 1 6 2 3 4 6 8 1 5 7 9 7 6 1 9 5 2 8 3 4 6 1 3 8 9 7 4 2 5 8 2 5 5 4 6 3 9 1 4 7 9 1 2 3 7 6 8 3 8 2 4 1 9 6 5 7 1 4 7 2 6 5 9 8 3 5 9 6 7 3 8 1 4 2 3 24 
8 9 1 3 7 5 2 4 6 2 3 4 6 8 1 5 9 7 7 6 5 9 4 2 8 3 1 6 1 3 8 9 7 4 2 5 5 7 8 2 6 4 3 1 9 4 2 9 1 5 3 7 6 8 3 8 2 4 1 9 6 5 7 9 4 7 5 2 6 1 8 3 1 5 6 7 3 8 9 2 4 3 18 
8 9 5 3 7 4 1 2 6 2 3 4 6 8 1 5 9 7 7 6 1 9 5 2 8 3 4 6 1 3 8 2 7 4 9 5 5 7 8 6 9 4 3 1 2 4 2 9 1 5 3 7 6 8 3 8 2 4 6 9 7 5 1 9 4 7 2 1 5 6 8 3 1 5 6 7 3 8 2 4 9 6 22 
5 9 8 3 7 4 2 1 6 2 3 4 6 8 1 5 7 9 7 6 1 9 5 2 8 3 4 6 1 3 8 9 7 4 2 5 8 7 5 2 6 4 3 9 1 4 2 9 1 5 3 7 6 8 3 8 2 4 1 9 6 5 7 9 4 7 5 2 6 1 8 3 1 5 6 7 3 8 9 4 2 3 15 
1 9 8 3 7 1 1 2 6 2 3 7 6 8 4 5 4 9 5 6 4 9 5 2 8 3 7 6 1 5 8 9 7 4 9 5 3 2 8 6 4 5 1 3 7 4 7 9 1 2 3 2 6 8 6 3 2 4 8 9 6 5 7 9 4 7 5 6 1 1 8 3 8 5 1 2 3 7 9 2 4 429 35 
9 8 1 3 7 5 6 4 2 2 3 4 6 8 1 5 9 7 7 6 5 9 4 2 8 3 1 6 1 3 8 9 7 4 2 5 7 2 8 5 6 4 1 3 9 4 5 9 1 2 3 7 6 8 3 8 2 4 1 9 7 5 6 1 4 7 2 5 6 9 8 3 5 9 6 7 3 8 2 1 4 5 21 
9 5 8 3 7 1 6 2 4 2 3 1 6 4 8 5 7 9 7 6 4 9 5 2 8 3 1 6 1 3 8 9 7 4 9 5 8 2 5 2 6 4 3 1 7 4 7 9 1 5 3 2 6 8 3 8 2 4 1 9 7 5 6 1 4 7 5 2 6 9 8 3 5 9 6 7 3 8 1 4 2 5 21 
5 9 1 3 7 8 9 4 2 2 3 8 6 4 1 5 7 6 7 6 4 9 5 2 8 3 1 6 1 3 8 9 7 4 2 5 8 7 5 6 2 4 3 1 9 4 2 9 1 5 3 7 6 8 3 8 2 4 6 9 1 5 7 9 4 7 2 1 5 6 8 3 1 5 6 7 3 8 2 9 4 6 22 
1 9 8 3 7 5 3 2 6 2 3 4 6 8 4 5 9 1 7 6 5 9 1 2 8 7 4 3 1 6 8 9 7 4 3 5 5 2 8 2 4 6 7 1 9 4 7 9 1 5 3 2 6 8 3 8 2 4 6 9 1 5 7 6 4 7 5 2 1 9 8 3 9 5 1 7 3 8 6 4 2 8 22 
8 9 5 3 7 1 2 4 6 2 3 1 6 8 4 5 7 9 7 6 4 9 5 2 8 3 1 6 1 3 8 9 7 4 9 5 5 7 8 5 4 6 3 1 2 4 2 9 1 2 3 7 6 8 3 8 2 4 1 9 6 5 7 1 4 7 2 6 5 9 8 3 9 5 6 7 3 8 1 2 4 4 19 
9 5 8 3 7 4 6 3 2 2 3 4 6 8 1 5 7 9 7 6 1 9 5 2 8 4 1 3 1 6 8 9 7 4 9 5 8 7 5 2 4 6 3 1 8 4 2 9 1 5 3 2 6 7 3 8 2 4 1 9 7 5 6 6 4 7 2 6 5 1 8 3 5 9 1 7 3 8 9 2 4 12 22 
9 5 4 3 7 5 2 9 1 2 3 8 6 8 1 5 7 6 7 6 1 9 4 2 8 3 4 6 1 3 8 9 7 4 9 5 5 2 8 6 2 4 3 1 7 4 7 9 1 5 3 2 6 8 3 8 2 4 6 9 1 5 7 6 4 7 2 1 5 9 8 3 1 9 5 7 3 8 6 4 2 15 23 
5 9 8 3 7 1 6 2 4 2 3 1 6 8 4 5 9 7 7 6 4 9 5 2 8 3 1 6 1 3 8 9 7 4 2 5 8 2 5 5 4 6 3 1 9 4 7 9 1 2 3 7 6 8 3 8 2 4 1 9 7 5 6 9 4 7 2 6 5 1 8 3 1 5 6 7 3 8 9 4 2 5 21 
8 9 4 3 7 5 1 2 6 2 3 1 6 4 8 5 7 9 7 6 5 9 1 2 8 3 4 6 1 3 8 2 7 4 9 5 5 7 8 6 9 4 3 1 2 4 2 9 1 5 3 7 6 8 3 8 2 4 1 9 6 5 7 1 4 7 5 2 6 9 8 3 9 5 6 7 3 8 2 4 1 5 19 
5 9 8 3 7 5 6 2 4 2 3 4 6 1 8 5 7 9 7 6 1 9 4 2 8 3 1 6 1 3 8 2 7 4 9 5 8 7 5 6 9 4 3 1 2 4 2 9 1 5 3 7 6 8 3 8 2 4 8 9 1 5 7 9 5 7 2 6 1 2 8 3 1 4 6 7 3 5 9 4 6 9 21 
8 9 5 3 7 5 2 1 6 2 3 4 6 8 1 5 4 9 7 6 1 9 4 2 8 3 7 3 1 6 8 9 7 4 9 5 5 7 8 5 6 4 1 3 2 4 2 9 1 2 3 7 6 8 3 8 2 4 6 9 7 5 1 6 4 7 2 5 1 9 8 3 9 5 1 7 3 8 6 2 4 13 22 
5 9 8 3 7 4 6 1 2 2 3 4 6 8 1 5 9 7 7 6 1 9 5 2 8 3 4 6 1 3 8 9 7 4 2 5 8 7 5 2 4 6 1 3 9 4 2 9 1 5 3 7 6 8 3 8 2 4 1 9 7 5 6 1 4 7 2 6 5 9 8 3 9 5 6 7 3 8 2 4 1 5 18 
9 5 1 3 7 8 2 4 6 2 3 8 6 4 1 5 7 9 7 6 4 9 5 2 8 3 1 6 1 3 8 2 7 4 9 5 5 7 8 6 9 4 3 1 2 4 2 9 1 5 3 7 6 8 3 8 2 4 8 9 6 5 7 6 4 7 2 1 5 9 8 3 1 9 5 7 3 6 1 2 4 7 19 
8 9 4 3 7 5 6 1 2 2 3 1 6 4 8 5 7 9 7 6 5 9 1 2 8 3 4 3 1 6 8 9 7 4 2 5 5 7 8 2 6 4 3 9 1 4 2 9 1 5 3 7 6 8 3 8 2 4 8 9 1 5 6 6 4 7 5 2 1 9 8 3 9 5 1 7 3 6 2 4 7 5 17 
1 9 4 3 7 5 6 3 2 2 3 8 6 8 4 5 9 1 7 6 5 9 1 2 8 7 4 6 1 3 8 9 7 4 2 5 8 7 5 6 2 4 3 1 9 4 2 9 1 5 3 7 6 8 3 8 2 4 6 9 1 5 7 6 4 7 2 5 1 9 8 3 9 5 1 7 3 8 2 4 6 9 21 
9 8 4 3 7 5 2 1 6 2 3 1 6 8 4 5 7 9 7 6 5 9 1 2 8 3 4 3 1 6 8 9 7 4 2 5 7 2 8 5 4 6 3 9 1 4 5 9 1 2 3 7 6 8 3 8 2 4 6 9 1 5 7 6 4 7 2 5 1 9 8 3 5 9 1 7 3 8 6 4 2 5 17 
9 5 1 3 7 8 6 2 4 2 3 8 6 1 4 5 9 7 7 6 4 9 5 2 8 3 1 3 1 6 8 9 7 4 2 5 5 7 8 2 6 4 3 1 9 4 2 9 1 5 3 7 6 8 3 8 2 4 8 9 1 5 7 1 4 7 5 2 6 9 8 3 6 9 5 7 3 1 2 4 6 9 21 
8 9 1 3 7 5 6 2 4 2 3 4 6 8 1 5 7 9 7 6 5 9 4 2 8 3 1 6 1 3 8 9 7 4 9 5 5 2 8 2 6 4 3 1 7 4 7 9 1 5 3 2 6 8 3 8 2 4 1 9 7 5 6 9 4 7 5 2 6 1 8 3 1 5 6 7 3 8 9 4 2 3 14 
8 9 4 3 7 5 1 2 6 2 3 1 6 4 8 5 7 9 7 6 5 9 1 2 8 3 4 6 1 3 8 2 7 4 9 5 5 2 8 6 9 4 3 1 7 4 7 9 1 5 3 2 6 8 3 8 2 4 6 9 7 5 1 9 4 7 2 5 1 6 8 3 1 5 6 7 3 8 9 4 2 4 15 
9 5 8 3 7 4 6 1 2 2 3 4 6 1 8 5 7 9 7 6 1 9 5 2 8 3 4 6 1 3 8 9 7 4 2 5 8 7 5 2 4 6 3 9 1 4 2 9 1 5 3 7 6 8 3 8 2 4 8 9 1 5 6 1 4 7 5 2 6 9 8 3 5 9 6 7 3 1 2 4 7 5 17 
8 9 1 3 7 5 2 4 6 2 3 4 6 8 1 5 7 9 7 6 5 9 4 2 8 3 1 6 1 3 8 2 7 4 9 5 5 7 8 6 9 4 3 1 2 4 2 9 1 5 3 7 6 8 3 8 2 4 6 9 1 5 7 9 4 7 2 1 5 6 8 3 1 5 6 7 3 8 9 2 4 3 13 
8 9 4 3 7 5 2 1 6 2 3 1 6 4 8 5 7 9 7 6 5 9 1 2 8 3 4 6 1 3 8 9 7 4 2 5 5 7 8 2 6 4 3 9 1 4 2 9 1 5 3 7 6 8 3 8 2 4 8 9 6 5 7 1 4 7 5 2 6 9 8 3 9 5 6 7 3 1 1 4 2 3 12 
8 9 1 3 7 5 6 2 4 2 3 4 6 1 8 5 7 9 7 6 5 9 4 2 8 3 1 6 1 3 8 6 7 4 9 5 5 7 8 5 9 4 3 1 2 4 2 9 1 2 3 7 6 8 3 8 2 4 8 9 1 5 6 1 4 7 2 5 6 9 8 3 9 5 6 7 3 1 2 4 7 6 17 
1 9 8 3 7 5 6 4 2 2 3 4 6 8 1 5 7 9 7 6 5 9 4 2 8 3 1 3 1 6 8 9 7 4 2 5 5 2 8 5 6 4 3 1 9 4 7 9 1 2 3 7 6 8 3 8 2 4 1 9 7 5 6 9 4 7 2 5 6 1 8 3 6 5 1 7 3 8 2 9 4 7 17 
9 5 8 3 7 1 2 4 6 2 3 1 6 8 4 5 7 9 7 6 4 9 5 2 8 3 1 6 1 3 8 9 7 4 2 5 8 7 5 2 6 4 3 9 1 4 2 9 1 5 3 7 6 8 3 8 2 4 1 9 6 5 7 1 4 7 5 2 6 9 8 3 5 9 6 7 3 8 2 1 4 5 15 
5 9 4 3 7 8 6 2 1 2 3 8 6 4 1 5 7 9 7 6 1 9 5 2 8 3 4 6 1 3 8 2 7 4 9 5 8 2 5 6 9 4 3 1 7 4 7 9 1 5 3 2 6 8 3 8 2 4 1 9 7 5 6 1 4 7 2 6 5 9 8 3 9 5 6 7 3 8 1 4 2 4 14 
9 5 8 3 7 4 1 2 6 2 3 4 6 8 1 5 9 7 7 6 1 9 5 2 8 3 4 6 1 3 8 9 7 4 9 5 8 2 5 6 4 5 3 1 7 4 7 9 1 2 3 2 6 8 3 8 2 4 6 9 7 5 1 6 4 7 5 2 1 9 8 3 5 9 1 7 3 8 6 2 4 13 21 
9 4 8 3 7 5 1 2 6 2 3 1 6 8 4 5 9 7 7 6 5 9 1 2 8 3 4 3 1 6 8 9 7 4 2 5 5 7 8 2 4 6 3 1 9 4 2 9 1 5 3 7 6 8 3 8 2 4 6 9 7 5 1 1 9 7 5 2 1 6 8 3 6 5 4 7 3 8 9 4 2 7 17 
8 9 4 3 7 5 3 2 6 2 3 1 6 8 1 5 9 4 7 6 5 9 4 2 8 7 1 6 1 3 8 9 7 4 3 5 5 7 8 5 6 4 1 9 2 4 2 9 1 2 3 7 6 8 3 8 2 4 1 9 6 5 7 1 4 7 2 5 6 9 8 3 9 5 6 7 3 8 2 1 4 9 19 
9 5 8 3 7 4 1 2 6 2 3 4 6 1 8 5 9 7 7 6 1 9 5 2 8 3 4 6 1 3 8 9 7 4 2 5 8 2 5 5 6 4 3 1 9 4 7 9 1 2 3 7 6 8 3 8 2 4 8 9 7 5 1 1 9 7 2 5 6 6 8 3 5 4 6 7 3 1 9 4 2 10 20 
5 9 8 3 7 1 3 2 6 2 3 4 6 8 4 5 9 7 7 6 1 9 5 2 8 1 4 3 1 6 8 9 7 4 2 5 5 7 8 2 4 6 9 3 1 4 2 9 1 5 3 7 6 8 3 8 2 4 6 9 1 5 7 6 9 7 2 1 5 2 8 3 1 4 5 7 3 8 6 4 9 14 22 
8 9 5 3 7 1 6 2 4 2 3 1 6 4 8 5 9 7 7 6 4 9 5 2 8 3 1 6 1 3 8 9 7 4 2 5 5 7 8 2 6 4 3 1 9 4 2 9 1 5 3 7 6 8 3 8 2 4 1 9 7 5 6 1 4 7 5 2 6 9 8 3 9 5 6 7 3 8 1 4 2 5 14 
9 8 4 3 7 1 9 3 2 2 3 1 6 8 4 5 7 6 7 6 5 9 5 2 8 4 1 6 1 3 8 9 7 4 2 5 7 5 8 2 4 6 3 1 9 4 2 9 1 5 3 7 6 8 3 8 2 4 6 9 1 5 7 1 9 7 2 1 5 6 8 3 5 4 6 7 3 8 2 9 4 11 20 
5 9 8 3 7 5 2 9 1 2 3 1 6 8 4 5 7 6 7 6 4 9 1 2 8 3 4 3 1 6 8 9 7 4 9 5 8 7 5 2 4 6 3 1 7 4 2 9 1 5 3 2 6 8 3 8 2 4 1 9 7 5 6 6 9 7 5 2 6 9 8 3 5 4 1 7 3 8 1 2 4 22 22 
8 9 5 3 7 4 2 1 6 2 3 4 6 8 1 5 7 9 7 6 1 9 5 2 8 3 4 6 1 3 8 9 7 4 2 5 5 7 8 6 2 4 3 9 1 4 2 9 1 5 3 7 6 8 3 8 2 4 1 9 6 5 7 1 4 7 2 6 5 9 8 3 9 5 6 7 3 8 1 4 2 4 13 
5 9 8 3 7 4 2 1 6 2 3 4 6 8 1 5 9 7 7 6 1 9 5 2 8 3 4 6 1 3 8 9 7 4 2 5 7 2 8 5 6 4 1 3 9 4 5 9 1 2 3 7 6 8 3 8 2 4 6 9 7 5 1 6 4 7 2 1 5 9 8 3 1 9 5 7 3 8 6 4 2 9 19 
9 8 4 3 7 5 6 1 2 2 3 1 6 8 4 5 7 9 7 6 5 9 1 2 8 3 4 3 1 6 8 9 7 4 2 5 5 7 8 2 4 6 3 9 1 4 2 9 1 5 3 7 6 8 3 8 2 4 6 9 1 5 7 6 4 7 5 2 1 9 8 3 1 9 5 7 3 8 2 4 6 4 12 
8 9 1 3 7 5 3 2 4 2 3 4 6 8 1 5 9 6 7 6 5 9 4 2 8 7 1 6 1 3 8 9 7 4 2 5 7 2 8 5 6 4 1 3 9 4 5 9 1 2 3 7 6 8 3 8 2 4 6 9 1 5 7 9 4 7 2 1 5 6 8 3 1 5 6 7 3 8 9 4 2 10 18 
9 4 8 3 7 5 3 2 6 2 3 1 6 4 8 5 7 9 7 6 5 9 1 2 8 1 4 6 1 3 8 9 7 4 9 5 8 2 5 2 6 4 7 3 1 4 7 9 1 5 3 2 6 8 3 8 2 4 8 9 1 5 7 5 4 7 5 2 6 9 8 3 1 9 6 7 3 1 6 4 2 11 18 
5 9 8 3 7 4 1 2 6 2 3 4 6 8 1 5 7 9 7 6 1 9 5 2 8 3 4 6 1 3 8 2 7 4 9 5 8 2 5 6 9 4 7 3 1 4 7 9 1 5 3 2 6 8 3 8 2 4 6 9 1 5 7 9 4 7 2 1 5 6 8 3 1 5 6 7 3 8 9 4 2 6 16 
1 9 4 3 7 8 6 1 2 2 3 8 6 4 1 5 7 9 7 6 5 9 5 2 8 3 4 6 1 3 8 9 7 4 2 5 5 2 8 5 4 6 3 9 1 4 7 9 1 2 3 7 6 8 3 8 2 4 8 9 7 5 6 6 4 7 2 1 5 1 8 3 9 5 1 7 3 6 9 4 2 14 20 
8 9 1 3 7 5 6 4 2 2 3 4 6 8 1 5 9 7 7 6 5 9 4 2 8 3 1 6 1 3 8 9 7 4 2 5 5 7 8 2 6 4 1 3 9 4 2 9 1 5 3 7 6 8 3 8 2 4 1 9 7 5 6 1 4 7 5 2 6 9 8 3 9 5 6 7 3 8 2 1 4 3 11 
8 9 4 3 7 5 2 9 6 2 3 1 6 8 1 5 7 4 7 6 5 9 4 2 8 3 1 6 1 3 8 9 7 4 2 5 5 7 8 2 6 4 3 1 9 4 2 9 1 5 3 7 6 8 3 8 2 4 1 9 6 5 7 1 4 7 5 2 6 9 8 3 9 5 6 7 3 8 1 4 2 3 10 
1 9 4 3 7 5 2 1 6 2 3 8 6 8 1 5 7 9 7 6 5 9 4 2 8 3 4 6 1 3 8 9 7 4 9 5 8 7 5 2 4 6 1 3 8 4 2 9 1 5 3 2 6 7 3 8 2 4 1 9 7 5 1 6 4 7 5 2 6 9 8 3 9 5 1 7 3 8 6 4 2 15 20 
8 9 1 3 7 5 6 9 2 2 3 4 6 8 4 5 7 1 7 6 5 9 1 2 8 3 4 6 1 3 8 9 7 4 2 5 5 7 8 2 4 6 3 1 9 4 2 9 1 5 3 7 6 8 3 8 2 4 6 9 1 5 7 6 4 7 5 2 1 9 8 3 9 5 1 7 3 8 2 4 6 5 13 
5 9 8 3 7 4 2 1 6 2 3 4 6 8 1 5 7 9 7 6 1 9 5 2 8 3 4 6 1 3 8 9 7 4 2 5 8 2 5 5 4 6 3 9 1 4 7 9 1 2 3 7 6 8 3 8 2 4 6 9 1 5 7 9 4 7 2 1 5 6 8 3 1 5 6 7 3 8 9 4 2 3 10 
8 9 1 3 7 5 3 2 6 2 3 4 6 8 4 5 9 1 7 6 5 9 1 2 8 7 4 6 1 3 8 9 7 4 3 5 5 7 8 5 4 6 9 1 2 4 2 9 1 2 3 7 6 8 3 8 2 4 6 9 1 5 7 9 4 7 2 5 1 6 8 3 1 5 6 7 3 8 2 4 9 7 17 
9 5 1 3 7 8 6 4 2 2 3 8 6 4 1 5 7 9 7 6 4 9 5 2 8 3 1 6 1 3 8 2 7 4 9 5 8 2 5 6 9 4 3 1 7 4 7 9 1 5 3 2 6 8 3 8 2 4 1 9 7 5 6 1 4 7 2 6 5 9 8 3 5 9 6 7 3 8 1 2 4 4 11 
5 9 8 3 7 1 3 2 6 2 3 1 6 8 4 5 7 9 7 6 4 9 5 2 8 1 4 6 1 3 8 9 7 4 9 5 8 2 5 5 4 6 1 3 7 4 7 9 1 2 3 2 6 8 3 8 2 4 1 9 7 5 6 1 4 7 2 6 5 9 8 3 9 5 6 7 3 8 2 4 1 8 16 
8 9 5 3 7 1 6 2 4 2 3 1 6 8 4 5 7 9 7 6 4 9 5 2 8 3 1 6 1 3 8 9 7 4 9 5 5 2 8 5 4 6 3 1 7 4 7 9 1 2 3 2 6 8 3 8 2 4 1 9 7 5 6 1 4 7 2 6 5 9 8 3 9 5 6 7 3 8 1 4 2 4 11 
9 8 1 3 7 5 6 4 2 2 3 4 6 1 8 5 7 9 7 6 5 9 4 2 8 3 1 3 1 6 8 9 7 4 2 5 7 2 8 5 6 4 3 1 9 4 5 9 1 2 3 7 6 8 3 8 2 4 8 9 1 5 6 6 4 7 2 5 1 9 8 3 1 9 5 7 3 6 2 4 7 9 17 
9 5 8 3 7 5 2 1 6 2 3 4 6 8 1 5 7 9 7 6 1 9 4 2 8 3 4 6 1 3 8 9 7 4 2 5 8 7 5 2 6 4 3 9 1 4 2 9 1 5 3 7 6 8 3 8 2 4 1 9 6 5 7 1 4 7 5 2 6 9 8 3 5 9 6 7 3 8 1 4 2 3 9 
1 9 5 3 7 4 9 2 6 2 3 8 6 8 1 5 4 7 7 6 4 9 5 2 8 3 1 3 1 6 8 2 7 4 9 5 5 7 8 6 9 4 3 1 2 4 2 9 1 5 3 7 6 8 3 8 2 4 1 9 6 5 7 9 4 7 2 6 5 1 8 3 6 5 1 7 3 8 2 9 4 10 17 
5 9 8 3 7 1 6 2 4 2 3 1 6 4 8 5 7 9 7 6 4 9 5 2 8 3 1 6 1 3 8 2 7 4 9 5 8 2 5 6 9 4 3 1 7 4 7 9 1 5 3 2 6 8 3 8 2 4 1 9 7 5 6 9 4 7 2 6 5 1 8 3 1 5 6 7 3 8 9 4 2 4 11 
8 9 5 3 7 4 1 2 6 2 3 4 6 1 8 5 7 9 7 6 1 9 5 2 8 3 4 6 1 3 8 2 7 4 9 5 5 2 8 6 9 4 3 1 7 4 7 9 1 5 3 2 6 8 3 8 2 4 8 9 6 5 1 1 4 7 2 6 5 9 8 3 9 5 6 7 3 1 7 4 2 6 15 
5 9 8 3 7 1 2 4 6 2 3 1 6 4 8 5 7 9 7 6 4 9 5 2 8 3 1 6 1 3 8 2 7 4 9 5 8 7 5 6 9 4 3 1 2 4 2 9 1 5 3 7 6 8 3 8 2 4 6 9 1 5 7 9 4 7 2 1 5 6 8 3 1 5 6 7 3 8 9 2 4 4 10 
8 9 5 3 7 1 6 9 2 2 3 1 6 8 4 5 7 4 7 6 4 9 5 2 8 3 1 6 1 3 8 9 7 4 2 5 5 7 8 2 4 6 3 1 9 4 2 9 1 5 3 7 6 8 3 8 2 4 6 9 1 5 7 9 4 7 2 1 5 2 8 3 1 5 6 7 3 8 9 4 6 7 15 
8 9 5 3 7 1 2 4 6 2 3 1 6 8 4 5 7 9 7 6 4 9 5 2 8 3 1 3 1 6 8 9 7 4 2 5 7 2 8 5 4 6 3 1 9 4 5 9 1 2 3 7 6 8 3 8 2 4 6 9 1 5 7 6 4 7 2 1 5 9 8 3 5 9 1 7 3 8 6 2 4 7 14 
5 9 8 3 7 5 6 4 2 2 3 1 6 1 8 5 9 7 7 6 4 9 4 2 8 3 1 6 1 3 8 9 7 4 9 5 8 2 5 2 6 4 3 1 7 4 7 9 1 5 3 2 6 8 3 8 2 4 8 9 1 5 6 1 4 7 5 2 6 9 8 3 9 5 6 7 3 1 2 7 4 11 17 
1 9 8 3 7 5 6 2 4 2 3 4 6 1 8 5 7 9 7 6 5 9 4 2 8 3 1 3 1 6 8 9 7 4 2 5 8 7 5 2 6 4 3 1 9 4 2 9 1 5 3 7 6 8 3 8 2 4 1 9 6 5 7 9 4 7 5 2 6 1 8 3 6 5 1 7 3 8 9 4 2 8 16 
9 5 8 3 7 4 2 3 1 2 3 4 6 1 8 5 9 6 7 6 1 9 5 2 8 7 4 6 1 3 8 2 7 4 9 5 8 2 5 6 9 4 3 1 7 4 7 9 1 5 3 2 6 8 3 8 2 4 6 9 1 5 7 1 9 7 5 2 1 6 8 3 5 4 6 7 3 8 9 4 2 14 19 
5 9 8 3 7 5 9 2 4 2 3 1 6 4 8 5 7 6 7 6 4 9 1 2 8 3 1 6 1 3 8 9 7 4 2 5 8 7 5 2 6 4 3 1 9 4 2 9 1 5 3 7 6 8 3 8 2 4 8 9 1 5 7 9 4 7 5 2 1 6 8 3 1 5 6 7 3 6 2 4 9 9 16 
8 9 1 3 7 4 2 1 6 2 3 4 6 1 8 5 9 7 7 6 5 9 5 2 8 3 4 3 1 6 8 9 7 4 2 5 5 7 8 6 2 4 3 9 1 4 2 9 1 5 3 7 6 8 3 8 2 4 8 9 1 5 7 9 5 7 2 6 1 9 8 3 1 4 6 7 3 5 6 4 2 14 17 
9 8 5 3 7 5 2 1 6 2 3 4 6 4 8 5 7 9 7 6 1 9 1 2 8 3 4 3 1 6 8 9 7 4 9 5 7 2 8 5 6 4 3 1 2 4 5 9 1 2 3 7 6 8 3 8 2 4 8 9 7 5 6 1 4 7 2 5 6 9 8 3 5 9 6 7 3 1 1 2 4 16 19 
8 9 1 3 7 5 2 3 6 2 3 4 6 8 1 5 7 9 7 6 5 9 4 2 8 1 4 6 1 3 8 9 7 4 2 5 5 7 8 2 6 4 3 9 1 4 2 9 1 5 3 7 6 8 3 8 2 4 1 9 6 5 7 9 4 7 5 2 6 1 8 3 1 5 6 7 3 8 9 4 2 3 9 
5 9 8 3 7 4 3 2 6 2 3 4 6 8 1 5 9 1 7 6 1 9 5 2 8 7 4 3 1 6 8 9 7 4 2 5 5 7 8 5 4 6 1 3 9 4 2 9 1 2 3 7 6 8 3 8 2 4 8 9 1 5 7 1 4 7 2 1 6 9 8 3 9 5 6 7 3 5 2 4 6 19 18 
5 9 1 3 7 4 2 9 6 2 3 8 6 8 1 5 7 4 7 6 4 9 5 2 8 3 1 6 1 3 8 9 7 4 2 5 8 7 5 5 4 6 3 1 9 4 2 9 1 2 3 7 6 8 3 8 2 4 1 9 6 5 7 9 4 7 2 6 5 1 8 3 1 5 6 7 3 8 9 4 2 5 13 
9 4 8 3 7 5 1 2 6 2 3 1 6 8 4 5 7 9 7 6 5 9 1 2 8 3 4 6 1 3 8 9 7 4 9 5 8 7 5 2 4 6 3 1 2 4 2 9 1 5 3 7 6 8 3 8 2 4 1 9 6 5 7 1 4 7 5 2 6 9 8 3 5 9 6 7 3 8 2 4 1 7 13 
5 9 8 3 7 5 2 4 6 2 3 1 6 8 4 5 7 9 7 6 4 9 1 2 8 3 1 6 1 3 8 9 7 4 2 5 8 7 5 2 4 6 3 1 9 4 2 9 1 5 3 7 6 8 3 8 2 4 6 9 1 5 7 9 4 7 5 2 1 6 8 3 1 5 6 7 3 8 2 9 4 5 12 
9 5 1 3 7 5 6 4 2 2 3 8 6 8 4 5 7 9 7 6 4 9 1 2 8 3 1 6 1 3 8 9 7 4 2 5 5 7 8 2 4 6 3 9 1 4 2 9 1 5 3 7 6 8 3 8 2 4 6 9 7 5 6 1 4 7 5 2 1 9 8 3 5 9 6 7 3 8 1 2 4 11 16 
8 9 5 3 7 5 2 1 6 2 3 4 6 1 8 5 7 9 7 6 1 9 4 2 8 3 4 3 1 6 8 9 7 4 2 5 7 2 8 5 6 4 3 9 1 4 5 9 1 2 3 7 6 8 3 8 2 4 1 9 1 5 6 9 4 7 2 6 5 9 8 3 1 5 6 7 3 8 2 4 7 16 17 
1 9 8 3 7 5 3 2 6 2 3 4 6 8 1 5 7 9 7 6 5 9 4 2 8 1 4 3 1 6 8 9 7 4 9 5 8 7 5 5 4 6 7 3 1 4 2 9 1 2 3 2 6 8 3 8 2 4 1 9 6 5 7 5 4 7 5 2 6 1 8 3 1 9 6 7 3 8 9 4 2 20 18 
8 9 4 3 7 5 6 1 2 2 3 1 6 8 4 5 7 9 7 6 5 9 1 2 8 3 4 6 1 3 8 9 7 4 2 5 7 2 8 5 4 6 3 9 1 4 5 9 1 2 3 7 6 8 3 8 2 4 6 9 1 5 7 9 4 7 2 5 1 9 8 3 1 5 6 7 3 8 2 4 6 5 12 
5 9 4 3 7 1 1 3 2 2 3 8 6 8 4 5 9 6 7 6 1 9 5 2 8 7 4 6 1 3 8 9 7 4 2 5 8 7 5 6 2 4 3 1 9 4 2 9 1 5 3 7 6 8 3 8 2 4 6 9 7 5 1 9 4 7 2 1 5 6 8 3 1 5 6 7 3 8 9 4 2 11 15 
5 9 8 3 7 8 9 4 2 2 3 1 6 4 1 5 7 6 7 6 4 9 5 2 8 3 1 6 1 3 8 9 7 4 9 5 8 7 5 2 4 6 3 1 8 4 2 9 1 5 3 2 6 7 3 8 2 4 1 9 7 5 6 9 4 7 6 2 5 9 8 3 1 5 6 7 3 8 1 2 4 16 17 
8 9 5 3 7 4 1 2 6 2 3 4 6 8 1 5 7 9 7 6 1 9 5 2 8 3 4 6 1 3 8 2 7 4 9 5 5 7 8 6 9 4 3 1 2 4 2 9 1 5 3 7 6 8 3 8 2 4 1 9 6 5 7 1 4 7 2 6 5 9 8 3 9 5 6 7 3 8 2 4 1 4 9 
9 5 8 3 7 5 6 1 2 2 3 1 6 8 4 5 7 9 7 6 4 9 1 2 8 3 4 6 1 3 8 9 7 4 2 5 5 7 8 2 4 6 3 9 1 4 2 9 1 5 3 7 6 8 3 8 2 4 1 9 6 5 7 1 4 7 2 6 5 9 8 3 9 5 6 7 3 8 1 4 2 11 13 
8 9 4 3 7 5 2 1 6 2 3 1 6 4 8 5 7 9 7 6 5 9 1 2 8 3 4 6 1 3 8 2 7 4 9 5 5 7 8 6 9 4 3 2 1 4 2 9 1 5 3 7 6 8 3 8 2 4 6 9 1 5 7 9 4 7 2 5 1 6 8 3 1 5 6 7 3 8 9 4 2 4 9 
9 8 1 3 7 5 2 9 4 2 3 4 6 8 1 5 7 6 7 6 5 9 4 2 8 3 1 6 1 3 8 9 7 4 2 5 7 2 8 5 6 4 3 1 9 4 5 9 1 2 3 7 6 8 3 8 2 4 1 9 6 5 7 1 4 7 2 5 6 9 8 3 5 9 6 7 3 8 1 4 2 5 12 
9 8 4 3 7 5 2 3 1 2 3 1 6 8 4 5 9 6 7 6 5 9 1 2 8 7 4 6 1 3 8 9 7 4 2 5 7 5 8 5 4 6 3 1 9 4 2 9 1 2 3 7 6 8 3 8 2 4 6 9 7 5 1 1 9 7 2 5 1 6 8 3 5 4 6 7 3 8 9 4 2 12 16 
9 8 5 3 7 4 6 1 2 2 3 4 6 8 1 5 7 9 7 6 1 9 5 2 8 3 4 6 1 3 8 9 7 4 2 5 7 2 8 5 4 6 3 9 1 4 5 9 1 2 3 7 6 8 3 8 2 4 6 9 1 5 7 1 4 7 2 1 5 9 8 3 5 9 6 7 3 8 2 4 6 5 12 
8 9 4 3 7 5 3 2 6 2 3 1 6 8 1 5 9 4 7 6 5 9 4 2 8 7 1 6 1 3 8 9 7 4 3 5 5 2 8 2 6 4 7 1 9 4 7 9 1 5 3 2 6 8 3 8 2 4 1 9 6 5 7 9 4 7 5 2 6 1 8 3 1 5 6 7 3 8 9 4 2 6 12 
5 9 8 3 7 4 6 2 4 2 3 4 6 8 1 5 7 9 7 6 1 9 5 2 8 3 1 6 1 3 8 9 7 4 9 5 8 7 5 2 4 6 3 1 2 4 2 9 1 5 3 7 6 8 3 8 2 4 8 9 6 5 7 1 4 7 2 6 1 9 8 3 5 9 6 7 3 5 1 4 2 16 16 
5 9 8 3 7 4 2 1 6 2 3 4 6 1 8 5 7 9 7 6 1 9 5 2 8 3 4 6 1 3 8 9 7 4 2 5 8 7 5 2 4 6 3 9 1 4 2 9 1 5 3 7 6 8 3 8 2 4 6 9 1 5 7 9 4 7 5 2 1 6 8 3 1 5 6 7 3 8 9 4 2 3 8 
9 5 8 3 7 1 6 4 2 2 3 1 6 8 4 5 9 7 7 6 4 9 5 2 8 3 1 6 1 3 8 9 7 4 2 5 8 2 5 5 4 6 3 1 9 4 7 9 1 2 3 7 6 8 3 8 2 4 1 9 7 5 6 1 4 7 2 6 5 9 8 3 5 9 6 7 3 8 2 1 4 5 11 
8 9 1 3 7 5 2 4 6 2 3 4 6 8 1 5 7 9 7 6 5 9 4 2 8 3 1 6 1 3 8 2 7 4 9 5 5 7 8 6 9 4 3 1 2 4 2 9 1 5 3 7 6 8 3 8 2 4 1 9 6 5 7 1 4 7 2 5 6 9 8 3 9 5 6 7 3 8 1 2 4 3 8 
8 9 1 3 7 5 6 3 2 2 3 4 6 8 1 5 7 9 7 6 5 9 4 2 8 1 4 6 1 3 8 9 7 4 2 5 5 7 8 6 2 4 3 9 1 4 2 9 1 5 3 7 6 8 3 8 2 4 1 9 7 5 6 1 4 7 2 6 5 9 8 3 9 5 6 7 3 8 2 4 1 7 12 
8 9 1 3 7 5 9 2 4 2 3 4 6 8 1 5 7 6 7 6 5 9 4 2 8 3 1 6 1 3 8 2 7 4 9 5 5 7 8 6 9 4 3 2 1 4 2 9 1 5 3 7 6 8 3 8 2 4 8 9 1 5 7 9 5 7 2 6 1 6 8 3 1 4 6 7 3 5 2 4 9 12 14 
5 9 8 3 7 4 2 9 1 2 3 4 6 8 1 5 7 6 7 6 1 9 5 2 8 3 4 6 1 3 8 9 7 4 2 5 8 7 5 2 4 6 3 1 9 4 2 9 1 5 3 7 6 8 3 8 2 4 1 9 6 5 7 1 4 7 5 2 6 9 8 3 9 5 6 7 3 8 1 4 2 5 11 
5 9 8 3 7 4 2 1 6 2 3 4 6 8 1 5 7 9 7 6 1 9 5 2 8 3 4 6 1 3 8 2 7 4 9 5 8 7 5 6 9 4 3 2 1 4 2 9 1 5 3 7 6 8 3 8 2 4 1 9 6 5 7 9 4 7 2 6 5 1 8 3 1 5 6 7 3 8 9 4 2 4 8 
8 9 5 3 7 4 6 2 1 2 3 4 6 8 1 5 9 7 7 6 1 9 5 2 8 3 4 6 1 3 8 9 7 4 2 5 5 2 8 5 4 6 3 1 9 4 7 9 1 2 3 7 6 8 3 8 2 4 1 9 7 5 6 9 4 7 2 6 5 1 8 3 1 5 6 7 3 8 9 4 2 5 10 
8 9 1 3 7 5 6 2 4 2 3 4 6 8 1 5 9 7 7 6 5 9 4 2 8 3 1 6 1 3 8 9 7 4 2 5 5 7 8 2 6 4 3 1 9 4 2 9 1 5 3 7 6 8 3 8 2 4 1 9 7 5 6 1 4 7 5 2 6 9 8 3 9 5 6 7 3 8 1 4 2 3 7 

