MonoObjective Genetic Algorithm
Number of Evaluations = 0
Mutation Probability = 0.0100000000000000002
Crossover Probability = 0.5
Population Size = 100
Survival Selection Type = 16

Time =  300.039030000000025

Current Evaluation = 207800
Front Size = 100
8 9 4 3 7 5 2 1 6 2 3 1 6 8 4 5 7 9 7 6 5 9 1 2 8 3 4 6 1 3 8 9 7 4 2 5 5 7 8 2 4 6 3 9 1 4 2 9 1 5 3 7 6 8 3 8 2 4 6 9 1 5 7 9 4 7 5 2 1 6 8 3 1 5 6 7 3 8 9 4 2 1 15 
9 8 5 3 7 1 6 4 2 2 3 1 6 4 8 5 9 7 7 6 4 9 5 2 8 3 1 6 1 3 8 9 7 4 2 5 7 2 8 5 6 4 3 1 9 4 5 9 1 2 3 7 6 8 3 8 2 4 8 9 1 5 6 5 4 7 2 1 6 9 8 3 1 9 6 7 3 5 2 7 4 5 35 
8 9 1 3 7 5 6 4 2 2 3 4 6 8 1 5 7 9 7 6 5 9 4 2 8 3 1 6 1 3 8 2 7 4 9 5 5 2 8 6 9 4 3 1 7 4 7 9 1 5 3 2 6 8 3 8 2 4 1 9 7 5 6 1 4 7 2 5 6 9 8 3 9 5 6 7 3 8 1 2 4 3 29 
9 5 8 3 7 4 6 2 1 2 3 4 6 8 1 5 7 9 7 6 1 9 5 2 8 3 4 3 1 6 8 9 7 4 9 5 8 7 5 5 4 6 3 1 2 4 2 9 1 2 3 7 6 8 3 8 2 4 6 9 1 5 7 6 4 7 2 1 5 9 8 3 1 9 5 7 3 8 2 4 6 6 29 
9 8 4 3 7 5 6 3 2 2 3 1 6 4 8 5 9 7 7 6 5 9 1 2 8 1 4 3 1 6 8 2 7 4 9 5 5 2 8 6 9 4 3 7 1 4 7 9 1 5 3 2 6 8 3 8 2 4 8 9 6 5 7 1 4 7 5 2 6 1 8 3 6 9 5 7 3 1 2 4 9 15 29 
1 9 8 3 7 8 3 2 6 2 3 4 6 1 4 5 9 7 7 6 5 9 5 2 8 4 1 6 1 3 8 2 7 4 3 5 7 8 5 6 9 4 1 2 9 4 2 9 1 5 3 7 6 8 3 8 2 4 8 9 7 5 1 1 4 7 2 5 1 9 8 3 5 9 6 7 3 6 6 4 2 26 30 
5 9 4 3 7 8 6 1 2 2 3 8 6 1 4 5 7 9 7 6 1 9 5 2 8 3 4 6 1 3 8 9 7 4 2 5 8 2 5 5 4 6 3 9 1 4 7 9 1 2 3 7 6 8 3 8 2 4 8 9 1 5 7 1 4 7 2 6 5 9 8 3 9 5 6 7 3 1 2 4 6 5 23 
9 8 1 3 7 5 2 9 6 2 3 4 6 1 8 5 4 7 7 6 5 9 4 2 8 3 1 3 1 6 8 9 7 4 2 5 5 7 8 2 6 4 3 1 9 4 2 9 1 5 3 7 6 8 3 8 2 4 8 9 7 5 1 6 4 7 5 2 1 9 8 3 1 9 5 7 3 6 6 2 4 11 27 
9 5 4 3 7 8 2 1 6 2 3 8 6 4 1 5 7 9 7 6 1 9 5 2 8 3 4 6 1 3 8 9 7 4 2 5 8 7 5 2 6 4 3 9 1 4 2 9 1 5 3 7 6 8 3 8 2 4 1 9 6 5 7 1 4 7 5 2 6 9 8 3 5 9 6 7 3 8 1 4 2 3 20 
9 5 1 3 7 8 6 3 2 2 3 8 6 4 1 5 7 9 7 6 4 9 5 2 8 4 1 3 1 6 8 9 7 4 9 5 7 2 5 6 2 4 3 1 8 4 8 9 1 5 3 7 6 2 3 8 2 4 8 9 7 5 6 5 9 7 2 1 5 1 8 3 6 4 1 7 3 6 9 2 4 18 29 
5 9 8 3 7 1 1 2 6 2 3 1 6 8 4 5 4 9 7 6 4 9 5 2 8 3 7 3 1 6 8 9 7 4 9 5 7 2 8 5 4 6 1 3 7 4 5 9 1 2 3 2 6 8 6 3 2 4 8 9 6 5 7 9 4 7 5 2 6 9 8 3 8 5 1 7 3 1 1 2 4 130 32 
8 9 5 3 7 4 6 1 2 2 3 4 6 8 1 5 4 9 7 6 1 9 5 2 8 3 7 3 1 6 8 9 7 4 9 5 7 2 8 2 6 4 3 2 1 4 5 9 1 5 3 7 6 8 3 8 2 4 1 9 1 5 6 5 9 7 5 2 6 2 8 3 1 4 6 7 3 8 9 7 4 19 26 
8 9 1 3 7 5 6 4 2 2 3 4 6 1 8 5 9 7 7 6 5 9 4 2 8 3 1 6 1 3 8 9 7 4 2 5 5 7 8 2 6 4 3 1 9 4 2 9 1 5 3 7 6 8 3 8 2 4 8 9 1 5 6 1 4 7 5 2 6 9 8 3 9 5 6 7 3 1 2 7 4 3 18 
9 5 8 3 7 1 6 2 9 2 3 4 6 4 8 5 1 7 7 6 1 9 5 2 8 3 4 6 1 3 8 2 7 4 9 5 8 2 5 6 9 4 3 7 1 4 7 9 1 5 3 2 6 8 3 8 2 4 8 9 7 5 6 5 4 7 2 1 6 9 8 3 1 9 6 7 3 5 1 4 2 7 23 
5 9 8 3 7 1 2 4 6 2 3 1 6 4 8 5 7 9 7 6 4 9 5 2 8 3 1 6 1 3 8 2 7 4 9 5 8 7 5 6 9 4 3 1 2 4 2 9 1 5 3 7 6 8 3 8 2 4 1 9 6 5 7 1 4 7 2 6 5 9 8 3 9 5 6 7 3 8 1 2 4 4 20 
5 9 8 3 7 4 1 2 6 2 3 4 6 8 1 5 7 9 7 6 1 9 5 2 8 3 4 6 1 3 8 2 7 4 9 5 8 2 5 6 9 4 3 1 7 4 7 9 1 5 3 2 6 8 3 8 2 4 6 9 7 5 1 9 4 7 2 1 5 6 8 3 1 5 6 7 3 8 9 4 2 4 19 
1 9 8 3 7 5 6 4 2 2 3 4 6 8 4 5 9 1 7 6 5 9 1 2 8 3 7 3 1 6 8 9 7 4 2 5 8 7 5 5 4 6 3 1 9 4 2 9 1 2 3 7 6 8 3 8 2 4 6 9 7 5 6 6 9 7 2 5 1 1 8 3 5 4 1 7 3 8 9 2 4 13 25 
9 8 4 5 7 8 6 3 2 2 3 1 3 6 1 5 9 1 7 6 5 9 4 2 8 7 4 6 1 3 8 9 7 4 9 5 5 7 8 5 4 6 3 1 8 4 2 9 1 2 3 7 6 2 3 8 2 4 6 9 7 5 1 9 5 7 5 2 1 9 8 3 6 4 1 7 3 8 2 4 6 134 29 
9 5 8 3 7 5 6 2 1 2 3 4 6 8 1 5 9 7 7 6 1 9 4 2 8 3 4 6 1 3 8 9 7 4 3 5 8 7 5 2 6 4 9 1 8 4 2 9 1 5 3 7 6 2 3 8 2 4 1 9 7 5 6 5 9 7 5 2 6 1 8 3 1 4 6 7 3 8 2 4 9 10 24 
9 8 1 3 7 5 2 9 4 2 3 4 6 8 1 5 7 6 7 6 5 9 4 2 8 3 1 6 1 3 8 9 7 4 2 5 7 2 8 5 6 4 3 1 9 4 5 9 1 2 3 7 6 8 3 8 2 4 1 9 6 5 7 1 4 7 2 5 6 9 8 3 5 9 6 7 3 8 1 4 2 5 21 
1 9 5 3 7 4 2 9 6 2 3 8 6 8 1 5 7 4 7 6 4 9 5 2 8 3 1 3 1 6 8 9 7 4 2 5 5 7 8 2 4 6 3 1 9 4 2 9 1 5 3 7 6 8 3 8 2 4 1 9 6 5 7 9 4 7 2 6 5 1 8 3 6 5 1 7 3 8 9 4 2 7 22 
8 9 1 3 7 4 6 3 2 2 3 4 6 1 8 5 7 9 7 6 5 9 5 2 8 1 4 6 1 3 8 9 7 4 2 5 7 5 8 2 4 6 3 9 1 4 2 9 1 5 3 7 6 8 3 8 2 4 8 9 7 5 6 9 5 7 2 6 1 1 8 3 6 4 1 7 3 5 2 4 9 14 25 
9 5 8 3 7 4 6 1 2 2 3 4 6 1 8 5 9 7 7 6 1 9 5 2 8 3 4 6 1 3 8 9 7 4 2 5 5 7 8 2 4 6 1 3 9 4 2 9 1 5 3 7 6 8 3 8 2 4 6 9 7 5 1 6 4 7 5 2 1 9 8 3 1 9 5 7 3 8 2 4 6 7 21 
5 9 4 3 7 4 2 3 4 2 3 8 6 8 1 5 9 6 7 6 1 9 5 2 8 7 1 3 1 6 8 9 7 4 9 5 7 5 8 2 6 4 3 7 1 4 2 9 1 5 3 2 6 8 3 8 2 4 6 9 7 5 6 9 4 7 2 5 1 9 8 3 1 5 6 7 3 8 1 2 4 33 25 
8 9 5 3 7 4 2 1 6 2 3 4 6 8 1 5 7 9 7 6 1 9 5 2 8 3 4 6 1 3 8 9 7 4 2 5 5 2 8 5 4 6 3 9 1 4 7 9 1 2 3 7 6 8 3 8 2 4 1 9 6 5 7 9 4 7 2 6 5 1 8 3 1 5 6 7 3 8 9 4 2 3 16 
9 8 4 3 7 5 6 1 2 2 3 1 6 4 8 5 4 9 7 6 5 9 1 2 8 3 7 3 1 6 8 9 7 4 2 5 7 2 8 5 6 4 9 3 1 4 5 9 1 2 3 7 6 8 3 8 2 4 8 9 7 5 6 9 4 7 2 5 1 1 8 3 6 5 1 7 3 6 2 9 4 14 23 
8 9 4 3 7 5 2 9 6 2 3 1 6 8 1 5 7 4 7 6 5 9 4 2 8 3 1 6 1 3 8 9 7 4 2 5 5 7 8 2 6 4 3 1 9 4 2 9 1 5 3 7 6 8 3 8 2 4 1 9 6 5 7 1 4 7 5 2 6 9 8 3 9 5 6 7 3 8 1 4 2 3 15 
8 9 5 3 7 1 6 2 4 2 3 1 6 8 4 5 9 7 7 6 4 9 5 2 8 3 1 6 1 3 8 9 7 4 2 5 7 2 8 5 4 6 3 1 9 4 5 9 1 2 3 7 6 8 3 8 2 4 1 9 7 5 6 1 4 7 2 6 5 9 8 3 5 9 6 7 3 8 1 4 2 5 18 
8 9 4 3 7 5 6 1 2 2 3 1 6 4 8 5 7 9 7 6 5 9 1 2 8 3 4 6 1 3 8 2 7 4 9 5 5 7 8 6 9 4 3 2 1 4 2 9 1 5 3 7 6 8 3 8 2 4 6 9 1 5 7 6 4 7 2 5 1 9 8 3 9 5 1 7 3 8 2 4 6 6 18 
5 9 8 3 7 4 6 2 1 2 3 4 6 8 1 5 9 7 7 6 1 9 5 2 8 3 4 6 1 3 8 9 7 4 2 5 8 7 5 2 4 6 3 1 9 4 2 9 1 5 3 7 6 8 3 8 2 4 1 9 7 5 6 9 4 7 2 6 5 1 8 3 1 5 6 7 3 8 9 4 2 5 17 
5 9 1 3 7 1 6 4 2 2 3 8 6 8 4 5 1 9 7 6 4 9 5 2 8 3 7 6 1 3 8 9 7 4 9 5 8 2 5 2 6 4 3 7 1 4 7 9 1 5 3 2 6 8 3 8 2 4 1 9 7 5 6 9 4 7 5 2 6 1 8 3 1 5 6 7 3 8 2 9 4 10 22 
1 9 4 3 7 8 6 1 2 2 3 8 6 1 4 5 9 7 7 6 5 9 5 2 8 3 4 3 1 6 8 6 7 4 9 5 5 2 8 2 9 4 3 7 1 4 7 9 1 5 3 2 6 8 3 8 2 4 8 9 7 5 6 6 5 7 5 2 1 9 8 3 9 4 1 7 3 6 1 4 2 15 23 
9 5 8 3 7 1 6 2 4 2 3 1 6 8 4 5 7 9 7 6 4 9 5 2 8 3 1 3 1 6 8 9 7 4 2 5 5 7 8 2 4 6 3 9 1 4 2 9 1 5 3 7 6 8 3 8 2 4 1 9 7 5 6 1 9 7 5 2 6 9 8 3 6 4 5 7 3 8 1 4 2 10 21 
8 9 1 3 7 5 2 4 6 2 3 4 6 8 1 5 7 9 7 6 5 9 4 2 8 3 1 6 1 3 8 2 7 4 9 5 5 7 8 6 9 4 3 1 2 4 2 9 1 5 3 7 6 8 3 8 2 4 6 9 1 5 7 9 4 7 2 1 5 6 8 3 1 5 6 7 3 8 9 2 4 3 15 
8 9 1 3 7 5 6 2 4 2 3 4 6 8 1 5 7 9 7 6 5 9 4 2 8 3 1 6 1 3 8 9 7 4 9 5 5 2 8 2 6 4 3 1 7 4 7 9 1 5 3 2 6 8 3 8 2 4 1 9 7 5 6 9 4 7 5 2 6 1 8 3 1 5 6 7 3 8 9 4 2 3 13 
1 9 8 3 7 5 3 2 6 2 3 4 6 8 1 5 9 7 7 6 5 9 4 2 8 1 4 6 1 3 8 9 7 4 3 5 8 7 5 5 4 6 2 9 1 4 2 9 1 2 3 7 6 8 3 8 2 4 6 9 1 5 7 6 4 7 2 1 5 9 8 3 5 9 1 7 3 8 6 2 4 15 21 
5 9 4 3 7 1 3 2 6 2 3 8 6 8 4 5 9 1 7 6 1 9 5 2 8 7 4 6 1 3 8 9 7 4 3 5 8 7 5 5 4 6 9 1 2 4 2 9 1 2 3 7 6 8 3 8 2 4 6 9 1 5 7 9 4 7 2 1 5 6 8 3 1 5 6 7 3 8 2 4 9 7 20 
5 9 4 3 7 8 2 1 6 2 3 8 6 4 1 5 7 9 7 6 1 9 5 2 8 3 4 6 1 3 8 2 7 4 9 5 8 7 5 6 9 4 3 2 1 4 2 9 1 5 3 7 6 8 3 8 2 4 1 9 6 5 7 9 4 7 2 6 5 1 8 3 1 5 6 7 3 8 9 4 2 4 15 
5 9 8 3 7 1 2 1 6 2 3 4 6 8 4 5 7 9 7 6 1 9 5 2 8 3 4 3 1 6 8 9 7 4 9 5 7 5 8 6 4 5 3 2 1 4 2 9 1 2 3 7 6 8 3 8 2 4 1 9 7 5 6 1 4 7 5 2 6 9 8 3 5 9 6 7 3 8 1 2 4 18 21 
8 9 1 3 7 5 6 4 2 2 3 4 6 8 1 5 7 9 7 6 5 9 4 2 8 3 1 6 1 3 8 9 7 4 2 5 5 7 8 2 6 4 3 1 9 4 2 9 1 5 3 7 6 8 3 8 2 4 1 9 6 5 7 9 4 7 5 2 6 1 8 3 1 5 6 7 3 8 2 9 4 3 12 
5 9 8 3 7 5 2 4 6 2 3 4 6 4 8 5 7 9 7 6 1 9 1 2 8 3 1 6 1 3 8 9 7 4 9 5 7 2 8 5 4 6 3 1 8 4 5 9 1 2 3 7 6 2 3 8 2 4 8 9 7 5 6 1 4 7 2 5 6 1 8 3 5 9 6 7 3 1 9 4 2 22 21 
9 5 8 3 7 5 6 2 4 2 3 4 6 1 8 5 7 9 7 6 1 9 4 2 8 3 1 6 1 3 8 2 7 4 9 5 8 7 5 6 9 4 3 1 2 4 2 9 1 5 3 7 6 8 3 8 2 4 8 9 1 5 7 1 4 7 2 5 6 9 8 3 5 9 6 7 3 1 2 4 6 7 20 
9 5 4 3 7 8 6 2 1 2 3 8 6 4 1 5 7 9 7 6 1 9 5 2 8 3 4 6 1 3 8 2 7 4 9 5 8 2 5 6 9 4 3 1 7 4 7 9 1 5 3 2 6 8 3 8 2 4 1 9 7 5 6 1 4 7 2 6 5 9 8 3 5 9 6 7 3 8 1 4 2 4 15 
9 8 4 3 7 5 6 1 2 2 3 1 6 8 4 5 7 9 7 6 5 9 1 2 8 3 4 3 1 6 8 9 7 4 2 5 7 2 8 5 4 6 3 9 1 4 5 9 1 2 3 7 6 8 3 8 2 4 6 9 1 5 7 6 9 7 2 5 1 2 8 3 5 4 1 7 3 8 9 4 6 7 19 
5 9 1 3 7 4 2 9 6 2 3 8 6 8 1 5 7 4 7 6 4 9 5 2 8 3 1 6 1 3 8 9 7 4 2 5 8 2 5 5 4 6 3 1 9 4 7 9 1 2 3 7 6 8 3 8 2 4 6 9 1 5 7 9 4 7 2 1 5 6 8 3 1 5 6 7 3 8 9 4 2 5 15 
8 9 5 3 7 4 6 1 2 2 3 4 6 8 1 5 9 7 7 6 1 9 5 2 8 3 4 6 1 3 8 9 7 4 2 5 5 2 8 5 4 6 1 3 9 4 7 9 1 2 3 7 6 8 3 8 2 4 1 9 7 5 6 1 4 7 2 5 6 9 8 3 9 5 6 7 3 8 2 4 1 7 16 
8 9 4 3 7 5 6 3 2 2 3 1 6 8 1 5 9 4 7 6 5 9 4 2 8 7 1 3 1 6 8 9 7 4 2 5 5 7 8 6 2 4 3 1 9 4 2 9 1 5 3 7 6 8 3 8 2 4 6 9 1 5 7 6 4 7 2 1 5 9 8 3 1 9 5 7 3 8 2 4 6 9 20 
9 5 4 3 7 8 6 1 2 2 3 8 6 4 1 5 7 9 7 6 1 9 5 2 8 3 4 6 1 3 8 2 7 4 9 5 8 7 5 6 9 4 3 2 1 4 2 9 1 5 3 7 6 8 3 8 2 4 8 9 1 5 6 5 4 7 2 1 6 9 8 3 1 9 6 7 3 5 2 4 7 5 15 
1 9 8 3 7 5 6 3 2 2 3 4 6 8 1 5 7 9 7 6 5 9 4 2 8 1 4 3 1 6 8 9 7 4 2 5 5 2 8 5 6 4 3 9 1 4 7 9 1 2 3 7 6 8 3 8 2 4 1 9 7 5 6 9 4 7 2 5 6 1 8 3 6 5 1 7 3 8 2 4 9 9 20 
1 9 5 3 7 8 6 4 2 2 3 8 6 1 4 5 7 9 7 6 4 9 5 2 8 3 1 3 1 6 8 2 7 4 9 5 5 7 8 6 9 4 2 3 1 4 2 9 1 5 3 7 6 8 3 8 2 4 8 9 6 5 7 9 4 7 2 6 1 1 8 3 6 5 1 7 3 5 9 2 4 12 20 
9 5 8 3 7 4 2 1 6 2 3 4 6 1 8 5 7 9 7 6 1 9 5 2 8 3 4 3 1 6 8 9 7 4 2 5 8 7 5 2 4 6 3 9 1 4 2 9 1 5 3 7 6 8 3 8 2 4 6 9 1 5 7 6 4 7 5 2 1 9 8 3 5 9 1 7 3 8 6 4 2 5 15 
8 9 5 3 7 1 6 4 2 2 3 4 6 4 8 5 1 9 7 6 1 9 5 2 8 3 7 6 1 3 8 9 7 4 2 5 5 2 8 5 6 4 3 9 1 4 7 9 1 2 3 7 6 8 3 8 2 4 8 9 7 5 6 9 5 7 2 1 6 1 8 3 6 4 1 7 3 5 2 9 4 12 19 
9 5 1 3 7 8 6 4 2 2 3 8 6 4 1 5 9 7 7 6 4 9 5 2 8 3 1 6 1 3 8 9 7 4 2 5 8 7 5 2 6 4 3 1 9 4 2 9 1 5 3 7 6 8 3 8 2 4 1 9 1 5 6 1 4 7 5 2 6 9 8 3 5 9 6 7 3 8 2 7 4 5 14 
8 9 5 3 7 4 6 3 2 2 3 4 6 8 1 5 7 9 7 6 1 9 5 2 8 4 1 6 1 3 8 9 7 4 9 5 8 7 5 2 6 4 3 1 7 4 2 9 1 5 3 2 6 8 3 8 2 4 8 9 7 5 6 5 9 7 2 1 6 1 8 3 1 4 6 7 3 5 9 2 4 16 20 
9 5 1 3 7 8 2 3 4 2 3 8 6 4 1 5 9 6 7 6 4 9 5 2 8 7 1 6 1 3 8 9 7 4 2 5 8 7 5 6 2 4 3 1 9 4 2 9 1 5 3 7 6 8 3 8 2 4 8 9 6 5 7 5 4 7 2 1 6 9 8 3 1 9 6 7 3 5 1 4 2 8 18 
9 5 8 3 7 4 6 1 2 2 3 4 6 1 8 5 7 9 7 6 1 9 5 2 8 3 4 6 1 3 8 9 7 4 2 5 8 7 5 5 4 6 3 9 1 4 2 9 1 2 3 7 6 8 3 8 2 4 8 9 1 5 6 5 4 7 2 6 1 9 8 3 1 9 6 7 3 5 2 4 7 5 14 
9 4 8 3 7 5 1 2 6 2 3 1 6 8 4 5 7 9 7 6 5 9 1 2 8 3 4 6 1 3 8 2 7 4 9 5 5 2 8 6 9 4 3 1 7 4 7 9 1 5 3 2 6 8 3 8 2 4 6 9 7 5 1 6 5 7 5 2 1 9 8 3 1 9 4 7 3 8 6 4 2 8 18 
5 9 4 3 7 8 2 1 6 2 3 8 6 4 1 5 7 9 7 6 1 9 5 2 8 3 4 3 1 6 8 9 7 4 2 5 7 2 8 5 6 4 3 9 1 4 5 9 1 2 3 7 6 8 3 8 2 4 8 9 1 5 7 6 4 7 2 1 5 9 8 3 9 5 1 7 3 6 6 4 2 8 17 
9 5 8 3 7 5 6 4 2 2 3 4 6 8 1 5 7 9 7 6 1 9 4 2 8 3 1 3 1 6 8 6 7 4 9 5 5 7 8 2 9 4 3 1 2 4 2 9 1 5 3 7 6 8 3 8 2 4 1 9 6 5 7 1 4 7 5 2 6 9 8 3 6 9 5 7 3 8 1 2 4 9 17 
1 9 8 3 7 5 6 4 2 2 3 4 6 1 8 5 9 7 7 6 5 9 4 2 8 3 1 3 1 6 8 9 7 4 2 5 5 7 8 2 4 6 3 1 9 4 2 9 1 5 3 7 6 8 3 8 2 4 6 9 1 5 7 6 5 7 5 2 1 9 8 3 9 4 1 7 3 8 2 4 6 9 16 
8 9 4 3 7 5 6 2 1 2 3 1 6 8 4 5 9 7 7 6 5 9 1 2 8 3 4 6 1 3 8 9 7 4 2 5 5 7 8 2 4 6 3 1 9 4 2 9 1 5 3 7 6 8 3 8 2 4 6 9 7 5 6 1 4 7 5 2 1 9 8 3 9 5 6 7 3 8 1 4 2 5 13 
9 8 4 3 7 5 6 1 2 2 3 1 6 4 8 5 9 7 7 6 5 9 1 2 8 3 4 6 1 3 8 9 7 4 2 5 7 2 8 5 4 6 1 3 9 4 5 9 1 2 3 7 6 8 3 8 2 4 8 9 7 5 1 5 4 7 2 6 1 9 8 3 1 9 6 7 3 5 2 4 6 9 16 
1 9 5 3 7 8 2 9 4 2 3 8 6 1 4 5 7 6 7 6 4 9 5 2 8 3 1 6 1 3 8 9 7 4 2 5 5 2 8 5 4 6 3 1 9 4 7 9 1 2 3 7 6 8 3 8 2 4 8 9 1 5 7 6 4 7 2 6 1 9 8 3 9 5 1 7 3 5 6 4 2 10 18 
5 9 8 3 7 5 2 1 6 2 3 4 6 8 1 5 7 9 7 6 1 9 4 2 8 3 4 6 1 3 8 9 7 4 2 5 8 7 5 2 6 4 3 9 1 4 2 9 1 5 3 7 6 8 3 8 2 4 1 9 6 5 7 9 4 7 5 2 6 1 8 3 1 5 6 7 3 8 9 4 2 3 12 
9 8 5 3 7 4 1 2 6 2 3 4 6 1 8 5 7 9 7 6 1 9 5 2 8 3 4 3 1 6 8 2 7 4 9 5 5 7 8 6 9 4 3 1 2 4 2 9 1 5 3 7 6 8 3 8 2 4 8 9 6 5 1 1 4 7 5 2 6 9 8 3 6 9 5 7 3 1 2 4 7 10 18 
8 9 4 3 7 5 2 1 6 2 3 1 6 4 8 5 7 9 7 6 5 9 1 2 8 3 4 6 1 3 8 9 7 4 2 5 5 7 8 2 6 4 3 9 1 4 2 9 1 5 3 7 6 8 3 8 2 4 8 9 1 5 7 1 4 7 5 2 6 9 8 3 9 5 6 7 3 1 6 4 2 3 11 
8 9 5 3 7 5 9 1 2 2 3 4 6 1 8 5 7 6 7 6 1 9 4 2 8 3 4 6 1 3 8 2 7 4 9 5 5 2 8 6 9 4 3 2 1 4 7 9 1 5 3 7 6 8 3 8 2 4 6 9 1 5 7 9 4 7 5 2 1 6 8 3 1 5 6 7 3 8 2 4 9 10 16 
9 5 8 3 7 1 6 4 2 2 3 1 6 4 8 5 7 9 7 6 4 9 5 2 8 3 1 6 1 3 8 9 7 4 2 5 8 7 5 6 2 4 3 9 1 4 2 9 1 5 3 7 6 8 3 8 2 4 1 9 7 5 6 1 4 7 2 6 5 9 8 3 5 9 6 7 3 8 2 1 4 6 15 
5 9 8 3 7 1 2 3 4 2 3 1 6 8 4 5 9 6 7 6 4 9 5 2 8 7 1 6 1 3 8 9 7 4 2 5 8 7 5 2 4 6 3 1 9 4 2 9 1 5 3 7 6 8 3 8 2 4 1 9 6 5 7 9 4 7 6 2 5 1 8 3 1 5 6 7 3 8 9 4 2 6 14 
8 9 4 3 7 5 1 2 6 2 3 1 6 4 8 5 7 9 7 6 5 9 1 2 8 3 4 6 1 3 8 2 7 4 9 5 5 2 8 6 9 4 3 1 7 4 7 9 1 5 3 2 6 8 3 8 2 4 6 9 7 5 1 9 4 7 2 5 1 6 8 3 1 5 6 7 3 8 9 4 2 4 12 
8 9 5 3 7 4 2 1 6 2 3 4 6 8 1 5 7 9 7 6 1 9 5 2 8 3 4 6 1 3 8 9 7 4 2 5 5 7 8 2 4 6 3 9 1 4 2 9 1 5 3 7 6 8 3 8 2 4 1 9 6 5 7 1 4 7 5 2 6 9 8 3 9 5 6 7 3 8 1 4 2 3 11 
5 9 8 3 7 1 6 2 4 2 3 1 6 4 8 5 7 9 7 6 4 9 5 2 8 3 1 6 1 3 8 2 7 4 9 5 8 2 5 6 9 4 3 1 7 4 7 9 1 5 3 2 6 8 3 8 2 4 1 9 7 5 6 9 4 7 2 6 5 1 8 3 1 5 6 7 3 8 9 4 2 4 12 
9 5 1 3 7 4 6 9 2 2 3 8 6 8 1 5 7 4 7 6 4 9 5 2 8 3 1 6 1 3 8 9 7 4 2 5 8 7 5 2 4 6 3 1 9 4 2 9 1 5 3 7 6 8 3 8 2 4 6 9 1 5 7 6 4 7 2 1 5 9 8 3 5 9 1 7 3 8 2 4 6 7 15 
1 9 8 3 7 5 9 2 4 2 3 4 6 1 8 5 7 6 7 6 5 9 4 2 8 3 1 6 1 3 8 9 7 4 2 5 5 7 8 6 2 4 3 1 9 4 2 9 1 5 3 7 6 8 3 8 2 4 8 9 6 5 7 9 4 7 2 5 6 1 8 3 6 5 1 7 3 1 2 9 4 11 16 
5 9 1 3 7 8 2 4 6 2 3 8 6 4 1 5 7 9 7 6 4 9 5 2 8 3 1 6 1 3 8 6 7 4 9 5 8 7 5 5 9 4 3 1 2 4 2 9 1 2 3 7 6 8 3 8 2 4 1 9 6 5 7 9 4 7 2 5 6 1 8 3 1 5 6 7 3 8 9 2 4 6 13 
9 5 8 3 7 1 2 4 6 2 3 1 6 8 4 5 7 9 7 6 4 9 5 2 8 3 1 6 1 3 8 9 7 4 9 5 8 7 5 5 4 6 3 1 2 4 2 9 1 2 3 7 6 8 3 8 2 4 1 9 6 5 7 1 4 7 2 6 5 9 8 3 5 9 6 7 3 8 1 2 4 4 11 
8 9 1 3 7 5 6 2 4 2 3 4 6 1 8 5 7 9 7 6 5 9 4 2 8 3 1 6 1 3 8 6 7 4 9 5 5 7 8 5 9 4 3 1 2 4 2 9 1 2 3 7 6 8 3 8 2 4 8 9 1 5 6 1 4 7 2 5 6 9 8 3 9 5 6 7 3 1 2 4 7 6 13 
8 9 1 3 7 5 2 9 4 2 3 4 6 8 1 5 7 6 7 6 5 9 4 2 8 3 1 6 1 3 8 9 7 4 2 5 8 7 5 2 4 6 1 3 9 4 2 9 1 5 3 7 6 8 3 8 2 4 6 9 7 5 1 1 4 7 5 2 1 9 8 3 5 9 6 7 3 8 6 4 2 13 17 
8 9 5 3 7 4 6 9 2 2 3 1 6 8 1 5 4 7 7 6 4 9 5 2 8 3 1 6 1 3 8 9 7 4 2 5 5 2 8 5 6 4 3 1 9 4 7 9 1 2 3 7 6 8 3 8 2 4 8 9 6 5 7 9 4 7 2 1 6 1 8 3 1 5 6 7 3 5 9 4 2 14 16 
9 5 8 3 7 1 6 1 2 2 3 1 6 8 4 5 7 9 7 6 4 9 5 2 8 3 4 6 1 3 8 2 7 4 9 5 8 2 5 6 9 4 3 1 2 4 7 9 1 5 3 7 6 8 3 8 2 4 8 9 6 5 1 5 9 7 5 2 6 9 8 3 1 4 6 7 3 1 2 4 7 20 17 
8 9 1 3 7 5 2 4 6 2 3 4 6 8 1 5 7 9 7 6 5 9 4 2 8 3 1 6 1 3 8 6 7 4 9 5 5 7 8 2 9 4 3 1 2 4 2 9 1 5 3 7 6 8 3 8 2 4 1 9 6 5 7 1 4 7 5 2 6 9 8 3 9 5 6 7 3 8 1 2 4 3 10 
9 5 8 3 7 4 2 1 6 2 3 4 6 8 1 5 7 9 7 6 1 9 5 2 8 3 4 6 1 3 8 9 7 4 2 5 8 2 5 5 4 6 3 9 1 4 7 9 1 2 3 7 6 8 3 8 2 4 1 9 6 5 7 1 4 7 2 6 5 9 8 3 5 9 6 7 3 8 1 4 2 3 10 
8 9 4 3 7 5 6 1 2 2 3 1 6 8 4 5 7 9 7 6 5 9 1 2 8 3 4 3 1 6 8 9 7 4 2 5 5 7 8 2 4 6 3 9 1 4 2 9 1 5 3 7 6 8 3 8 2 4 6 9 1 5 7 6 4 7 5 2 1 9 8 3 9 5 1 7 3 8 2 4 6 3 10 
5 9 8 3 7 4 6 1 2 2 3 4 6 8 1 5 9 7 7 6 1 9 5 2 8 3 4 6 1 3 8 9 7 4 2 5 8 2 5 5 4 6 9 3 1 4 7 9 1 2 3 7 6 8 3 8 2 4 1 9 7 5 6 9 4 7 2 6 5 1 8 3 1 5 6 7 3 8 2 4 9 5 11 
9 8 4 3 7 1 6 3 2 2 3 1 6 4 8 5 9 7 7 6 5 9 5 2 8 1 4 6 1 3 8 6 7 4 9 5 5 7 8 5 9 4 3 1 2 4 2 9 1 2 3 7 6 8 3 8 2 4 8 9 1 5 6 9 4 7 2 1 5 9 8 3 1 5 6 7 3 6 2 7 4 16 16 
9 8 5 3 7 1 2 1 6 2 3 4 6 4 8 5 7 9 7 6 1 9 5 2 8 3 4 6 1 3 8 9 7 4 2 5 7 2 8 5 6 4 3 9 1 4 5 9 1 2 3 7 6 8 3 8 2 4 8 9 1 5 7 5 4 7 2 1 6 9 8 3 1 9 6 7 3 5 6 4 2 7 14 
8 9 1 3 7 5 6 2 4 2 3 4 6 8 1 5 9 7 7 6 5 9 4 2 8 3 1 6 1 3 8 9 7 4 2 5 5 7 8 2 6 4 3 1 9 4 2 9 1 5 3 7 6 8 3 8 2 4 1 9 7 5 6 1 4 7 5 2 6 9 8 3 9 5 6 7 3 8 1 4 2 3 9 
9 8 5 3 7 1 6 2 4 2 3 4 6 4 8 5 1 9 7 6 1 9 5 2 8 3 7 6 1 3 8 9 7 4 2 5 7 2 8 5 6 4 3 9 1 4 5 9 1 2 3 7 6 8 3 8 2 4 1 9 7 5 6 1 9 7 2 6 5 9 8 3 5 4 6 7 3 8 1 4 2 11 15 
5 9 8 3 7 1 6 2 9 2 3 4 6 8 4 5 7 1 7 6 1 9 5 2 8 3 4 6 1 3 8 9 7 4 9 5 8 2 5 5 4 6 3 1 7 4 7 9 1 2 3 2 6 8 3 8 2 4 1 9 7 5 6 9 4 7 2 6 5 1 8 3 1 5 6 7 3 8 9 4 2 6 12 
8 9 1 3 7 5 6 4 2 2 3 4 6 8 1 5 7 9 7 6 5 9 4 2 8 3 1 6 1 3 8 9 7 4 2 5 5 7 8 2 6 4 3 9 1 4 2 9 1 5 3 7 6 8 3 8 2 4 1 9 7 5 6 1 4 7 5 2 6 9 8 3 9 5 6 7 3 8 2 1 4 3 8 
8 9 5 3 7 1 6 2 4 2 3 1 6 4 8 5 9 7 7 6 4 9 5 2 8 3 1 6 1 3 8 9 7 4 2 5 5 7 8 6 2 4 3 1 9 4 2 9 1 5 3 7 6 8 3 8 2 4 1 9 7 5 6 1 4 7 2 6 5 9 8 3 9 5 6 7 3 8 1 4 2 6 11 
9 8 4 3 7 5 2 9 1 2 3 1 6 4 8 5 7 6 7 6 5 9 1 2 8 3 4 3 1 6 8 9 7 4 2 5 7 2 8 5 6 4 9 3 1 4 5 9 1 2 3 7 6 8 3 8 2 4 8 9 6 5 7 1 4 7 2 5 1 9 8 3 6 9 5 7 3 6 1 4 2 13 15 
9 8 4 3 7 5 6 1 2 2 3 1 6 8 1 5 4 9 7 6 5 9 4 2 8 3 7 6 1 3 8 9 7 4 2 5 7 2 8 5 6 4 3 1 9 4 5 9 1 2 3 7 6 8 3 8 2 4 1 9 7 5 6 1 4 7 2 5 6 1 8 3 5 9 6 7 3 8 2 9 4 10 14 
8 9 1 3 7 5 2 4 6 2 3 4 6 1 8 5 7 9 7 6 5 9 4 2 8 3 1 6 1 3 8 9 7 4 2 5 5 7 8 2 6 4 3 1 9 4 2 9 1 5 3 7 6 8 3 8 2 4 6 9 1 5 7 9 4 7 5 2 1 6 8 3 1 5 6 7 3 8 9 2 4 5 10 
5 9 8 3 7 4 2 1 6 2 3 4 6 8 1 5 7 9 7 6 1 9 5 2 8 3 4 6 1 3 8 9 7 4 2 5 8 7 5 2 4 6 3 9 1 4 2 9 1 5 3 7 6 8 3 8 2 4 1 9 6 5 7 9 4 7 2 6 5 1 8 3 1 5 6 7 3 8 9 4 2 3 7 
8 9 5 3 7 5 6 1 2 2 3 1 6 8 4 5 9 7 7 6 4 9 1 2 8 3 4 6 1 3 8 9 7 4 2 5 5 7 8 2 4 6 9 3 1 4 2 9 1 5 3 7 6 8 3 8 2 4 6 9 1 5 7 9 4 7 5 2 1 6 8 3 1 5 6 7 3 8 2 4 9 6 10 
8 9 1 3 7 5 2 4 6 2 3 4 6 8 1 5 7 9 7 6 5 9 4 2 8 3 1 6 1 3 8 9 7 4 9 5 5 7 8 5 6 4 3 1 2 4 2 9 1 2 3 7 6 8 3 8 2 4 1 9 6 5 7 9 4 7 2 5 6 1 8 3 1 5 6 7 3 8 9 2 4 4 9 
5 9 1 3 7 8 3 2 6 2 3 8 6 4 1 5 7 9 7 6 4 9 5 2 8 1 4 6 1 3 8 2 7 4 9 5 8 2 5 6 9 4 7 3 1 4 7 9 1 5 3 2 6 8 3 8 2 4 1 9 6 5 7 9 4 7 5 2 6 1 8 3 1 5 6 7 3 8 9 4 2 7 13 
9 5 8 3 7 5 6 1 2 2 3 1 6 8 4 5 7 9 7 6 4 9 1 2 8 3 4 6 1 3 8 9 7 4 2 5 5 7 8 2 4 6 3 9 1 4 2 9 1 5 3 7 6 8 3 8 2 4 6 9 1 5 7 6 4 7 5 2 1 9 8 3 1 9 5 7 3 8 2 4 6 5 9 
5 9 4 3 7 8 2 1 6 2 3 8 6 4 1 5 7 9 7 6 1 9 5 2 8 3 4 6 1 3 8 9 7 4 2 5 8 7 5 6 2 4 3 9 1 4 2 9 1 5 3 7 6 8 3 8 2 4 6 9 1 5 7 9 4 7 2 1 5 6 8 3 1 5 6 7 3 8 9 4 2 4 8 

