MonoObjective Genetic Algorithm
Number of Evaluations = 0
Mutation Probability = 0.0100000000000000002
Crossover Probability = 0.5
Population Size = 100
Survival Selection Type = 16

Time =  300.164510000000007

Current Evaluation = 91200
Front Size = 100
1 3 6 7 4 9 5 8 2 8 2 4 5 1 3 9 6 7 9 7 5 8 2 6 4 3 1 7 1 2 4 3 8 6 9 5 3 4 9 6 5 7 2 1 8 5 6 8 2 9 1 3 7 4 4 9 7 3 8 2 1 5 6 6 5 1 9 7 4 8 2 3 2 8 3 1 6 5 7 4 9 1 26 
4 7 6 3 2 9 5 8 1 8 5 9 4 1 7 2 6 3 3 1 2 8 6 5 4 9 7 1 6 7 2 3 8 9 5 4 9 4 8 7 5 6 3 1 2 5 2 3 1 9 4 8 7 6 7 9 5 6 4 2 1 3 8 4 8 1 9 7 3 6 2 5 6 3 2 5 8 1 7 4 9 3 54 
1 7 6 4 2 9 5 8 3 8 3 4 5 1 7 9 6 2 2 5 9 6 8 3 4 7 1 6 1 7 1 3 8 2 9 5 9 4 3 2 5 6 8 1 7 5 8 2 7 9 4 6 3 4 7 9 8 3 4 2 1 5 6 4 6 1 9 7 5 3 2 8 3 2 5 8 6 1 7 4 9 3 43 
4 7 6 3 2 9 5 8 1 8 5 9 7 1 4 3 6 2 1 2 3 8 6 5 4 9 7 9 1 2 4 3 8 6 7 5 6 4 8 2 5 7 9 1 3 5 3 7 6 9 1 8 2 4 7 9 4 5 8 2 1 3 6 3 6 1 9 7 4 2 5 8 2 8 5 1 6 3 7 4 9 3 41 
4 1 6 3 2 9 5 8 7 8 7 9 5 1 4 2 6 3 3 5 2 6 8 7 4 9 1 1 2 9 7 3 8 6 5 4 7 4 3 2 5 6 9 1 8 5 6 8 4 9 1 3 7 2 6 9 7 8 4 2 1 3 5 4 3 1 9 7 5 8 2 6 2 8 5 1 6 3 7 4 9 3 39 
2 3 6 7 4 9 5 8 1 8 7 4 3 1 5 9 6 2 1 5 9 8 2 6 4 7 3 9 2 7 1 3 8 6 5 4 6 4 3 2 5 7 9 1 8 5 1 8 6 9 4 3 2 7 7 9 5 4 8 2 1 3 6 4 6 1 9 7 3 8 2 5 3 8 2 5 6 1 7 4 9 3 38 
4 2 6 7 4 9 5 8 3 8 7 9 5 1 3 9 6 2 1 3 5 8 2 6 4 7 1 6 1 2 2 3 8 9 5 4 9 4 8 6 5 7 3 1 7 5 3 7 1 9 4 8 2 6 7 9 4 4 6 2 1 5 8 2 8 1 9 7 5 2 3 6 3 6 5 3 8 1 7 4 9 14 38 
1 7 6 4 2 9 5 8 3 8 2 4 3 1 5 9 6 7 9 3 5 7 8 6 4 2 1 2 6 9 1 3 8 6 9 5 7 4 8 6 5 7 3 1 2 5 1 3 2 9 4 8 7 4 6 9 7 5 4 2 1 3 8 4 8 1 9 7 3 2 5 6 3 5 2 8 6 1 7 4 9 5 37 
7 1 6 4 2 9 5 8 3 8 3 4 7 1 5 9 6 2 9 2 5 3 8 6 4 7 1 1 7 2 6 3 8 9 5 4 3 4 9 2 5 7 8 1 6 5 6 8 1 9 4 2 3 7 6 9 7 8 4 2 1 3 5 4 5 1 9 7 3 6 2 8 2 8 3 5 6 1 7 4 9 3 36 
4 1 6 3 2 9 5 8 7 8 2 5 4 1 7 9 6 3 3 7 9 8 6 5 4 2 1 1 6 7 4 3 8 2 9 5 9 4 2 7 5 6 3 1 8 5 8 3 2 9 1 6 7 4 7 9 4 5 8 2 1 3 6 6 3 1 9 7 4 8 5 2 2 5 8 1 6 3 7 4 9 3 35 
4 1 6 3 2 9 5 8 7 8 3 5 7 1 4 9 6 2 2 7 9 8 6 5 4 3 1 2 6 7 1 3 8 9 5 4 9 4 3 2 5 7 8 1 6 5 1 8 4 9 6 2 7 3 7 9 4 3 4 2 1 5 6 3 5 1 9 7 6 3 2 8 6 8 2 1 8 5 7 4 9 13 36 
4 7 6 3 2 9 5 8 1 8 3 2 5 1 4 9 6 7 1 5 9 8 6 7 4 3 2 2 1 7 4 3 8 6 9 5 9 4 8 7 5 6 2 1 3 5 6 3 2 9 1 8 7 4 3 9 7 6 4 2 1 5 8 4 8 1 9 7 5 3 2 6 6 2 5 1 8 3 7 4 9 3 34 
4 3 6 7 2 9 5 8 1 8 7 9 5 1 4 2 6 3 2 1 5 8 6 3 4 9 7 1 6 2 4 3 8 9 7 5 9 4 3 2 5 7 6 1 8 5 8 7 1 9 6 3 2 4 7 9 4 3 4 2 1 5 6 6 2 1 9 7 5 8 3 2 3 5 8 6 8 1 7 4 9 4 35 
2 3 6 7 2 9 5 8 1 8 7 4 5 1 4 3 6 2 9 1 5 3 8 6 4 9 7 1 6 7 2 3 8 9 5 4 3 4 9 6 5 7 2 1 8 5 8 2 4 9 1 6 7 3 7 9 8 4 6 2 1 3 5 4 5 1 9 7 3 8 2 6 6 2 3 1 8 5 7 4 9 6 35 
1 3 6 4 2 9 5 8 7 8 2 4 5 1 7 9 6 3 9 5 7 8 6 3 4 2 1 6 7 2 1 3 8 9 5 4 3 4 9 7 5 6 8 1 2 5 1 8 2 9 4 6 7 3 7 9 3 6 4 2 1 5 8 4 8 1 9 7 5 2 3 6 2 6 5 3 8 1 7 4 9 4 34 
4 1 6 3 4 9 5 8 7 8 7 9 7 1 5 3 6 2 2 5 3 8 2 6 4 9 1 9 1 7 4 3 8 2 7 5 3 4 8 2 5 7 9 1 6 5 6 2 6 9 1 8 3 4 7 9 5 4 6 2 1 5 8 4 8 1 9 7 3 6 2 3 6 2 3 5 8 1 7 4 9 13 34 
4 1 6 7 4 9 5 8 1 8 7 9 5 1 3 3 6 2 3 5 2 8 2 6 4 9 7 1 6 7 4 3 8 9 2 5 9 4 3 2 5 6 8 1 7 5 2 8 1 9 7 6 3 4 4 9 7 3 8 2 1 5 8 6 8 1 9 7 4 2 3 6 2 3 5 1 6 5 7 4 9 14 34 
4 7 6 3 2 9 5 8 1 8 5 2 7 1 4 9 6 3 1 3 9 6 8 5 4 2 7 6 1 7 4 3 8 2 9 5 9 4 3 2 5 7 6 1 8 5 2 8 1 9 6 3 7 4 7 9 5 8 4 2 1 3 6 4 6 1 9 7 3 8 5 2 3 8 2 5 6 1 7 4 9 3 32 
3 1 6 4 2 9 5 8 7 8 7 4 3 1 5 9 6 2 9 2 5 8 6 7 4 3 1 1 6 7 1 3 8 2 9 5 2 4 9 7 5 6 3 1 8 5 8 3 2 9 4 6 7 4 7 9 8 6 4 2 1 5 3 4 5 1 9 7 3 8 2 6 6 3 2 5 8 1 7 4 9 3 32 
3 2 6 7 4 9 5 8 1 8 7 4 3 1 5 3 6 2 1 5 9 8 2 6 4 9 7 7 1 2 6 3 8 9 5 4 9 4 8 2 5 7 6 1 3 5 6 3 4 9 1 2 7 8 4 9 7 5 8 2 1 3 6 6 3 1 9 7 4 8 2 5 2 8 5 1 6 3 7 4 9 3 31 
3 1 6 2 4 9 5 8 7 8 5 4 7 1 3 9 6 2 7 2 9 6 8 5 4 3 1 1 6 7 4 3 8 2 9 5 9 4 8 2 5 7 6 1 3 5 3 2 1 9 6 8 7 4 4 9 7 3 8 2 1 5 6 6 5 1 9 7 4 3 2 8 2 8 3 5 6 1 7 4 9 5 31 
3 7 6 2 4 9 5 8 1 8 2 4 5 1 3 2 6 7 1 5 9 6 8 7 4 9 3 6 1 2 7 3 8 9 5 4 9 4 3 2 5 6 8 1 2 5 8 7 1 9 4 3 7 6 7 9 8 4 6 2 1 3 5 4 3 1 9 7 5 6 2 8 2 6 5 3 8 1 7 4 9 7 33 
2 1 6 7 2 9 5 8 3 8 5 4 3 1 4 9 6 7 9 3 7 8 6 5 4 2 1 1 7 2 4 3 8 6 9 5 6 4 9 2 5 7 3 1 8 5 8 3 6 9 1 2 7 4 7 9 8 5 4 2 1 3 6 4 6 1 9 7 3 8 5 2 3 2 5 1 8 6 7 4 9 3 30 
4 1 6 7 2 9 5 8 3 8 3 2 5 1 4 9 6 7 9 7 5 6 8 3 4 2 1 1 6 7 4 3 8 2 9 5 3 4 9 2 5 7 8 1 6 5 2 8 1 9 6 3 7 4 6 9 7 3 4 2 1 5 8 4 8 1 9 7 5 6 3 2 2 5 3 8 6 1 7 4 9 3 30 
1 2 6 7 4 9 5 8 1 8 5 4 3 1 5 2 6 3 9 3 7 8 2 6 4 9 7 6 7 2 4 3 8 6 9 5 3 4 9 2 5 6 3 1 7 5 1 8 1 9 7 8 2 4 7 9 5 3 8 2 1 3 8 4 8 1 9 7 4 6 5 2 2 6 3 5 6 1 7 4 9 19 33 
3 7 6 4 2 9 5 8 1 8 2 4 5 1 3 9 6 7 9 1 5 7 8 6 4 3 2 1 7 9 2 3 8 6 9 5 6 4 2 6 5 7 8 1 3 5 3 8 1 9 4 2 7 4 7 9 3 8 4 2 1 5 6 4 6 1 9 7 5 3 2 8 2 8 5 3 6 1 7 4 9 6 32 
4 7 6 3 2 9 5 8 1 8 2 5 4 1 7 9 6 3 1 3 9 8 6 5 4 7 2 9 1 7 2 3 8 6 5 4 2 4 3 7 5 6 9 1 8 5 6 8 4 9 1 3 2 7 7 9 4 5 6 2 1 3 5 3 5 1 9 7 4 8 2 6 6 8 2 1 8 3 7 4 9 7 31 
4 3 6 7 2 9 5 8 1 8 5 7 3 1 4 9 6 2 9 1 2 5 8 6 4 7 3 1 6 9 4 3 8 2 5 7 3 4 8 2 5 7 9 1 6 5 2 7 6 9 1 8 3 4 7 9 5 8 4 2 1 3 8 4 8 1 9 7 3 6 2 5 2 6 3 1 6 5 7 4 9 8 32 
1 3 6 3 4 9 5 8 2 8 7 4 2 1 5 9 6 7 2 5 9 7 8 6 4 3 1 7 1 2 6 3 8 9 5 4 6 4 9 2 5 7 2 1 3 5 8 3 1 9 4 6 7 8 6 9 7 8 4 2 1 5 3 4 5 1 9 7 3 8 2 6 3 2 8 1 6 5 7 4 9 15 32 
4 7 6 3 2 9 5 8 1 8 2 3 5 1 4 9 6 7 9 1 5 6 8 7 4 3 2 1 6 2 4 3 8 6 9 5 3 4 9 2 5 6 8 1 7 5 8 7 7 9 1 3 2 4 7 9 4 8 4 2 1 3 6 6 5 1 9 7 3 2 5 8 2 3 8 1 6 5 7 4 9 7 31 
4 3 6 7 2 9 5 8 1 8 5 7 4 1 3 9 6 2 1 2 9 5 8 6 4 3 7 6 7 2 1 3 8 9 5 4 9 4 3 7 5 6 2 1 8 5 1 8 2 9 4 3 7 6 7 9 4 8 4 2 1 5 3 3 6 1 9 7 5 6 2 8 2 8 5 3 6 1 7 4 9 8 31 
4 3 6 7 2 9 5 8 1 8 5 2 4 1 5 3 6 7 1 7 9 3 8 6 4 9 2 6 1 7 2 3 8 9 5 4 9 4 3 6 5 7 8 1 2 5 2 8 1 9 4 6 7 3 7 9 4 5 4 2 1 3 8 2 8 1 9 7 3 2 5 6 3 6 5 8 6 1 7 4 9 8 31 
1 7 6 3 2 9 5 8 3 8 5 4 4 1 5 9 6 2 3 2 9 6 8 7 4 7 1 1 7 9 1 3 8 9 5 4 2 4 8 2 5 6 8 1 3 5 6 3 7 9 4 6 2 7 7 9 5 8 4 2 1 5 6 4 8 1 9 7 3 2 3 8 6 3 2 1 6 5 7 4 9 23 31 
4 1 6 3 4 9 5 8 1 8 7 2 2 1 7 9 6 3 3 5 9 8 6 5 4 7 2 1 2 7 4 3 8 9 5 4 3 4 9 2 5 6 6 1 8 5 6 8 7 9 1 2 7 3 7 9 4 3 8 2 1 3 8 6 8 1 9 7 4 6 2 5 3 2 5 1 6 5 7 4 9 27 31 
4 1 6 3 2 9 5 8 7 8 7 9 5 1 4 3 6 2 2 3 5 7 8 6 4 9 1 1 2 7 4 3 8 9 5 6 9 4 8 6 5 7 2 1 3 5 6 3 2 9 1 8 7 4 7 9 4 8 4 2 1 3 5 6 5 1 9 7 3 6 2 8 3 8 2 1 6 5 7 4 9 3 30 
1 7 6 4 2 9 5 8 3 8 2 4 3 1 5 2 6 7 3 5 9 6 8 7 4 9 1 6 1 7 2 3 8 9 5 4 9 4 2 7 5 6 3 1 8 5 3 8 1 9 4 6 7 2 7 9 5 8 4 2 1 3 6 4 6 1 9 7 3 8 2 5 2 8 3 5 6 1 7 4 9 3 30 
2 3 6 7 4 9 5 8 1 8 5 4 3 1 5 9 6 7 7 1 9 8 2 6 4 2 3 1 7 2 4 3 8 6 9 5 9 4 3 6 5 7 8 1 2 5 6 8 2 9 1 3 7 4 4 9 7 5 6 2 1 3 8 3 8 1 9 7 4 2 5 6 6 2 5 1 8 3 7 4 9 3 30 
1 7 6 3 4 9 5 8 2 8 2 4 7 1 5 9 6 3 3 5 9 8 2 6 4 7 1 7 1 2 4 3 8 6 9 5 9 4 8 2 5 6 3 1 7 5 6 3 1 9 7 8 2 4 6 9 7 5 4 2 1 3 8 4 8 1 9 7 3 2 5 6 2 3 5 6 8 1 7 4 9 3 28 
1 2 6 2 4 9 5 8 7 8 7 4 3 1 5 9 6 2 9 3 5 8 6 7 4 3 1 7 1 9 4 3 8 2 5 6 2 4 3 6 5 7 9 1 8 5 6 8 2 9 1 3 7 4 3 9 7 4 6 2 1 5 8 4 8 1 9 7 5 6 2 3 6 5 2 1 8 3 7 4 9 11 30 
4 7 6 3 2 9 5 8 1 8 3 9 4 1 5 2 6 7 1 5 2 7 8 6 4 9 3 6 1 7 4 3 8 9 2 5 9 4 3 2 5 7 8 1 6 5 2 8 6 9 1 3 7 4 7 9 4 5 6 2 1 3 8 3 8 1 9 7 4 6 5 2 2 6 5 1 8 3 7 4 9 3 27 
1 3 6 7 2 9 5 8 1 8 5 4 3 1 4 2 6 7 2 7 9 8 6 5 4 9 3 7 1 2 6 3 8 9 5 4 9 4 3 2 5 7 8 1 6 5 6 8 4 9 1 3 7 2 6 9 7 5 4 2 1 3 8 4 8 1 9 7 3 6 2 5 3 2 5 1 8 6 7 4 9 4 28 
1 3 6 4 2 9 5 8 7 8 2 4 5 1 7 3 6 2 9 7 5 8 6 3 4 9 1 2 1 9 7 3 8 6 5 4 7 4 3 2 5 6 9 1 8 5 6 8 1 9 4 2 7 3 4 9 7 6 4 2 1 3 5 3 8 1 9 7 5 8 2 6 6 5 2 3 8 1 7 4 9 5 28 
4 7 6 3 2 9 5 8 1 8 2 9 4 1 5 3 6 7 1 3 5 8 6 7 4 9 2 1 7 2 6 3 8 9 5 4 6 4 9 2 5 7 3 1 8 5 8 3 4 9 1 6 2 7 7 9 8 6 4 2 1 5 6 4 5 1 9 7 3 8 3 2 3 6 2 5 8 1 7 4 9 16 30 
3 2 6 7 4 9 5 8 1 8 7 4 5 1 3 9 6 2 1 5 9 8 2 6 4 3 7 6 1 7 4 3 8 2 9 5 9 4 2 6 5 7 8 1 3 5 8 3 2 9 1 6 7 4 7 9 8 3 4 2 1 5 6 4 6 1 9 7 5 3 2 8 2 3 5 1 8 6 7 4 9 3 27 
7 1 6 4 2 9 5 8 3 8 5 4 3 1 7 9 6 2 3 2 9 6 8 5 4 7 1 1 7 2 4 3 8 6 9 5 9 4 3 2 5 6 8 1 7 5 6 8 7 9 1 3 2 4 4 9 7 5 8 2 1 3 6 6 3 1 9 7 4 2 5 8 2 8 5 1 6 3 7 4 9 3 27 
4 7 6 3 2 9 5 8 1 8 5 9 7 1 4 2 6 3 2 1 3 8 6 5 4 9 7 1 6 7 4 3 8 9 2 5 9 4 2 6 5 7 3 1 8 5 3 8 2 9 1 6 7 4 7 9 4 5 4 2 1 3 6 3 8 1 9 7 6 8 5 2 6 2 5 1 8 3 7 4 9 3 26 
1 3 6 7 2 9 5 8 1 8 7 4 5 1 4 9 6 3 9 2 5 3 8 6 4 2 7 6 1 7 4 3 8 2 9 5 3 4 9 2 5 7 6 1 8 5 8 2 6 9 1 3 7 4 7 9 3 8 4 2 1 5 6 4 6 1 9 7 5 8 3 2 2 5 8 1 6 3 7 4 9 4 26 
1 3 6 4 2 9 5 8 7 8 5 4 7 1 3 9 6 2 9 7 2 8 6 5 4 3 1 6 1 7 4 3 8 2 9 5 3 4 9 2 5 7 8 1 6 5 2 8 1 9 6 3 7 4 7 9 3 6 4 2 1 5 8 4 8 1 9 7 5 6 2 3 2 6 5 3 8 1 7 4 9 3 25 
1 2 6 3 4 9 5 8 7 8 7 4 7 1 5 3 6 2 3 5 9 8 2 6 4 9 1 2 6 7 1 3 8 9 5 4 9 4 8 6 5 7 2 1 3 5 1 3 2 9 4 8 7 6 7 9 5 4 6 2 1 3 8 4 8 1 9 7 3 6 2 5 6 3 2 5 8 1 7 4 9 3 25 
2 3 6 7 4 9 5 8 1 8 7 4 2 1 5 9 6 3 9 1 5 8 6 3 4 7 2 1 6 7 2 3 8 9 5 4 9 4 8 6 5 7 3 1 2 5 2 3 1 9 4 6 7 8 7 9 3 4 8 2 1 5 6 4 8 1 9 7 5 8 2 3 6 5 2 3 6 1 7 4 9 13 29 
4 7 6 7 2 9 5 8 3 8 3 9 4 1 3 2 6 7 1 2 5 6 8 5 4 9 1 9 1 7 4 3 8 6 9 5 6 4 8 2 5 7 3 1 2 5 2 3 1 9 6 8 7 4 4 9 7 5 8 2 1 3 6 3 6 1 9 7 4 8 2 5 2 5 8 3 6 1 7 4 9 16 29 
4 3 6 7 2 9 5 8 3 8 2 9 5 1 4 9 6 7 1 7 5 3 8 6 4 2 1 1 7 9 6 3 8 2 5 4 6 4 3 2 5 7 9 1 8 5 2 8 1 9 4 3 7 6 7 9 4 5 4 2 1 5 6 3 8 1 9 7 6 2 3 8 2 6 5 3 8 1 7 4 9 23 29 
7 3 6 4 2 9 5 8 1 8 5 4 5 1 7 9 6 2 2 1 9 3 8 6 4 7 3 1 7 2 4 3 8 9 5 6 3 4 9 2 5 6 8 1 7 5 6 8 7 9 1 3 2 4 7 9 3 6 4 2 1 5 8 4 8 1 9 7 5 2 3 6 6 5 2 1 8 3 7 4 9 13 28 
1 7 6 3 4 9 5 8 2 8 2 4 7 1 5 9 6 3 9 3 5 8 2 6 4 7 1 6 1 7 2 3 8 9 5 4 3 4 9 6 5 7 2 1 8 5 8 2 1 9 4 6 3 7 7 9 8 5 4 2 1 3 6 4 6 1 9 7 3 8 2 5 2 5 3 6 8 1 7 4 9 5 27 
7 3 6 4 2 9 5 8 1 8 5 4 3 1 7 9 6 2 2 1 9 8 6 5 4 7 3 1 6 7 2 3 8 9 5 4 9 4 2 7 5 6 8 1 3 5 8 3 1 9 4 6 2 7 6 9 7 5 4 2 1 3 8 4 8 1 9 7 3 2 5 6 3 2 5 6 8 1 7 4 9 6 27 
4 3 6 7 2 9 5 8 1 8 7 5 3 1 4 9 6 2 2 1 9 6 8 5 4 3 7 1 6 7 4 3 8 2 9 5 9 4 8 2 5 7 3 1 6 5 2 3 1 9 6 8 7 4 6 9 7 8 4 2 1 5 3 4 5 1 9 7 3 6 2 8 3 8 2 5 6 1 7 4 9 3 24 
4 1 6 7 2 9 5 8 3 8 5 9 3 1 4 2 6 7 3 7 2 6 8 5 4 9 1 1 6 7 4 3 8 9 2 5 9 4 3 2 5 7 6 1 8 5 2 8 1 9 6 3 7 4 7 9 4 5 4 2 1 3 6 6 8 1 9 7 3 8 5 2 2 3 5 8 6 1 7 4 9 3 24 
1 3 6 2 4 9 5 8 7 8 2 4 7 1 5 3 6 2 9 7 5 8 6 3 4 9 1 6 1 2 4 3 8 9 5 4 7 4 9 2 5 6 8 1 3 5 8 3 1 9 7 6 7 2 7 9 4 5 8 2 1 3 8 3 6 1 9 7 4 2 5 6 2 5 8 3 6 1 7 4 9 13 28 
1 7 6 3 4 9 5 8 2 8 2 4 5 1 7 9 6 3 9 3 5 8 2 6 4 7 1 2 1 9 4 3 8 6 5 7 7 4 3 2 5 6 9 1 8 5 6 8 7 9 1 3 2 4 6 9 7 4 8 2 1 3 5 4 5 1 9 7 3 8 2 6 3 8 2 1 6 5 7 4 9 5 26 
7 3 6 4 2 9 5 8 1 8 2 4 5 1 7 9 6 3 9 1 5 8 6 3 4 7 2 1 6 2 2 3 8 9 5 7 3 4 9 7 5 6 2 1 8 5 7 8 1 9 4 6 3 4 6 9 7 3 4 2 1 3 5 4 8 1 9 7 5 8 2 6 2 5 3 1 8 6 7 4 9 9 27 
3 7 6 4 2 9 5 8 1 8 2 4 5 1 7 9 6 3 1 5 9 8 6 3 4 2 7 2 1 7 6 3 8 9 5 4 6 4 9 2 5 7 3 1 8 5 8 3 1 9 4 2 7 6 7 9 8 3 4 2 1 5 6 4 6 1 9 7 5 8 3 2 3 2 5 1 8 6 7 4 9 9 27 
4 1 6 7 4 9 5 8 2 8 2 3 3 1 5 9 6 7 9 5 7 8 2 6 4 3 1 1 6 2 4 3 8 9 7 5 3 4 9 2 5 7 8 1 6 5 7 8 6 9 1 3 2 4 7 9 4 5 8 2 1 3 6 6 3 1 9 7 4 2 5 8 2 8 5 1 6 3 7 4 9 6 26 
4 3 6 7 2 9 5 8 1 8 7 9 4 1 5 2 6 3 1 2 5 3 8 6 4 9 7 7 1 2 6 3 8 9 5 4 9 4 8 2 5 7 3 1 6 5 6 3 1 9 4 8 7 2 6 9 7 8 4 2 1 3 5 4 5 1 9 7 3 6 2 8 3 8 2 5 6 1 7 4 9 3 23 
4 1 6 3 2 9 5 8 7 8 7 9 4 1 5 3 6 2 2 3 5 8 6 7 4 9 1 1 6 7 7 3 8 2 5 4 9 4 3 2 5 6 9 1 8 5 8 2 1 9 4 6 7 3 7 9 8 5 4 2 1 3 6 4 5 1 9 7 3 2 5 8 6 2 3 6 8 1 7 4 9 10 27 
7 2 6 3 4 9 5 8 1 8 5 4 2 1 7 9 6 3 9 1 3 8 6 5 4 2 7 6 7 2 1 3 8 9 5 4 3 4 9 2 5 7 3 1 8 5 1 8 4 9 6 2 7 6 6 9 7 6 4 2 1 3 8 4 8 1 9 7 3 6 2 5 2 3 5 5 8 1 7 4 9 13 27 
1 2 6 3 4 9 5 8 7 8 7 4 7 1 5 2 6 3 9 3 5 8 2 6 4 9 1 7 6 2 1 3 8 9 5 4 3 4 9 6 5 7 8 1 2 5 1 8 2 9 4 3 7 6 6 9 7 4 8 2 1 3 5 4 5 1 9 7 3 6 2 8 2 8 3 5 6 1 7 4 9 3 23 
7 3 6 4 2 9 5 8 1 8 2 4 5 1 7 9 6 3 1 5 9 6 8 3 4 2 7 2 6 7 1 3 8 9 5 4 9 4 8 7 5 6 3 1 2 5 1 3 2 9 4 8 7 6 6 9 7 3 4 2 1 5 8 4 8 1 9 7 5 6 3 2 3 5 2 8 6 1 7 4 9 6 24 
7 3 6 4 2 9 5 8 1 8 5 4 7 1 3 2 6 3 1 2 9 5 8 6 4 9 7 9 1 7 2 3 8 9 5 4 3 4 8 7 5 6 3 1 2 5 6 2 1 9 4 8 7 6 4 9 7 3 8 2 1 5 6 6 5 1 9 7 4 3 2 8 2 8 3 1 6 5 7 4 9 16 28 
4 7 6 3 2 9 5 8 1 8 2 9 7 1 4 2 6 3 1 3 5 8 6 5 4 9 7 6 1 7 2 3 8 9 5 4 9 4 3 6 5 7 8 1 2 5 8 2 4 9 1 3 7 6 7 9 8 6 4 2 1 3 5 4 5 1 9 7 3 6 2 8 2 6 3 1 8 5 7 4 9 7 26 
4 3 6 7 2 9 5 8 1 8 7 9 4 1 5 3 6 2 1 5 2 8 6 3 4 9 7 6 1 7 4 3 8 9 2 5 9 4 3 2 5 6 8 1 7 5 8 2 1 9 7 6 3 4 7 9 4 6 4 2 1 3 5 2 5 1 9 7 3 8 2 6 6 3 8 5 8 1 7 4 9 15 27 
4 1 6 7 2 9 5 8 3 8 3 7 5 1 4 9 6 2 9 2 5 8 6 3 4 7 1 1 7 2 4 3 8 6 9 5 3 4 9 2 5 6 8 1 7 5 6 8 1 9 7 2 3 4 7 9 4 3 4 2 1 5 8 6 8 1 9 7 5 3 2 6 2 5 3 6 8 1 7 4 9 3 23 
4 1 6 3 2 9 5 8 1 8 7 5 7 1 4 9 6 2 9 2 3 5 8 6 4 3 7 7 1 2 4 3 8 6 9 5 9 4 3 2 5 6 8 1 7 5 6 8 1 9 7 3 2 4 7 9 8 5 4 2 1 3 6 4 3 1 9 7 6 2 5 8 6 5 2 3 8 1 7 4 9 19 28 
4 7 6 3 2 9 5 8 1 8 2 5 7 1 4 9 6 3 1 3 9 5 8 6 4 2 7 6 1 7 4 3 8 9 5 4 9 4 3 2 5 7 6 1 8 5 8 2 6 9 1 2 3 7 4 9 7 8 4 2 1 5 6 6 3 1 9 7 5 3 2 8 2 8 5 1 6 3 7 4 9 16 27 
4 1 6 7 2 9 5 8 3 8 3 2 5 1 4 9 6 7 9 7 5 8 6 3 4 2 1 1 6 7 2 3 8 9 5 4 2 4 9 6 5 7 8 1 3 5 8 3 4 9 1 2 7 6 7 9 8 3 4 2 1 3 5 4 2 1 9 7 5 6 2 8 6 5 3 1 8 6 7 4 9 9 26 
1 3 6 4 2 9 5 8 7 8 7 4 3 1 5 9 6 2 9 2 5 8 6 7 4 3 1 2 1 9 7 3 8 6 9 5 7 4 3 2 5 6 8 1 7 5 6 8 1 9 4 3 2 4 6 9 7 8 4 2 1 5 3 4 5 1 9 7 3 6 2 8 3 8 2 5 6 1 7 4 9 9 25 
4 3 6 7 2 9 5 8 1 8 2 9 5 1 4 3 6 7 7 1 5 6 8 3 4 9 2 1 6 2 4 3 8 9 7 5 9 4 8 2 5 7 6 1 3 5 7 3 1 9 6 8 2 4 6 9 7 3 4 2 1 5 8 4 8 1 9 7 5 2 3 6 3 5 2 8 6 1 7 4 9 3 22 
1 3 6 4 2 9 5 8 7 8 7 4 7 1 5 3 6 2 2 5 9 8 6 3 4 9 1 6 2 7 1 3 8 9 7 5 9 4 8 6 5 7 8 1 3 5 1 3 2 9 4 6 2 4 7 9 8 5 4 2 1 3 6 4 6 1 9 7 6 2 5 8 3 5 2 3 8 1 7 4 9 11 26 
4 1 6 3 2 9 5 8 7 8 7 2 5 1 4 9 6 3 3 5 9 6 8 7 4 2 1 1 2 7 4 3 8 6 9 5 9 4 3 7 5 6 8 1 2 5 6 8 2 9 1 3 7 4 7 9 4 8 4 2 1 5 6 6 3 1 9 7 5 2 3 8 2 8 5 1 6 3 7 4 9 3 22 
4 2 6 7 4 9 5 8 1 8 7 9 3 1 5 2 6 3 1 3 5 8 2 6 4 9 7 6 1 7 2 3 8 9 5 4 9 4 2 6 5 7 3 1 8 5 8 3 4 9 1 6 7 2 7 9 4 5 8 2 1 3 6 3 6 1 9 7 4 8 2 5 2 5 8 1 6 3 7 4 9 3 22 
4 3 6 7 2 9 5 8 1 8 2 9 4 1 5 2 6 7 7 1 5 6 8 3 4 9 3 1 6 2 7 3 8 9 5 4 9 4 7 2 5 6 3 1 8 5 3 8 1 9 4 6 7 2 7 9 4 5 8 2 1 3 6 3 6 1 9 7 4 8 2 5 2 8 5 3 6 1 7 4 9 10 24 
3 7 6 4 2 9 5 8 1 8 2 4 3 1 5 9 6 7 1 5 9 8 6 7 4 3 2 9 1 7 2 3 8 6 5 4 2 4 3 7 5 6 9 1 8 5 6 8 1 9 4 2 7 3 7 9 8 6 4 2 1 3 5 4 5 1 9 7 3 8 2 6 6 3 2 5 8 1 7 4 9 5 22 
4 3 6 7 2 9 5 8 1 8 7 9 5 1 4 3 6 2 1 2 5 8 6 3 4 9 7 9 1 2 4 3 8 6 7 5 7 4 3 2 5 6 9 1 8 5 6 8 1 9 7 2 3 4 3 9 7 6 4 2 1 5 8 4 8 1 9 7 5 3 2 6 6 5 2 3 8 1 7 4 9 5 22 
1 7 6 4 2 9 5 8 3 8 2 4 3 1 5 9 6 7 3 5 9 8 6 7 4 2 1 7 1 2 4 3 8 6 9 5 9 4 3 6 5 7 8 1 2 5 6 8 2 9 1 3 7 4 6 9 7 5 4 2 1 3 8 4 8 1 9 7 3 2 5 6 2 3 5 1 8 6 7 4 9 3 20 
4 1 6 4 2 9 5 8 3 8 7 9 3 1 5 2 6 7 3 5 2 8 6 7 4 9 1 6 1 2 7 3 8 6 5 4 9 4 7 2 5 6 9 1 3 5 3 8 1 9 4 8 7 2 7 9 3 6 4 2 1 5 8 4 8 1 9 7 5 3 2 6 2 6 5 1 8 3 7 4 9 13 26 
2 7 6 3 4 9 5 8 1 8 3 4 7 1 5 9 6 2 1 5 9 8 2 6 4 3 7 9 1 7 6 3 8 2 5 4 3 4 8 2 5 7 9 1 6 5 6 2 1 9 4 8 7 3 7 9 5 4 6 2 1 3 8 4 8 1 9 7 3 6 2 5 6 2 3 5 8 1 7 4 9 3 19 
3 7 6 7 2 9 5 8 1 8 2 4 4 1 5 9 6 3 1 5 9 3 8 6 4 2 7 6 1 2 1 3 8 2 9 5 9 4 3 2 5 7 8 1 6 5 8 7 6 9 4 3 7 4 7 9 8 5 4 2 1 5 3 4 6 1 9 7 3 6 2 8 2 3 5 8 6 1 7 4 9 11 25 
4 7 6 3 2 9 5 8 1 8 3 5 7 1 4 9 6 2 9 1 2 5 8 6 4 7 3 1 6 9 2 3 8 6 5 4 7 4 3 6 5 7 9 1 2 5 2 8 4 9 1 8 3 7 6 9 7 3 4 2 1 5 8 4 8 1 9 7 5 3 2 6 2 5 3 1 8 6 7 4 9 12 25 
1 2 6 4 2 9 5 8 1 8 3 4 7 1 3 9 6 2 9 7 5 6 8 5 4 3 7 7 1 9 4 3 8 2 9 5 6 4 3 2 5 7 6 1 8 5 8 2 1 9 6 3 7 4 4 9 7 5 8 2 1 5 3 3 6 1 9 7 4 8 2 6 2 5 8 3 6 1 7 4 9 12 24 
1 7 6 4 2 9 5 8 3 8 3 4 7 1 5 2 6 7 9 2 5 8 6 3 4 9 1 9 6 2 4 3 8 6 5 2 7 4 3 2 5 7 9 1 8 5 1 8 1 9 6 3 7 4 6 9 7 8 4 2 1 3 5 4 3 1 9 7 5 8 2 6 2 8 5 3 6 1 7 4 9 14 26 
4 7 6 3 2 9 5 8 1 8 2 9 4 1 5 3 6 7 1 3 5 8 6 7 4 9 2 6 1 7 2 3 8 9 5 4 9 4 2 7 5 6 8 1 3 5 8 3 1 9 4 2 7 6 7 9 8 6 4 2 1 3 5 4 5 1 9 7 3 6 2 8 3 6 2 5 8 1 7 4 9 3 18 
3 7 6 2 4 9 5 8 1 8 2 4 7 1 5 9 6 3 1 5 9 6 8 3 4 2 7 7 6 2 4 3 8 2 9 5 9 4 3 2 5 7 6 1 8 5 1 8 1 9 6 3 7 4 4 9 7 5 8 2 1 3 6 6 3 1 9 7 4 8 5 2 2 8 5 3 6 1 7 4 9 5 22 
3 7 6 4 2 9 5 8 1 8 2 4 7 1 5 3 6 7 1 5 9 3 8 6 4 9 2 7 1 9 2 3 8 6 5 4 2 4 8 6 5 7 9 1 3 5 6 3 4 9 1 2 7 8 6 9 7 8 4 2 1 3 5 4 3 1 9 7 5 8 2 6 2 8 5 1 6 3 7 4 9 7 22 
1 3 6 4 2 9 5 8 2 8 7 4 5 1 7 9 6 3 2 5 9 8 6 3 4 7 1 6 1 2 7 3 8 9 5 4 9 4 7 2 5 6 3 1 8 5 8 3 1 9 4 6 2 7 4 9 7 6 4 2 1 5 3 3 2 1 9 7 5 8 2 6 6 5 8 3 8 1 7 4 9 13 23 
3 2 6 4 2 9 5 8 1 8 7 4 3 1 5 9 6 2 1 5 9 7 8 6 4 7 3 7 1 9 6 3 8 2 5 4 6 4 8 2 5 7 9 1 7 5 3 2 4 9 1 8 3 6 7 9 3 5 8 2 1 5 6 4 5 1 9 7 4 3 2 8 2 6 8 1 6 3 7 4 9 17 26 
4 7 6 4 2 9 5 8 3 8 3 9 5 1 7 2 6 7 2 1 5 3 8 6 4 9 1 1 2 7 2 3 8 6 9 5 9 4 8 7 5 6 3 1 2 5 6 3 1 9 4 8 7 4 7 9 8 5 4 2 1 3 6 4 6 1 9 7 3 8 2 5 2 3 5 8 6 1 7 4 9 17 23 
7 1 6 3 4 9 5 8 2 8 2 4 7 1 5 3 6 7 9 5 3 8 2 6 4 9 1 1 7 2 6 3 8 9 5 4 3 4 9 2 5 7 6 1 3 5 6 8 4 9 1 2 7 8 6 9 7 4 8 2 1 3 5 4 3 1 9 7 5 8 2 6 2 8 5 1 6 3 7 4 9 7 21 
3 7 6 4 2 9 5 8 1 8 2 4 5 1 3 9 6 7 1 5 9 8 6 7 4 2 3 7 6 2 1 3 8 9 5 4 9 4 3 7 5 6 8 1 2 5 1 8 2 9 4 6 7 3 6 9 7 3 4 2 1 5 8 4 8 1 9 7 5 2 3 6 2 3 5 6 8 1 7 4 9 4 18 
4 7 6 3 2 9 5 8 1 8 5 3 4 1 7 9 6 2 2 1 9 8 6 5 4 3 7 1 7 2 4 3 8 6 9 5 9 4 8 7 5 6 3 1 2 5 6 3 2 9 1 8 7 4 6 9 7 5 4 2 1 3 8 4 8 1 9 7 3 2 5 6 3 2 5 1 8 6 7 4 9 8 22 
4 3 6 7 2 9 5 8 1 8 7 2 3 1 4 9 6 2 1 5 9 5 8 6 4 3 7 6 1 7 4 3 8 2 9 5 9 4 3 2 5 7 6 1 8 5 2 8 6 9 1 3 7 4 6 9 7 8 4 2 1 5 3 4 3 1 9 7 5 8 2 6 2 8 5 1 6 3 7 4 9 7 21 
4 1 6 7 2 9 5 8 7 8 7 3 5 1 4 3 6 2 9 5 2 8 6 3 4 9 1 1 2 9 4 3 8 2 7 5 6 4 3 2 5 7 9 1 6 5 7 8 6 9 1 8 3 4 7 9 4 8 4 2 1 3 6 3 6 1 9 7 5 8 2 5 2 8 5 1 6 3 7 4 9 18 26 

