MonoObjective Genetic Algorithm
Number of Evaluations = 0
Mutation Probability = 0.0100000000000000002
Crossover Probability = 0.5
Population Size = 100
Survival Selection Type = 16

Time =  300.008091999999976

Current Evaluation = 185300
Front Size = 100
7 1 8 3 5 2 4 9 6 6 2 9 7 4 8 1 3 5 5 4 3 1 9 6 8 7 2 8 7 2 6 3 9 5 4 1 4 9 5 2 7 1 3 6 8 3 6 1 5 8 4 7 2 9 9 3 4 8 6 5 2 1 7 1 8 6 4 2 7 9 5 3 2 5 7 9 1 3 6 8 4 1 10 
2 5 6 3 8 1 4 7 9 8 1 9 2 4 7 6 3 5 7 4 3 5 9 6 1 8 2 2 7 8 6 3 9 5 4 1 4 9 5 7 1 2 3 6 8 3 6 1 8 5 4 9 2 7 9 3 5 4 6 8 2 1 3 1 8 4 9 2 7 7 5 6 6 2 7 1 5 3 8 9 4 7 39 
5 1 2 3 8 6 4 9 7 8 7 9 2 4 1 6 3 5 6 4 3 5 9 7 1 8 2 7 2 8 6 3 9 5 4 1 4 9 5 1 7 2 3 6 8 3 6 1 8 5 4 7 2 9 9 3 4 7 6 8 2 1 4 1 8 6 4 2 5 9 7 3 2 5 7 9 1 3 8 5 6 3 30 
2 1 9 3 8 6 4 9 7 7 6 8 2 4 1 1 3 5 5 4 3 7 9 5 6 8 2 8 7 2 6 3 2 5 4 1 4 9 5 1 5 7 3 6 8 3 6 1 9 8 4 9 2 7 9 3 5 8 6 7 2 1 4 1 8 4 4 2 9 6 7 3 6 2 7 5 1 3 8 5 9 15 30 
7 5 9 3 1 5 4 9 6 2 1 8 2 4 6 1 3 5 6 4 3 8 9 7 8 7 2 8 7 2 6 8 9 5 2 1 4 9 5 1 3 7 3 6 8 3 6 1 2 5 4 9 7 4 9 3 5 4 6 7 2 1 3 1 8 4 9 2 5 9 4 7 6 2 7 8 1 3 8 5 6 129 30 
2 5 9 3 8 1 4 7 6 7 1 8 2 4 6 9 3 5 6 4 3 7 9 5 1 8 2 8 7 2 6 3 9 5 4 1 4 9 5 1 7 2 3 6 8 3 6 1 8 5 4 7 2 9 9 3 4 5 6 8 2 1 7 1 8 6 4 2 7 6 5 3 5 2 7 9 1 3 8 9 4 3 25 
8 1 2 3 5 6 4 7 9 7 6 9 8 4 2 1 3 5 5 4 3 1 9 7 6 8 2 2 7 8 6 3 9 5 4 1 4 9 5 2 7 1 3 6 8 3 6 1 5 8 4 7 2 9 9 3 5 4 6 8 2 1 7 1 8 4 7 2 5 3 9 6 6 2 7 9 1 3 8 5 4 5 27 
6 7 9 3 5 2 4 8 9 8 1 2 7 4 6 1 3 5 5 4 3 1 9 8 6 7 2 7 2 8 6 3 9 5 4 1 4 9 5 2 7 1 3 6 8 3 6 1 5 8 4 9 2 7 9 3 4 8 6 7 2 1 3 1 8 6 9 2 5 7 5 4 2 5 7 4 1 3 8 9 6 5 26 
5 1 2 3 7 2 4 9 6 8 7 9 8 4 6 1 3 5 6 4 3 5 9 1 7 8 2 7 2 8 6 3 9 5 4 1 4 9 5 2 1 5 3 6 8 3 6 1 7 8 4 9 2 7 9 3 4 4 6 8 2 1 7 1 8 6 9 2 7 3 5 4 2 5 7 1 5 3 6 8 9 10 27 
8 7 2 3 5 1 4 9 6 6 1 9 2 4 8 7 3 5 5 4 3 7 9 6 1 8 2 7 2 8 6 3 9 5 4 1 4 9 5 1 7 2 3 6 8 3 6 1 5 8 4 9 2 7 9 3 5 8 6 7 2 1 4 1 8 4 9 2 5 6 7 3 2 6 7 4 1 3 8 5 9 3 25 
6 5 8 3 1 2 4 7 9 2 1 9 7 4 8 6 3 5 7 4 3 5 9 6 1 8 2 8 7 2 6 3 9 5 4 1 4 9 5 2 7 1 3 6 8 3 6 1 8 5 4 9 2 7 9 3 4 8 6 7 2 1 4 1 8 6 4 2 5 7 9 3 5 2 7 9 1 3 8 5 6 5 25 
7 2 8 3 5 1 4 9 6 6 1 9 2 4 7 8 3 5 5 4 3 8 9 6 1 7 2 8 7 2 6 3 9 5 4 1 4 9 5 1 7 2 3 6 8 3 6 1 5 8 4 9 2 7 9 3 4 7 6 8 2 1 3 1 8 6 9 2 5 7 5 4 2 5 7 4 1 3 6 8 9 3 21 
5 1 9 3 7 2 4 8 6 7 2 6 1 4 8 9 3 5 8 4 3 5 9 6 1 7 2 8 7 2 6 3 9 5 4 1 4 9 5 2 5 1 3 6 8 3 6 1 7 8 4 7 2 9 9 3 5 4 6 7 2 1 3 1 8 4 9 2 5 6 5 7 2 6 7 8 1 3 8 9 4 9 26 
2 1 9 3 5 8 4 7 6 8 7 6 2 4 1 9 3 5 5 4 3 7 9 6 1 8 2 7 2 8 6 3 9 5 4 1 4 9 5 1 7 2 3 6 8 3 6 1 5 8 4 7 2 9 9 3 4 8 6 5 2 1 7 1 8 5 4 2 7 6 9 3 6 2 7 9 1 3 8 5 4 3 20 
5 7 6 3 8 2 4 9 6 2 1 9 7 4 6 8 3 5 8 4 3 1 9 5 1 7 2 7 2 8 6 3 9 5 4 1 4 9 5 2 7 1 3 6 8 3 6 1 8 5 4 7 2 9 9 3 5 4 6 8 2 1 7 1 8 4 9 2 7 6 5 3 6 2 7 5 1 3 9 8 4 5 25 
7 5 9 3 5 2 4 8 6 6 1 2 8 4 7 9 3 5 8 4 3 1 9 6 1 7 2 2 7 8 6 3 9 5 4 1 4 9 5 2 7 1 3 6 8 3 6 1 5 8 4 7 2 9 9 3 4 7 6 8 2 1 3 1 8 6 4 2 5 6 9 7 5 2 7 9 1 3 8 5 4 6 23 
8 2 9 3 1 5 4 8 9 7 1 6 8 4 2 1 3 5 5 4 3 7 9 6 6 7 2 2 7 8 6 3 8 5 4 1 4 9 5 2 1 7 3 6 8 3 6 1 9 5 4 9 2 7 9 3 5 7 6 5 2 1 7 1 8 4 4 2 9 6 5 3 6 2 7 1 8 3 8 9 4 19 26 
2 5 8 3 7 6 4 9 6 7 1 9 8 4 2 1 3 5 6 4 3 1 9 5 8 7 2 8 7 2 6 3 7 5 4 1 4 9 5 2 5 1 3 6 8 3 6 1 9 8 4 7 2 9 9 3 4 5 6 8 2 1 7 1 8 6 7 2 9 3 5 4 5 2 7 4 1 3 9 8 6 8 24 
7 5 9 3 8 2 4 9 6 8 1 2 7 4 6 1 3 5 6 4 3 1 9 5 8 7 2 2 7 8 6 3 9 5 4 1 4 9 5 2 7 1 3 6 8 3 6 1 8 5 4 9 2 7 9 3 4 5 6 8 2 1 4 1 8 6 9 2 7 7 5 3 5 2 7 4 1 3 6 8 9 5 21 
7 1 6 3 5 2 4 8 9 8 2 9 7 4 1 6 3 5 5 4 3 8 9 6 1 7 2 2 7 8 6 3 9 5 4 1 4 9 5 1 7 5 3 6 8 3 6 1 2 8 4 9 2 7 9 3 4 5 6 8 2 1 7 1 8 5 9 2 7 3 9 4 6 2 7 4 1 3 8 5 6 9 24 
2 1 9 3 7 5 4 8 6 7 6 8 2 4 1 9 3 5 5 4 3 8 9 6 1 7 2 8 7 2 6 3 9 5 4 1 4 9 5 7 1 2 3 6 8 3 6 1 5 8 4 7 2 9 9 3 5 4 6 8 2 1 7 1 8 4 9 2 7 6 5 3 6 2 7 1 5 3 8 9 4 3 20 
5 7 2 3 8 1 4 9 6 6 1 9 2 4 7 8 3 5 8 4 3 5 9 6 1 7 2 7 2 8 6 3 8 5 4 1 4 9 5 1 7 2 3 6 8 3 6 1 9 5 4 7 2 9 9 3 4 8 6 5 2 1 7 1 8 6 7 2 9 6 5 3 2 5 7 4 1 3 9 8 4 5 20 
8 1 2 3 7 5 4 9 6 6 7 9 2 4 1 8 3 5 5 4 3 8 9 6 1 7 2 7 2 8 6 3 9 5 4 1 4 9 5 7 1 2 3 6 8 3 6 1 8 5 4 7 2 9 9 3 4 5 6 8 2 1 7 1 8 6 4 2 7 9 5 3 2 5 7 9 1 3 6 8 4 3 19 
5 1 2 3 8 6 4 9 7 8 6 9 7 4 2 1 3 5 7 4 3 1 9 5 6 8 2 2 7 8 6 3 8 5 4 1 4 9 5 2 7 1 3 6 8 3 6 1 9 5 4 7 2 9 9 3 5 8 6 7 2 1 3 1 8 4 4 2 9 7 5 6 6 2 7 5 1 3 9 8 4 9 21 
5 1 2 3 7 6 4 8 9 8 7 9 1 4 2 6 3 5 6 4 3 8 9 5 1 7 2 2 7 8 6 3 9 5 4 1 4 9 5 2 1 7 3 6 8 3 6 1 8 5 4 9 2 7 9 3 4 5 6 7 2 1 3 1 8 6 4 2 9 7 5 4 5 2 7 1 8 3 8 9 6 10 25 
6 5 2 3 8 1 4 7 9 8 1 9 2 4 7 6 3 5 7 4 3 5 9 6 1 8 2 2 7 8 6 3 8 5 4 1 4 9 5 1 7 2 3 6 8 3 6 1 9 5 4 9 2 7 9 3 4 8 6 5 2 1 7 1 8 6 7 2 9 3 5 4 5 2 7 4 1 3 8 9 6 5 19 
8 5 2 3 8 7 4 9 6 7 1 9 2 4 6 1 3 5 6 4 3 5 9 1 7 8 2 2 7 8 6 3 9 5 4 1 4 9 5 1 7 2 3 6 8 3 6 1 8 5 4 9 2 7 9 3 4 7 6 8 2 1 3 1 8 6 9 2 5 6 7 4 5 2 7 4 1 3 8 5 9 6 20 
6 1 2 3 8 5 4 7 9 8 7 9 2 4 1 6 3 5 5 4 3 7 9 6 1 8 2 7 2 8 6 3 9 5 4 1 4 9 5 1 7 2 3 6 8 3 6 1 8 5 4 9 2 7 9 3 4 5 6 8 2 1 3 1 8 6 9 2 7 7 5 4 2 5 7 4 1 3 8 9 6 3 18 
5 2 8 3 7 1 4 7 9 7 1 9 2 4 6 6 3 5 6 4 3 5 9 8 1 8 2 8 7 2 6 3 2 5 4 1 4 9 5 1 5 7 3 6 8 3 6 1 9 8 4 7 2 9 9 3 4 8 6 5 2 1 7 1 8 6 7 2 9 9 4 3 2 5 7 4 1 3 8 5 6 11 22 
7 5 2 3 1 8 4 9 6 8 1 9 2 4 6 7 3 5 6 4 3 7 9 5 1 8 2 2 7 8 6 3 9 5 4 1 4 9 5 2 7 1 3 6 8 3 6 1 5 8 4 9 2 7 9 3 4 8 6 7 2 1 4 1 8 5 4 2 9 6 7 3 6 2 7 1 5 3 8 5 9 7 20 
8 5 2 3 7 1 4 9 6 7 1 9 2 4 6 8 3 5 6 4 3 5 9 8 1 7 2 2 7 8 6 3 9 5 4 1 4 9 5 1 5 2 3 6 8 3 6 1 7 8 4 7 2 9 9 3 4 8 6 5 2 1 7 1 8 6 4 2 7 9 5 3 5 2 7 9 1 3 6 8 4 3 18 
7 5 9 3 1 2 4 8 6 2 1 8 7 4 6 9 3 5 6 4 3 8 9 5 1 7 2 8 7 2 6 3 9 5 4 1 4 9 5 2 7 1 3 6 8 3 6 1 5 8 4 7 2 9 9 3 4 4 6 8 2 1 7 1 8 6 9 2 7 3 5 4 5 2 7 1 5 3 8 9 6 5 19 
7 1 2 3 5 6 4 8 9 8 6 9 2 4 7 1 3 5 5 4 3 1 9 8 6 7 2 2 7 8 6 3 9 5 4 1 4 9 5 7 1 2 3 6 8 3 6 1 5 8 4 9 2 7 9 3 4 8 6 5 2 1 7 1 8 5 4 2 7 6 9 3 6 2 7 9 1 3 8 5 4 7 19 
6 1 9 3 5 7 4 8 6 8 7 2 2 4 6 9 3 5 5 4 3 8 9 1 1 7 2 2 7 8 6 3 9 5 4 1 4 9 5 1 7 2 3 6 8 3 6 1 8 5 4 7 2 9 9 3 4 7 6 5 2 1 7 1 8 6 4 2 9 3 5 4 5 2 7 1 8 3 6 8 9 16 23 
5 2 9 3 5 6 4 9 7 6 1 8 7 4 2 1 3 5 7 4 3 8 9 1 6 8 2 7 2 8 6 3 9 5 4 1 4 9 5 1 7 2 3 6 8 3 6 1 5 8 4 7 2 9 9 3 5 4 6 8 2 1 7 1 8 4 7 2 5 6 5 3 2 6 7 9 1 3 9 8 4 17 23 
8 1 6 3 5 1 4 9 7 2 7 9 2 4 6 6 3 5 5 4 3 7 9 8 1 8 2 7 2 8 6 3 8 5 4 1 4 9 5 7 1 2 3 6 8 3 6 1 9 5 4 7 2 9 9 3 4 8 6 7 2 1 7 1 8 6 9 2 5 6 5 3 5 2 7 4 1 3 8 9 4 22 22 
7 2 9 3 5 8 4 8 6 6 1 8 7 4 2 9 3 5 5 4 3 1 9 6 1 7 2 8 7 2 6 3 9 5 4 1 4 9 5 2 7 1 3 6 8 3 6 1 5 8 4 9 2 7 9 3 4 8 6 5 2 1 7 1 8 5 9 2 7 6 4 3 2 6 7 4 1 3 8 5 9 8 20 
7 2 5 3 8 1 4 7 9 8 1 9 7 4 2 6 3 5 6 4 3 5 9 6 1 8 2 8 7 2 6 3 9 5 4 1 4 9 5 2 7 1 3 6 8 3 6 1 8 5 4 7 2 9 9 3 4 8 6 5 2 1 7 1 8 6 4 2 7 3 5 4 2 5 7 9 1 3 9 8 6 12 20 
5 2 9 3 8 1 4 7 6 8 1 6 2 4 7 9 3 5 7 4 3 5 9 6 1 8 2 2 7 8 6 3 9 5 4 1 4 9 5 1 7 2 3 6 8 3 6 1 8 5 4 7 2 9 9 3 5 4 6 8 2 1 7 1 8 4 7 2 5 6 9 3 6 2 7 9 1 3 8 5 4 3 18 
6 1 9 3 5 2 4 8 6 7 2 8 1 4 6 9 3 5 5 4 3 8 9 7 1 7 2 8 7 2 6 3 9 5 4 1 4 9 5 2 7 1 3 6 8 3 6 1 5 8 4 7 2 9 9 3 4 4 6 8 2 1 7 1 8 6 7 2 5 6 9 3 2 5 7 9 1 3 8 5 4 6 18 
7 1 8 3 5 2 4 9 6 6 2 9 8 4 7 1 3 5 5 4 3 1 9 6 7 8 2 8 7 2 6 3 9 5 4 1 4 9 5 2 7 1 3 6 8 3 6 1 5 8 4 9 2 7 9 3 5 7 6 8 2 1 4 1 8 4 9 2 5 6 7 3 2 6 7 4 1 3 8 5 9 3 17 
5 1 2 3 8 7 4 9 6 6 7 9 1 4 2 8 3 5 8 4 3 5 9 6 1 7 2 7 2 8 6 3 9 5 4 1 4 9 5 2 7 1 3 6 8 3 6 1 8 5 4 9 2 7 9 3 4 7 6 8 2 1 3 1 8 6 9 2 5 7 5 4 2 5 7 4 1 3 6 8 9 3 17 
2 1 6 3 5 8 4 7 9 8 7 9 1 4 2 6 3 5 5 4 3 7 9 6 1 8 2 7 2 8 6 3 9 5 4 1 4 9 5 2 1 7 3 6 8 3 6 1 5 8 4 9 2 7 9 3 5 8 6 7 2 1 3 1 8 4 4 2 5 7 9 6 6 2 7 9 1 3 8 5 4 7 18 
6 1 8 3 5 2 4 7 9 7 2 9 1 4 8 6 3 5 5 4 3 7 9 6 1 8 2 8 7 2 6 3 9 5 4 1 4 9 5 2 7 1 3 6 8 3 6 1 5 8 4 9 2 7 9 3 4 8 6 7 2 1 3 1 8 6 9 2 5 7 5 4 2 5 7 4 1 3 8 9 6 3 16 
2 5 9 3 8 2 4 7 9 8 1 6 7 4 6 1 3 5 7 4 3 1 9 5 6 8 2 8 7 2 6 3 9 5 4 1 4 9 5 2 5 1 3 6 8 3 6 1 8 7 4 9 2 7 9 3 4 4 6 8 2 1 3 1 8 5 9 2 7 7 9 6 6 2 7 5 1 3 8 5 4 14 21 
5 1 8 3 7 2 4 9 6 7 2 9 1 4 6 8 3 5 6 4 3 8 9 5 1 7 2 8 7 2 6 3 9 5 4 1 4 9 5 7 5 1 3 6 8 3 6 1 2 8 4 7 2 9 9 3 4 5 6 8 2 1 7 1 8 6 9 2 7 9 5 3 2 5 7 4 1 3 6 8 4 5 17 
6 7 9 3 7 5 4 9 6 8 1 2 2 4 6 1 3 5 5 4 3 8 9 1 8 7 2 8 7 2 6 3 9 5 4 1 4 9 5 1 5 2 3 6 8 3 6 1 7 8 4 9 2 7 9 3 5 4 6 8 2 1 7 1 8 4 9 2 7 6 5 3 2 6 7 5 1 3 9 8 4 16 21 
8 5 2 3 8 6 4 9 6 6 1 9 2 4 7 1 3 5 7 4 3 1 9 5 8 7 2 2 7 8 6 3 9 5 4 1 4 9 5 7 1 2 3 6 8 3 6 1 5 8 4 7 2 9 9 3 4 8 6 5 2 1 3 1 8 6 9 2 7 7 5 4 5 2 7 4 1 3 8 9 6 15 20 
8 2 9 3 1 5 4 7 6 7 1 6 8 4 2 9 3 5 5 4 3 7 9 6 1 8 2 2 7 8 6 3 9 5 4 1 4 9 5 2 7 1 3 6 8 3 6 1 5 8 4 7 2 9 9 3 5 4 6 8 2 1 7 1 8 4 9 2 7 6 5 3 6 2 7 1 5 3 8 9 4 3 15 
8 2 6 3 5 8 4 7 9 7 1 9 2 4 6 1 3 5 5 4 3 7 9 1 6 8 2 2 7 8 6 3 9 5 4 1 4 9 5 1 7 2 3 6 8 3 6 1 5 8 4 9 2 7 9 3 5 4 6 7 2 1 3 1 8 4 9 2 5 7 5 6 6 2 7 8 1 3 8 9 4 8 19 
6 5 9 3 7 1 4 8 9 7 1 2 8 4 2 1 3 5 8 4 3 5 9 6 6 7 2 7 2 8 6 3 9 5 4 1 4 9 5 2 7 1 3 6 8 3 6 1 8 5 4 9 2 7 9 3 4 5 6 8 2 1 7 1 8 6 9 2 7 3 4 6 5 2 7 4 1 3 8 5 9 17 20 
8 1 2 3 5 6 4 7 9 6 7 9 2 4 8 1 3 5 5 4 3 7 9 1 6 8 2 7 2 8 6 3 9 5 4 1 4 9 5 1 7 2 3 6 8 3 6 1 5 8 4 9 2 7 9 3 4 8 6 7 2 1 4 1 8 6 9 2 5 7 5 3 2 5 7 4 1 3 8 9 6 3 15 
8 1 9 3 5 2 4 7 6 6 7 2 1 4 8 9 3 5 5 4 3 7 9 6 1 8 2 7 2 8 6 3 9 5 4 1 4 9 5 2 7 1 3 6 8 3 6 1 5 8 4 7 2 9 9 3 4 8 6 5 2 1 7 1 8 6 9 2 7 6 5 3 2 5 7 4 1 3 8 9 4 3 15 
7 1 2 3 5 6 4 9 6 8 6 9 2 4 7 1 3 5 5 4 3 8 9 1 8 7 2 2 7 8 6 3 9 5 4 1 4 9 5 1 7 2 3 6 8 3 6 1 5 8 4 7 2 9 9 3 4 7 6 8 2 1 3 1 8 6 9 2 5 6 5 7 5 2 7 4 1 3 9 8 4 9 18 
2 5 8 3 7 1 4 9 6 7 1 9 2 4 6 8 3 5 6 4 3 5 9 8 1 7 2 8 7 2 6 3 9 5 4 1 4 9 5 7 1 2 3 6 8 3 6 1 8 5 4 9 2 7 9 3 4 8 6 7 2 1 4 1 8 6 9 2 5 7 5 3 5 2 7 4 1 3 6 8 9 5 17 
7 5 8 3 8 2 4 9 6 2 1 9 7 4 6 8 3 5 6 4 3 1 9 5 1 7 2 8 7 2 6 3 9 5 4 1 4 9 5 2 7 1 3 6 8 3 6 1 8 5 4 7 2 9 9 3 4 5 6 8 2 1 7 1 8 6 4 2 7 9 5 3 5 2 7 9 1 3 6 8 4 3 14 
6 1 9 3 5 8 4 9 7 7 2 8 2 4 1 6 3 5 5 4 3 7 9 6 1 8 2 8 7 2 6 3 9 5 4 1 4 9 5 1 7 2 3 6 8 3 6 1 5 8 4 7 2 9 9 3 4 8 6 7 2 1 4 1 8 6 4 2 5 9 7 3 2 5 7 9 1 3 8 5 6 5 17 
6 7 2 3 5 1 4 8 9 8 1 9 2 4 7 6 3 5 5 4 3 8 9 6 1 7 2 7 2 8 6 3 9 5 4 1 4 9 5 1 7 2 3 6 8 3 6 1 5 8 4 9 2 7 9 3 4 7 6 8 2 1 4 1 8 6 9 2 5 7 5 3 2 5 7 4 1 3 8 9 6 3 14 
5 7 8 3 7 2 4 8 6 2 1 9 8 4 6 9 3 5 6 4 3 5 9 1 1 7 2 7 2 8 6 3 9 5 4 1 4 9 5 2 1 7 3 6 8 3 6 1 5 8 4 7 2 9 9 3 5 8 6 7 2 1 3 1 8 4 4 2 5 7 5 9 6 2 7 9 1 3 6 8 4 20 21 
7 5 9 3 1 2 4 8 6 2 1 6 7 4 8 9 3 5 8 4 3 5 9 6 1 7 2 8 7 2 6 3 9 5 4 1 4 9 5 1 7 2 3 6 8 3 6 1 8 5 4 7 2 9 9 3 4 8 6 5 2 1 7 1 8 5 4 2 7 6 9 3 6 2 7 9 1 3 8 5 4 6 17 
5 2 9 3 8 6 4 7 9 6 1 8 2 4 7 6 3 5 7 4 3 5 9 1 1 8 2 8 7 2 6 3 9 5 4 1 4 9 5 1 7 2 3 6 8 3 6 1 8 5 4 9 2 7 9 3 4 7 6 8 2 1 4 1 8 6 4 2 5 7 9 3 2 5 7 9 1 3 8 5 6 6 16 
7 2 9 3 5 1 4 8 6 6 1 8 7 4 2 9 3 5 5 4 3 8 9 6 1 7 2 8 7 2 6 3 9 5 4 1 4 9 5 1 7 5 3 6 8 3 6 1 2 8 4 7 2 9 9 3 4 5 6 8 2 1 7 1 8 6 9 2 7 3 5 4 2 5 7 4 1 3 8 9 6 5 15 
2 5 9 3 8 1 4 9 7 6 1 8 2 4 7 1 3 5 7 4 3 5 9 6 6 8 2 8 7 2 6 3 9 5 4 1 4 9 5 2 1 7 3 6 8 3 6 1 8 5 4 7 2 9 9 3 4 8 6 7 2 1 4 1 8 6 4 2 9 3 5 7 5 2 7 5 1 3 8 9 6 17 20 
6 2 9 3 8 5 4 7 9 7 1 8 2 4 6 1 3 5 5 4 3 7 9 1 6 8 2 8 7 2 6 3 9 5 4 1 4 9 5 1 7 2 3 6 8 3 6 1 8 5 4 7 2 9 9 3 4 5 6 8 2 1 7 1 8 6 9 2 7 3 5 4 2 5 7 4 1 3 8 9 6 5 15 
2 7 6 3 8 5 4 9 6 8 1 9 2 4 6 1 3 5 5 4 3 1 9 7 8 7 2 7 2 8 6 3 9 5 4 1 4 9 5 1 7 2 3 6 8 3 6 1 8 5 4 9 2 7 9 3 5 7 6 8 2 1 4 1 8 4 4 2 9 7 5 3 6 2 7 5 1 3 6 8 9 10 19 
7 5 9 3 8 2 4 7 6 8 1 2 7 4 6 9 3 5 6 4 3 5 9 1 1 8 2 2 7 8 6 3 9 5 4 1 4 9 5 7 1 2 3 6 8 3 6 1 8 5 4 7 2 9 9 3 4 4 6 7 2 1 3 1 8 6 9 2 5 6 5 7 5 2 7 1 8 3 8 9 4 11 19 
2 7 9 3 1 5 4 8 6 8 1 6 7 4 2 9 3 5 5 4 3 8 9 6 1 7 2 7 2 8 6 3 9 5 4 1 4 9 5 2 7 1 3 6 8 3 6 1 8 5 4 7 2 9 9 3 4 5 6 8 2 1 7 1 8 5 4 2 7 6 9 3 6 2 7 9 1 3 8 5 4 5 14 
5 2 9 3 1 8 4 7 6 8 1 6 7 4 2 9 3 5 7 4 3 5 9 6 1 8 2 7 2 8 6 3 9 5 4 1 4 9 5 2 7 1 3 6 8 3 6 1 8 5 4 7 2 9 9 3 4 8 6 7 2 1 3 1 8 6 9 2 5 7 5 4 2 5 7 4 1 3 8 9 6 10 18 
7 1 8 3 8 5 4 9 6 6 2 9 7 4 2 1 3 5 5 4 3 1 9 6 8 7 2 8 7 2 6 3 9 5 4 1 4 9 5 2 7 1 3 6 8 3 6 1 8 5 4 9 2 7 9 3 4 5 6 8 2 1 3 1 8 6 9 2 7 7 5 4 2 5 7 4 1 3 6 8 9 5 14 
5 7 8 3 8 5 4 9 6 2 1 9 7 4 2 1 3 5 6 4 3 1 9 6 7 8 2 7 2 8 6 3 9 5 4 1 4 9 5 2 1 7 3 6 8 3 6 1 5 8 4 7 2 9 9 3 5 5 6 8 2 1 7 1 8 4 9 2 7 6 4 3 2 6 7 4 1 3 8 5 9 19 20 
7 5 2 3 1 6 4 8 9 8 1 9 2 4 7 6 3 5 6 4 3 5 9 8 1 7 2 2 7 8 6 3 9 5 4 1 4 9 5 1 7 2 3 6 8 3 6 1 5 8 4 9 2 7 9 3 4 8 6 7 2 1 4 1 8 6 4 2 5 7 9 3 5 2 7 9 1 3 8 5 6 6 16 
5 1 2 3 8 6 4 9 7 8 6 9 7 4 2 1 3 5 7 4 3 5 9 1 6 8 2 7 2 8 6 3 9 5 4 1 4 9 5 2 7 1 3 6 8 3 6 1 8 5 4 7 2 9 9 3 4 8 6 5 2 1 7 1 8 6 4 2 7 9 5 3 2 5 7 9 1 3 6 8 4 8 17 
6 5 8 3 1 2 4 7 9 2 1 9 8 4 7 6 3 5 7 4 3 5 9 6 1 8 2 7 2 8 6 3 9 5 4 1 4 9 5 7 1 5 3 6 8 3 6 1 2 8 4 7 2 9 9 3 5 4 6 8 2 1 7 1 8 4 9 2 7 6 5 3 6 2 7 1 5 3 9 8 4 13 18 
6 5 2 3 8 2 4 7 9 8 1 9 7 4 6 1 3 5 7 4 3 1 9 5 6 8 2 2 7 8 6 3 9 5 4 1 4 9 5 2 7 1 3 6 8 3 6 1 8 5 4 9 2 7 9 3 4 5 6 8 2 1 7 1 8 6 9 2 7 3 5 4 5 2 7 4 1 3 8 9 6 5 14 
2 5 8 3 8 6 4 7 9 7 1 9 1 4 2 6 3 5 6 4 3 5 9 7 1 8 2 8 7 2 6 3 9 5 4 1 4 9 5 2 7 1 3 6 8 3 6 1 8 5 4 9 2 7 9 3 4 7 6 8 2 1 4 1 8 6 9 2 5 7 5 3 5 2 7 4 1 3 8 9 6 5 14 
7 2 9 3 5 6 4 8 9 8 1 6 7 4 2 1 3 5 5 4 3 1 9 8 6 7 2 2 7 8 6 3 9 5 4 1 4 9 5 2 7 1 3 6 8 3 6 1 5 8 4 9 2 7 9 3 5 8 6 7 2 1 3 1 8 4 4 2 5 7 9 6 6 2 7 9 1 3 8 5 4 7 16 
5 1 9 3 8 2 4 9 6 8 7 2 7 4 6 1 3 5 6 4 3 1 9 5 8 7 2 7 2 8 6 3 9 5 4 1 4 9 5 2 7 1 3 6 8 3 6 1 8 5 4 7 2 9 9 3 4 5 6 8 2 1 7 1 8 6 4 2 7 9 5 3 2 5 7 9 1 3 6 8 4 3 13 
2 5 6 3 7 1 4 8 9 8 1 9 2 4 6 1 3 5 7 4 3 8 9 5 6 7 2 2 7 8 6 3 8 5 4 1 4 9 5 2 1 7 3 6 8 3 6 1 9 5 4 9 2 7 9 3 4 7 6 5 2 1 4 1 8 5 4 2 9 6 7 3 6 2 7 1 8 3 8 5 9 14 18 
6 5 2 3 5 1 4 9 7 7 1 9 2 4 6 1 3 5 8 4 3 8 9 7 6 8 2 2 7 8 6 3 9 5 4 1 4 9 5 1 7 2 3 6 8 3 6 1 5 8 4 7 2 9 9 3 4 7 6 8 2 1 4 1 8 6 4 2 5 9 7 3 5 2 7 9 1 3 8 5 6 8 17 
5 1 2 3 8 6 4 7 9 8 7 9 1 4 2 6 3 5 6 4 3 7 9 5 1 8 2 7 2 8 6 3 9 5 4 1 4 9 5 2 7 1 3 6 8 3 6 1 8 5 4 7 2 9 9 3 4 5 6 8 2 1 7 1 8 6 4 2 7 9 5 3 2 5 7 9 1 3 8 4 6 3 13 
7 1 2 3 8 5 4 9 6 8 6 9 7 4 2 1 3 5 5 4 3 1 9 6 8 7 2 2 7 8 6 3 9 5 4 1 4 9 5 2 7 1 3 6 8 3 6 1 8 5 4 7 2 9 9 3 5 4 6 8 2 1 7 1 8 4 9 2 7 6 5 3 6 2 7 5 1 3 9 8 4 3 13 
7 5 2 3 1 8 4 9 6 6 1 9 7 4 2 8 3 5 8 4 3 5 9 6 1 7 2 2 7 8 6 3 9 5 4 1 4 9 5 2 7 1 3 6 8 3 6 1 8 5 4 7 2 9 9 3 4 8 6 5 2 1 7 1 8 6 4 2 7 9 5 3 5 2 7 9 1 3 6 8 4 3 12 
7 5 9 3 5 1 4 9 6 2 1 8 2 4 6 7 3 5 6 4 3 7 9 8 1 8 2 8 7 2 6 3 9 5 4 1 4 9 5 1 7 2 3 6 8 3 6 1 5 8 4 9 2 7 9 3 4 8 6 5 2 1 7 1 8 6 9 2 7 6 4 3 5 2 7 4 1 3 8 5 9 9 16 
8 1 2 3 5 7 4 9 6 6 7 9 1 4 2 8 3 5 5 4 3 8 9 6 1 7 2 7 2 8 6 3 9 5 4 1 4 9 5 2 7 1 3 6 8 3 6 1 5 8 4 7 2 9 9 3 4 4 6 8 2 1 7 1 8 6 7 2 5 9 5 3 2 5 7 9 1 3 6 8 4 3 12 
5 1 9 3 7 2 4 8 6 7 2 8 1 4 6 9 3 5 6 4 3 8 9 5 1 7 2 8 7 2 6 3 9 5 4 1 4 9 5 2 7 1 3 6 8 3 6 1 8 5 4 7 2 9 9 3 4 5 6 8 2 1 7 1 8 6 9 2 7 3 5 4 2 5 7 4 1 3 8 9 6 5 13 
5 1 2 3 8 7 4 9 6 8 7 9 2 4 6 1 3 5 6 4 3 5 9 1 7 8 2 7 2 8 6 3 9 5 4 1 4 9 5 1 7 2 3 6 8 3 6 1 8 5 4 9 2 7 9 3 4 7 6 8 2 1 3 1 8 6 4 2 5 6 9 7 2 5 7 9 1 3 8 5 4 6 13 
2 1 8 3 5 7 4 9 6 7 6 9 2 4 1 8 3 5 5 4 3 8 9 6 1 7 2 8 7 2 6 3 9 5 4 1 4 9 5 1 7 2 3 6 8 3 6 1 5 8 4 9 2 7 9 3 5 7 6 8 2 1 3 1 8 4 9 2 5 6 7 4 6 2 7 4 1 3 8 5 9 7 14 
8 7 2 3 5 8 4 9 6 6 1 9 7 4 2 1 3 5 5 4 3 1 9 6 7 8 2 7 2 8 6 3 9 5 4 1 4 9 5 2 7 1 3 6 8 3 6 1 5 8 4 9 2 7 9 3 4 8 6 7 2 1 3 1 8 6 9 2 5 6 7 4 2 5 7 4 1 3 8 5 9 6 13 
5 2 9 3 8 1 4 7 6 6 1 8 7 4 2 9 3 5 7 4 3 5 9 6 1 8 2 8 7 2 6 3 9 5 4 1 4 9 5 2 7 1 3 6 8 3 6 1 8 5 4 9 2 7 9 3 4 5 6 8 2 1 7 1 8 6 4 2 7 3 5 9 2 5 7 9 1 3 6 8 4 7 14 
5 1 2 3 7 8 4 9 6 8 7 9 2 4 6 1 3 5 6 4 3 1 9 5 7 8 2 2 7 8 6 3 9 5 4 1 4 9 5 2 7 1 3 6 8 3 6 1 5 8 4 9 2 7 9 3 4 8 6 5 2 1 4 1 8 6 4 2 7 7 5 3 2 5 7 9 1 3 6 8 9 11 17 
8 7 2 3 5 1 4 9 6 6 1 9 2 4 8 1 3 5 5 4 3 7 9 6 8 7 2 7 2 8 6 3 9 5 4 1 4 9 5 1 7 2 3 6 8 3 6 1 5 8 4 7 2 9 9 3 4 8 6 5 2 1 7 1 8 6 4 2 7 9 5 3 2 5 7 9 1 3 6 8 4 3 12 
5 7 9 3 5 1 4 8 6 6 1 2 2 4 8 9 3 5 8 4 3 7 9 6 1 7 2 7 2 8 6 3 9 5 4 1 4 9 5 1 7 2 3 6 8 3 6 1 5 8 4 7 2 9 9 3 4 8 6 5 2 1 3 1 8 5 4 2 7 6 9 7 2 6 7 9 1 3 8 5 4 8 14 
5 1 2 3 7 8 4 9 6 8 6 9 2 4 1 7 3 5 7 4 3 5 9 6 1 8 2 2 7 8 6 3 9 5 4 1 4 9 5 7 1 2 3 6 8 3 6 1 8 5 4 9 2 7 9 3 4 5 6 7 2 1 4 1 8 6 4 2 9 7 5 3 5 2 7 1 8 3 8 9 6 10 15 
5 1 9 3 8 2 4 7 6 7 2 8 1 4 6 9 3 5 6 4 3 7 9 5 1 8 2 8 7 2 6 3 9 5 4 1 4 9 5 2 7 1 3 6 8 3 6 1 8 5 4 7 2 9 9 3 4 5 6 8 2 1 7 1 8 5 4 2 7 6 9 3 2 6 7 9 1 3 8 5 4 3 12 
7 1 2 3 8 1 4 9 7 8 6 9 7 4 2 6 3 5 5 4 3 5 9 6 1 8 2 2 7 8 6 3 9 5 4 1 4 9 5 2 7 1 3 6 8 3 6 1 8 5 4 7 2 9 9 3 4 8 6 7 2 1 3 1 8 6 4 2 5 9 7 6 5 2 7 9 1 3 8 5 4 12 16 
7 2 9 3 5 8 4 7 6 8 1 6 2 4 6 9 3 5 5 4 3 1 9 7 1 8 2 2 7 8 6 3 9 5 4 1 4 9 5 2 7 1 3 6 8 3 6 1 8 5 4 7 2 9 9 3 4 8 6 5 2 1 7 1 8 5 9 2 7 3 5 6 6 2 7 4 1 3 8 9 4 14 18 
8 2 9 3 5 1 4 7 6 7 1 6 2 4 6 9 3 5 5 4 3 7 9 8 1 8 2 2 7 8 6 3 9 5 4 1 4 9 5 7 1 2 3 6 8 3 6 1 5 8 4 9 2 7 9 3 4 8 6 5 2 1 7 1 8 5 4 2 7 6 5 3 6 2 7 9 1 3 8 9 4 11 15 
8 5 9 3 7 2 4 7 6 6 1 2 8 4 6 9 3 5 7 4 3 5 9 1 1 8 2 7 2 8 6 3 9 5 4 1 4 9 5 2 1 5 3 6 8 3 6 1 7 8 4 7 2 9 9 3 4 4 6 5 2 1 7 1 8 6 9 2 7 3 5 4 5 2 7 1 8 3 8 9 6 14 17 
5 1 2 3 8 6 4 7 9 8 7 9 1 4 2 6 3 5 6 4 3 5 9 7 1 8 2 7 2 8 6 3 9 5 4 1 4 9 5 2 7 1 3 6 8 3 6 1 8 5 4 9 2 7 9 3 4 7 6 8 2 1 3 1 8 6 9 2 5 7 5 4 2 5 7 4 1 3 8 9 6 3 11 
2 1 9 3 7 2 4 8 6 8 7 6 1 4 8 9 3 5 5 4 3 5 9 6 1 7 2 7 2 8 6 3 9 5 4 1 4 9 5 2 7 1 3 6 8 3 6 1 8 5 4 7 2 9 9 3 4 8 6 5 2 1 7 1 8 6 7 2 9 3 5 4 5 2 7 4 1 3 8 9 6 12 16 

