MonoObjective Genetic Algorithm
Number of Evaluations = 0
Mutation Probability = 0.0100000000000000002
Crossover Probability = 0.5
Population Size = 100
Survival Selection Type = 16

Time =  300.003815999999972

Current Evaluation = 178000
Front Size = 100
7 1 8 3 5 2 4 9 6 6 2 9 7 4 8 1 3 5 5 4 3 1 9 6 8 7 2 8 7 2 6 3 9 5 4 1 4 9 5 2 7 1 3 6 8 3 6 1 5 8 4 7 2 9 9 3 4 8 6 5 2 1 7 1 8 6 4 2 7 9 5 3 2 5 7 9 1 3 6 8 4 1 16 
2 1 6 3 5 8 4 7 9 8 7 9 2 4 1 6 3 5 5 4 3 7 9 6 1 8 2 7 2 8 6 3 9 5 4 1 4 9 5 5 1 2 3 6 8 3 6 1 8 7 4 9 2 7 9 3 5 4 6 7 2 1 3 1 8 4 9 2 5 7 9 6 6 2 7 1 8 3 8 5 4 8 39 
2 5 9 3 8 1 4 7 6 7 1 8 2 4 6 9 3 5 6 4 3 7 9 5 1 8 2 8 7 2 6 3 9 5 4 1 4 9 5 1 7 2 3 6 8 3 6 1 8 5 4 7 2 9 9 3 4 5 6 8 2 1 7 1 8 5 4 2 7 6 9 3 6 2 7 9 1 3 8 5 4 3 30 
7 5 9 3 1 5 4 9 7 2 1 8 2 4 6 1 3 5 6 4 3 8 9 7 6 8 2 7 2 8 6 8 9 5 2 1 4 9 5 1 3 7 3 6 8 3 6 1 2 5 4 9 7 4 9 3 4 4 6 7 2 1 3 1 8 6 9 2 5 9 4 7 2 5 7 8 1 3 8 5 6 130 34 
6 5 2 3 7 1 4 8 9 7 1 9 2 4 8 6 3 5 8 4 3 5 9 6 1 7 2 2 7 8 6 3 2 5 4 1 4 9 5 1 5 7 3 6 8 3 6 1 9 8 4 9 2 7 9 3 4 8 6 5 2 1 4 1 8 6 7 2 9 7 5 3 5 2 7 4 1 3 8 9 6 6 33 
5 1 6 3 7 2 4 8 9 7 2 9 8 4 6 1 3 5 8 4 3 5 9 1 6 7 2 2 7 8 6 3 9 5 4 1 4 9 5 2 7 1 3 6 8 3 6 1 8 5 4 9 2 7 9 3 4 7 6 5 2 1 3 1 8 5 4 2 9 7 9 6 2 6 7 1 8 3 8 5 4 11 28 
6 2 9 3 7 5 4 8 6 7 1 8 1 4 2 9 3 5 5 4 3 8 9 6 1 7 2 7 2 8 6 3 9 5 4 1 4 9 5 7 1 2 3 6 8 3 6 1 5 8 4 7 2 9 9 3 5 4 6 8 2 1 7 1 8 4 7 2 9 3 5 4 2 6 7 5 1 3 6 8 9 18 31 
8 1 2 3 5 6 4 7 9 6 7 9 8 4 2 1 3 5 5 4 3 1 9 7 6 8 2 7 2 8 6 3 9 5 4 1 4 9 5 2 7 1 3 6 8 3 6 1 5 8 4 9 2 7 9 3 4 7 6 8 2 1 3 1 8 6 9 2 5 7 5 4 2 5 7 4 1 3 8 9 6 3 27 
5 7 2 3 8 1 4 9 6 8 1 9 2 4 6 7 3 5 6 4 3 5 9 7 1 8 2 7 2 8 6 3 9 5 4 1 4 9 5 1 7 2 3 6 8 3 6 1 8 5 4 9 2 7 9 3 4 7 6 8 2 1 4 1 8 6 9 2 5 6 7 3 2 5 7 4 1 3 8 5 9 4 24 
5 2 9 3 8 6 4 7 6 6 1 8 7 4 2 9 3 5 7 4 3 1 9 5 1 8 2 8 7 2 6 3 8 5 4 1 4 9 5 2 7 1 3 6 8 3 6 1 9 5 4 9 2 7 9 3 4 8 6 7 2 1 4 1 8 6 5 2 9 7 5 3 2 5 7 4 1 3 6 8 9 9 26 
8 1 6 3 7 2 4 9 6 2 7 9 8 4 6 1 3 5 5 4 3 1 9 5 8 7 2 7 2 8 6 3 9 5 4 1 4 9 5 7 1 2 3 6 8 3 6 1 5 8 4 7 2 9 9 3 5 4 6 8 2 1 7 1 8 4 9 2 7 6 5 3 6 2 7 1 5 3 9 8 4 7 24 
6 5 2 3 1 8 4 7 6 8 1 9 7 4 2 9 3 5 7 4 3 5 9 6 1 8 2 2 7 8 6 3 9 5 4 1 4 9 5 2 7 1 3 6 8 3 6 1 5 8 4 7 2 9 9 3 4 8 6 7 2 1 7 1 8 6 4 2 9 6 5 3 5 2 7 1 5 3 8 9 4 8 24 
7 1 8 3 5 2 4 9 6 2 6 9 8 4 7 1 3 5 5 4 3 1 9 6 7 8 2 8 7 2 6 3 9 5 4 1 4 9 5 2 7 1 3 6 8 3 6 1 5 8 4 9 2 7 9 3 5 7 6 8 2 1 4 1 8 4 9 2 5 6 7 3 6 2 7 4 1 3 8 5 9 3 23 
5 1 9 3 7 2 4 8 6 7 2 6 8 4 1 9 3 5 8 4 3 5 9 6 1 7 2 2 7 8 6 3 9 5 4 1 4 9 5 2 1 7 3 6 8 3 6 1 5 8 4 7 2 9 9 3 5 4 6 8 2 1 7 1 8 4 7 2 5 6 9 3 6 2 7 9 1 3 8 5 4 5 23 
6 1 2 3 8 5 4 7 9 8 7 9 2 4 1 6 3 5 5 4 3 7 9 6 1 8 2 7 2 8 6 3 9 5 4 1 4 9 5 1 7 2 3 6 8 3 6 1 8 5 4 7 2 9 9 3 4 5 6 8 2 1 7 1 8 6 4 2 7 9 5 3 2 5 7 9 1 3 8 4 6 3 22 
7 5 2 3 8 6 4 9 6 8 1 9 2 4 7 1 3 5 6 4 3 5 9 1 8 7 2 2 7 8 6 3 8 5 4 1 4 9 5 1 7 2 3 6 8 3 6 1 9 5 4 9 2 7 9 3 5 8 6 7 2 1 4 1 8 4 4 2 9 7 5 3 6 2 7 5 1 3 6 8 9 11 24 
6 5 8 3 7 2 4 7 9 2 1 9 8 4 6 1 3 5 7 4 3 5 9 1 6 8 2 8 7 2 6 3 9 5 4 1 4 9 5 1 5 7 3 6 8 3 6 1 2 8 4 9 2 7 9 3 5 7 6 8 2 1 3 1 8 4 9 2 5 7 5 6 2 6 7 4 1 3 9 8 4 13 24 
7 5 2 3 8 1 4 9 6 6 1 9 2 4 7 8 3 5 8 4 3 5 9 6 1 7 2 2 7 8 6 3 9 5 4 1 4 9 5 1 7 2 3 6 8 3 6 1 8 5 4 7 2 9 9 3 4 4 6 8 2 1 7 1 8 6 7 2 5 9 5 3 5 2 7 9 1 3 6 8 4 3 21 
5 1 6 3 8 2 4 9 7 8 2 9 7 4 6 1 3 5 7 4 3 1 9 5 6 8 2 2 7 8 6 3 9 5 4 1 4 9 5 2 7 1 3 6 8 3 6 1 8 5 4 7 2 9 9 3 4 5 6 8 2 1 4 1 8 5 4 2 7 9 7 3 6 2 7 9 1 3 8 5 6 6 22 
8 1 9 3 5 2 4 7 6 2 7 6 1 4 8 9 3 5 5 4 3 7 9 6 1 8 2 7 2 8 6 3 9 5 4 1 4 9 5 2 7 1 3 6 8 3 6 1 5 8 4 7 2 9 9 3 4 8 6 5 2 1 7 1 8 5 4 2 7 6 9 3 6 2 7 9 1 3 8 5 4 3 20 
5 7 9 3 1 2 4 8 6 8 1 2 7 4 6 9 3 5 6 4 3 8 9 5 1 7 2 7 2 8 6 3 9 5 4 1 4 9 5 2 7 1 3 6 8 3 6 1 5 8 4 7 2 9 9 3 5 4 6 8 2 1 7 1 8 4 9 2 7 6 5 3 2 6 7 1 5 3 8 9 4 3 20 
8 1 2 3 5 6 4 9 7 6 7 9 2 4 8 1 3 5 5 4 3 7 9 1 6 8 2 7 2 8 6 3 9 5 4 1 4 9 5 1 7 2 3 6 8 3 6 1 5 8 4 7 2 9 9 3 4 8 6 7 2 1 4 1 8 6 4 2 5 9 7 3 2 5 7 9 1 3 8 5 6 3 18 
7 5 2 3 5 6 4 8 9 8 1 9 7 4 2 6 3 5 6 4 3 1 9 8 1 7 2 2 7 8 6 3 9 5 4 1 4 9 5 2 7 1 3 6 8 3 6 1 5 8 4 9 2 7 9 3 4 8 6 7 2 1 4 1 8 6 4 2 5 7 9 3 5 2 7 9 1 3 8 5 6 5 20 
2 6 8 3 7 5 4 8 9 7 1 9 1 4 2 6 3 5 5 4 3 8 9 6 1 7 2 8 7 2 6 3 9 5 4 1 4 9 5 2 7 1 3 6 8 3 6 1 8 5 4 9 2 7 9 3 4 4 6 8 2 1 7 1 8 6 9 2 7 3 5 6 2 5 7 5 1 3 9 8 4 14 24 
5 1 2 3 7 8 4 9 6 8 7 9 2 4 6 1 3 5 6 4 3 1 9 5 8 7 2 7 2 8 6 3 9 5 4 1 4 9 5 7 1 2 3 6 8 3 6 1 5 8 4 9 2 7 9 3 4 8 6 5 2 1 7 1 8 6 9 2 7 3 5 4 2 5 7 4 1 3 6 8 9 5 20 
8 7 2 3 5 1 4 9 6 6 1 9 2 4 7 8 3 5 5 4 3 8 9 6 1 7 2 7 2 8 6 3 9 5 4 1 4 9 5 1 7 2 3 6 8 3 6 1 5 8 4 9 2 7 9 3 4 7 6 8 2 1 3 1 8 6 9 2 5 7 5 4 2 5 7 4 1 3 6 8 9 3 17 
6 2 8 3 1 5 4 7 9 7 1 9 2 4 8 6 3 5 5 4 3 7 9 6 1 8 2 8 7 2 6 3 9 5 4 1 4 9 5 1 7 2 3 6 8 3 6 1 5 8 4 9 2 7 9 3 4 8 6 7 2 1 4 1 8 6 4 2 9 7 5 3 2 5 7 1 5 3 8 9 6 5 20 
5 1 2 3 7 8 4 9 6 7 6 9 2 4 1 8 3 5 8 4 3 5 9 6 1 7 2 7 2 8 6 3 2 5 4 1 4 9 5 1 5 7 3 6 8 3 6 1 9 8 4 7 2 9 9 3 4 7 6 5 2 1 3 1 8 6 4 2 9 6 5 7 2 5 7 8 1 3 9 8 4 9 23 
7 5 8 3 1 2 4 9 6 2 1 9 7 4 6 8 3 5 6 4 3 8 9 5 1 7 2 8 7 2 6 3 9 5 4 1 4 9 5 2 7 1 3 6 8 3 6 1 8 5 4 7 2 9 9 3 4 5 6 8 2 1 7 1 8 6 4 2 7 9 5 3 5 2 7 9 1 3 6 8 4 3 16 
5 1 2 3 8 7 4 9 6 8 7 9 2 4 6 1 3 5 6 4 3 5 9 1 8 7 2 7 2 8 6 3 9 5 4 1 4 9 5 1 7 2 3 6 8 3 6 1 8 5 4 9 2 7 9 3 4 7 6 8 2 1 3 1 8 6 4 2 5 7 5 9 2 5 7 9 1 3 6 8 4 3 16 
7 2 9 3 5 1 4 8 6 6 1 8 2 4 7 9 3 5 5 4 3 8 9 6 1 7 2 8 7 2 6 3 9 5 4 1 4 9 5 1 7 2 3 6 8 3 6 1 5 8 4 7 2 9 9 3 4 7 6 8 2 1 3 1 8 6 4 2 5 6 9 7 2 5 7 9 1 3 8 5 4 4 19 
5 1 9 3 8 2 4 7 6 8 7 2 1 4 6 9 3 5 6 4 3 7 9 5 1 8 2 7 2 8 6 3 9 5 4 1 4 9 5 2 7 1 3 6 8 3 6 1 8 5 4 7 2 9 9 3 4 5 6 8 2 1 7 1 8 6 9 2 7 3 5 4 2 5 7 4 1 3 6 8 9 4 19 
7 2 9 3 7 2 4 9 6 6 1 8 8 4 6 1 3 5 5 4 3 1 9 5 8 7 2 8 7 2 6 3 9 5 4 1 4 9 5 2 5 1 3 6 8 3 6 1 7 8 4 9 2 7 9 3 5 8 6 7 2 1 3 1 8 4 4 2 9 7 5 6 6 2 7 5 1 3 8 9 4 20 23 
5 1 9 3 7 6 4 8 9 7 2 8 2 4 1 6 3 5 6 4 3 5 9 8 1 7 2 8 7 2 6 3 9 5 4 1 4 9 5 1 5 2 3 6 8 3 6 1 7 8 4 9 2 7 9 3 4 8 6 7 2 1 4 1 8 6 9 2 5 7 5 3 2 5 7 4 1 3 8 9 6 7 19 
6 1 8 3 5 2 4 9 7 7 2 9 1 4 8 6 3 5 5 4 3 7 9 6 1 8 2 8 7 2 6 3 9 5 4 1 4 9 5 2 7 1 3 6 8 3 6 1 5 8 4 7 2 9 9 3 4 8 6 7 2 1 3 1 8 6 9 2 5 9 7 4 2 5 7 4 1 3 8 5 6 4 18 
2 1 8 3 7 5 4 9 6 7 6 9 2 4 8 1 3 5 5 4 3 1 9 6 7 8 2 8 7 2 6 3 9 5 4 1 4 9 5 7 1 2 3 6 8 3 6 1 8 5 4 9 2 7 9 3 4 5 6 8 2 1 7 1 8 6 4 2 7 3 5 9 5 2 7 9 1 3 8 4 6 9 22 
6 5 9 3 7 2 4 8 9 7 1 2 8 4 6 1 3 5 8 4 3 1 9 5 6 7 2 2 7 8 6 3 9 5 4 1 4 9 5 2 5 1 3 6 8 3 6 1 7 8 4 7 2 9 9 3 4 8 6 5 2 1 7 1 8 6 9 2 7 3 5 4 5 2 7 4 1 3 8 9 6 9 20 
8 5 9 3 5 6 4 7 6 7 1 2 8 4 2 9 3 5 6 4 3 1 9 7 1 8 2 2 7 8 6 3 9 5 4 1 4 9 5 2 1 5 3 6 8 3 6 1 8 7 4 7 2 9 9 3 5 4 6 8 2 1 7 1 8 4 5 2 7 9 5 3 6 2 7 9 1 3 6 8 4 16 21 
8 2 9 3 5 2 4 7 9 7 1 6 8 4 6 1 3 5 5 4 3 7 9 1 6 8 2 2 7 8 6 3 9 5 4 1 4 9 5 5 1 7 3 6 8 3 6 1 2 8 4 9 2 7 9 3 5 8 6 7 2 1 3 1 8 4 4 2 9 6 5 7 2 6 7 1 5 3 8 9 4 18 22 
5 1 2 3 8 6 4 9 7 8 6 9 7 4 2 1 3 5 7 4 3 1 9 5 6 8 2 2 7 8 6 3 9 5 4 1 4 9 5 2 7 1 3 6 8 3 6 1 5 8 4 7 2 9 9 3 5 8 6 7 2 1 3 1 8 4 9 2 5 6 5 7 6 2 7 4 1 3 9 8 4 11 20 
2 1 9 3 8 5 4 7 6 8 7 6 2 4 1 9 3 5 5 4 3 7 9 6 1 8 2 7 2 8 6 3 9 5 4 1 4 9 5 1 7 2 3 6 8 3 6 1 8 5 4 7 2 9 9 3 5 4 6 8 2 1 7 1 8 4 5 2 7 6 9 3 6 2 7 9 1 3 8 5 4 3 15 
5 7 2 3 8 5 4 9 6 6 1 9 7 4 2 8 3 5 8 4 3 1 9 6 1 7 2 7 2 8 6 3 9 5 4 1 4 9 5 2 7 1 3 6 8 3 6 1 8 5 4 7 2 9 9 3 4 5 6 8 2 1 7 1 8 6 4 2 7 9 5 3 2 5 7 9 1 3 6 8 4 3 15 
2 1 6 3 7 5 4 7 6 8 7 9 2 4 6 9 3 5 5 4 3 1 9 8 1 8 2 8 7 2 6 3 9 5 4 1 4 9 5 7 1 2 3 6 8 3 6 1 5 8 4 7 2 9 9 3 5 8 6 7 2 1 4 1 8 4 9 2 5 7 5 3 6 2 7 4 1 3 6 8 9 16 21 
7 5 9 3 1 2 4 8 6 6 1 2 7 4 8 9 3 5 8 4 3 5 9 6 1 7 2 2 7 8 6 3 9 5 4 1 4 9 5 2 7 1 3 6 8 3 6 1 8 5 4 7 2 9 9 3 4 4 6 5 2 1 7 1 8 6 9 2 7 6 5 3 5 2 7 1 8 3 8 9 4 4 16 
2 5 8 3 1 6 4 7 9 7 1 9 8 4 2 6 3 5 6 4 3 7 9 5 1 8 2 8 7 2 6 3 9 5 4 1 4 9 5 2 7 1 3 6 8 3 6 1 5 8 4 9 2 7 9 3 4 5 6 8 2 1 7 1 8 6 4 2 7 9 5 3 5 2 7 9 1 3 8 4 6 6 17 
8 5 2 3 7 1 4 9 6 7 1 9 2 4 6 8 3 5 6 4 3 5 9 8 1 7 2 2 7 8 6 3 9 5 4 1 4 9 5 7 1 2 3 6 8 3 6 1 8 5 4 7 2 9 9 3 4 4 6 5 2 1 7 1 8 6 9 2 7 6 5 3 5 2 7 1 8 3 9 8 4 4 15 
5 1 9 3 7 2 4 8 6 7 2 8 1 4 6 9 3 5 6 4 3 8 9 5 1 7 2 8 7 2 6 3 9 5 4 1 4 9 5 2 5 1 3 6 8 3 6 1 7 8 4 7 2 9 9 3 4 5 6 8 2 1 7 1 8 5 4 2 7 6 9 3 2 6 7 9 1 3 8 5 4 5 16 
6 1 2 3 7 5 4 8 9 8 7 9 1 4 2 6 3 5 5 4 3 8 9 6 1 7 2 7 2 8 6 3 9 5 4 1 4 9 5 2 5 1 3 6 8 3 6 1 7 8 4 7 2 9 9 3 4 5 6 8 2 1 7 1 8 6 9 2 7 3 5 4 2 5 7 4 1 3 8 9 6 5 16 
8 1 5 3 5 2 4 9 6 7 2 9 1 4 6 8 3 5 6 4 3 7 9 8 1 7 2 2 7 8 6 3 9 5 4 1 4 9 5 2 7 1 3 6 8 3 6 1 5 8 4 7 2 9 9 3 4 8 6 5 2 1 7 1 8 6 9 2 7 3 5 4 2 5 7 4 1 3 9 8 6 7 17 
7 5 2 3 1 6 4 8 9 8 1 9 8 4 2 1 3 5 6 4 3 7 9 5 6 7 2 8 7 2 6 3 9 5 4 1 4 9 5 1 7 2 3 6 8 3 6 1 8 5 4 7 2 9 9 3 5 4 6 8 2 1 3 1 8 4 7 2 5 7 9 6 6 2 7 9 1 3 8 5 4 18 21 
2 1 8 3 5 7 4 9 6 7 6 9 8 4 2 1 3 5 5 4 3 1 9 6 8 7 2 8 7 2 6 3 9 5 4 1 4 9 5 2 7 1 3 6 8 3 6 1 5 8 4 7 2 9 9 3 5 4 6 8 2 1 7 1 8 4 9 2 7 6 5 3 6 2 7 5 1 3 9 8 4 5 16 
5 1 9 3 7 1 4 8 6 2 6 8 2 4 8 9 3 5 7 4 3 5 9 6 1 7 2 8 7 2 6 3 2 5 4 1 4 9 5 1 5 7 3 6 8 3 6 1 9 8 4 7 2 9 9 3 4 8 6 5 2 1 7 1 8 5 7 2 9 6 4 3 6 2 7 4 1 3 8 5 9 12 20 
5 2 9 3 8 1 4 7 6 8 1 6 2 4 7 9 3 5 7 4 3 5 9 6 1 8 2 8 7 2 6 3 9 5 4 1 4 9 5 1 7 2 3 6 8 3 6 1 8 5 4 7 2 9 9 3 4 8 6 5 2 1 7 1 8 6 4 2 7 9 5 3 2 5 7 9 1 3 6 8 4 7 17 
8 2 6 3 5 1 4 7 9 7 1 9 2 4 8 6 3 5 5 4 3 7 9 6 1 8 2 2 7 8 6 3 9 5 4 1 4 9 5 1 7 2 3 6 8 3 6 1 5 8 4 9 2 7 9 3 5 4 6 5 2 1 4 1 8 4 9 2 7 6 7 3 2 6 7 8 1 3 8 5 9 11 19 
6 5 9 3 7 1 4 9 6 2 1 8 2 4 6 8 3 5 7 4 3 5 9 8 1 7 2 7 2 8 6 3 9 5 4 1 4 9 5 2 7 1 3 6 8 3 6 1 5 8 4 9 2 7 9 3 4 5 6 8 2 1 3 1 8 5 4 2 7 6 7 4 6 2 7 9 1 3 8 5 9 24 22 
2 1 9 3 5 8 4 7 6 7 6 8 2 4 1 9 3 5 5 4 3 7 9 6 1 8 2 8 7 2 6 3 9 5 4 1 4 9 5 1 7 2 3 6 8 3 6 1 5 8 4 7 2 9 9 3 5 8 6 7 2 1 4 1 8 4 9 2 5 6 7 3 6 2 7 4 1 3 8 5 9 5 15 
8 1 5 3 7 2 4 9 6 2 7 9 8 4 6 1 3 5 6 4 3 1 9 5 8 7 2 7 2 8 6 3 9 5 4 1 4 9 5 2 5 1 3 6 8 3 6 1 7 8 4 9 2 7 9 3 4 5 6 8 2 1 3 1 8 6 9 2 7 7 5 9 5 2 7 4 1 3 6 8 4 9 17 
6 5 2 3 1 7 4 8 9 7 1 9 8 4 2 6 3 5 8 4 3 5 9 6 1 7 2 2 7 8 6 3 8 5 4 1 4 9 5 2 7 1 3 6 8 3 6 1 9 5 4 9 2 7 9 3 4 7 6 5 2 1 3 1 8 6 4 2 9 7 5 6 5 2 7 1 8 3 8 9 4 6 16 
5 1 2 3 8 6 4 9 7 8 6 9 2 4 7 1 3 5 7 4 3 5 9 1 6 8 2 2 7 8 6 3 9 5 4 1 4 9 5 1 7 2 3 6 8 3 6 1 8 5 4 9 2 7 9 3 4 8 6 5 2 1 3 1 8 6 9 2 7 7 9 6 5 2 7 4 1 3 8 5 4 13 20 
5 2 8 3 7 1 4 9 6 7 1 9 2 4 6 8 3 5 6 4 3 5 9 8 1 7 2 2 7 8 6 3 9 5 4 1 4 9 5 7 1 2 3 6 8 3 6 1 5 8 4 9 2 7 9 3 5 8 6 5 2 1 4 1 8 4 9 2 7 7 5 3 2 6 7 4 1 3 6 8 9 10 17 
2 5 9 3 7 8 4 9 6 7 1 8 2 4 6 1 3 5 6 4 3 5 9 1 8 7 2 8 7 2 6 3 9 5 4 1 4 9 5 1 5 2 3 6 8 3 6 1 7 8 4 7 2 9 9 3 4 5 6 8 2 1 7 1 8 6 4 2 7 9 5 3 5 2 7 9 1 3 6 8 4 7 16 
7 1 9 3 5 2 4 8 6 6 2 8 7 4 1 9 3 5 5 4 3 8 9 6 1 7 2 8 7 2 6 3 9 5 4 1 4 9 5 1 7 5 3 6 8 3 6 1 2 8 4 7 2 9 9 3 4 5 6 8 2 1 7 1 8 6 9 2 7 6 5 3 2 5 7 4 1 3 8 9 4 5 15 
5 1 2 3 8 6 4 7 9 8 7 9 1 4 2 6 3 5 6 4 3 7 9 5 1 8 2 7 2 8 6 3 9 5 4 1 4 9 5 2 7 1 3 6 8 3 6 1 8 5 4 9 2 7 9 3 4 5 6 8 2 1 4 1 8 6 9 2 7 7 5 3 2 5 7 4 1 3 8 9 6 3 14 
2 1 9 3 5 6 4 7 9 8 7 6 8 4 2 1 3 5 5 4 3 1 9 7 6 8 2 7 2 8 6 3 9 5 4 1 4 9 5 2 7 1 3 6 8 3 6 1 5 8 4 7 2 9 9 3 5 7 6 8 2 1 7 1 8 4 4 2 5 3 9 6 2 6 7 9 1 3 8 5 4 10 17 
6 1 2 3 5 7 4 8 9 8 7 9 2 4 1 6 3 5 5 4 3 8 9 6 1 7 2 7 2 8 6 3 9 5 4 1 4 9 5 1 7 2 3 6 8 3 6 1 5 8 4 9 2 7 9 3 4 7 6 8 2 1 4 1 8 6 9 2 5 7 5 3 2 5 7 4 1 3 8 9 6 3 14 
5 1 2 3 7 8 4 9 6 8 7 9 2 4 6 1 3 5 6 4 3 5 9 1 7 8 2 8 7 2 6 3 9 5 4 1 4 9 5 1 5 2 3 6 8 3 6 1 7 8 4 9 2 7 9 3 5 8 6 7 2 1 3 1 8 4 9 2 5 6 5 7 2 6 7 4 1 3 8 9 4 13 19 
2 1 9 3 5 7 4 8 6 8 7 6 1 4 2 9 3 5 5 4 3 8 9 6 1 7 2 7 2 8 6 3 9 5 4 1 4 9 5 7 1 2 3 6 8 3 6 1 8 5 4 9 2 7 9 3 4 5 6 8 2 1 7 1 8 5 4 2 7 3 5 6 6 2 7 9 1 3 8 4 9 15 20 
5 1 9 3 8 2 4 7 6 8 6 2 1 4 7 9 3 5 7 4 3 5 9 6 1 8 2 2 7 8 6 3 9 5 4 1 4 9 5 2 7 1 3 6 8 3 6 1 8 5 4 7 2 9 9 3 5 4 6 8 2 1 7 1 8 4 7 2 5 6 9 3 6 2 7 9 1 3 8 5 4 3 13 
7 2 8 3 1 8 4 7 9 6 1 9 7 4 2 1 3 5 5 4 3 5 9 6 6 8 2 2 7 8 6 3 9 5 4 1 4 9 5 2 7 1 3 6 8 3 6 1 5 8 4 7 2 9 9 3 4 4 6 8 2 1 3 1 8 6 9 2 7 7 5 9 2 5 7 1 5 3 6 8 4 21 19 
6 5 2 3 1 8 4 7 9 8 1 9 7 4 2 6 3 5 7 4 3 5 9 6 1 8 2 2 7 8 6 3 9 5 4 1 4 9 5 1 7 2 3 6 8 3 6 1 5 8 4 7 2 9 9 3 5 7 6 8 2 1 3 1 8 4 4 2 5 9 5 7 2 6 7 9 1 3 6 8 4 16 18 
8 2 9 3 1 5 4 7 6 7 1 6 2 4 8 9 3 5 5 4 3 7 9 6 1 8 2 2 7 8 6 3 9 5 4 1 4 9 5 1 7 2 3 6 8 3 6 1 5 8 4 7 2 9 9 3 5 8 6 7 2 1 3 1 8 4 4 2 9 6 5 7 6 2 7 1 5 3 8 9 4 7 16 
8 5 2 3 7 1 4 7 9 6 1 9 8 4 2 6 3 5 7 4 3 5 9 6 1 8 2 2 7 8 6 3 9 5 4 1 4 9 5 1 5 7 3 6 8 3 6 1 2 8 4 9 2 7 9 3 4 7 6 8 2 1 3 1 8 6 9 2 5 7 5 4 5 2 7 4 1 3 8 9 6 7 15 
5 2 9 3 1 8 4 7 9 6 1 8 7 4 2 6 3 5 7 4 3 5 9 6 1 8 2 8 7 2 6 3 9 5 4 1 4 9 5 1 5 7 3 6 8 3 6 1 2 8 4 9 2 7 9 3 4 7 6 5 2 1 4 1 8 6 4 2 9 7 5 3 2 5 7 8 1 3 8 9 6 10 16 
5 1 9 3 8 2 4 9 6 7 2 8 1 4 6 8 3 5 6 4 3 5 9 7 1 7 2 2 7 8 6 3 9 5 4 1 4 9 5 7 1 2 3 6 8 3 6 1 5 8 4 7 2 9 9 3 5 7 6 8 2 1 3 1 8 4 4 2 5 7 5 9 6 2 7 9 1 3 6 8 4 19 18 
2 5 8 3 7 1 4 9 7 7 1 9 2 4 6 1 3 5 6 4 3 8 9 5 6 8 2 7 2 8 6 3 9 5 4 1 4 9 5 1 5 2 3 6 8 3 6 1 7 8 4 7 2 9 9 3 4 8 6 5 2 1 4 1 8 6 4 2 7 3 7 6 2 5 7 9 1 3 8 5 9 20 18 
2 1 6 3 7 5 4 8 9 8 7 9 2 4 1 6 3 5 5 4 3 8 9 6 1 7 2 2 7 8 6 3 2 5 4 1 4 9 5 1 5 7 3 6 8 3 6 1 9 8 4 9 2 7 9 3 5 4 6 7 2 1 3 1 8 4 5 2 9 7 5 6 6 2 7 1 8 3 8 9 4 13 17 
2 1 9 3 5 7 4 8 6 8 7 6 1 4 2 9 3 5 5 4 3 8 9 6 1 7 2 7 2 8 6 3 9 5 4 1 4 9 5 2 7 1 3 6 8 3 6 1 5 8 4 7 2 9 9 3 5 4 6 8 2 1 7 1 8 4 7 2 5 6 9 3 6 2 7 9 1 3 8 5 4 3 13 
5 1 8 3 7 2 4 9 6 7 2 9 1 4 6 8 3 5 6 4 3 5 9 8 1 7 2 8 7 2 6 3 9 5 4 1 4 9 5 7 5 1 3 6 8 3 6 1 2 8 4 7 2 9 9 3 4 8 6 5 2 1 7 1 8 6 4 2 7 9 5 3 2 5 7 9 1 3 6 8 4 3 13 
6 5 8 3 1 5 4 9 6 2 1 9 2 4 7 8 3 5 7 4 3 8 9 6 1 7 2 8 7 2 6 3 9 5 4 1 4 9 5 1 7 2 3 6 8 3 6 1 8 5 4 9 2 7 9 3 4 5 6 7 2 1 4 1 8 6 4 2 9 7 5 3 5 2 7 1 8 3 9 8 6 13 17 
8 1 2 3 5 6 4 9 6 6 7 9 2 4 8 1 3 5 5 4 3 7 9 1 8 7 2 7 2 8 6 3 9 5 4 1 4 9 5 1 7 2 3 6 8 3 6 1 8 5 4 7 2 9 9 3 5 4 6 8 2 1 7 1 8 4 9 2 7 9 5 3 6 2 7 5 1 3 6 8 4 10 16 
8 5 9 3 7 8 4 9 6 7 1 2 2 4 1 8 3 5 6 4 3 5 9 6 1 7 2 7 2 8 6 3 2 5 4 1 4 9 5 1 5 7 3 6 8 3 6 1 9 8 4 7 2 9 9 3 5 4 6 8 2 1 7 1 8 4 5 2 7 6 9 3 6 2 7 9 1 3 8 5 4 19 17 
5 1 2 3 7 2 4 8 9 6 7 9 8 4 6 1 3 5 8 4 3 5 9 1 6 7 2 7 2 8 6 3 9 5 4 1 4 9 5 2 1 7 3 6 8 3 6 1 8 5 4 9 2 7 9 3 4 4 6 5 2 1 7 1 8 6 9 2 7 3 5 4 2 5 7 1 8 3 6 8 9 12 16 
5 1 9 3 8 2 4 7 6 8 7 2 1 4 6 9 3 5 6 4 3 5 9 7 1 8 2 7 2 8 6 3 9 5 4 1 4 9 5 2 7 1 3 6 8 3 6 1 8 5 4 7 2 9 9 3 4 7 6 8 2 1 3 1 8 6 4 2 5 6 9 7 2 5 7 9 1 3 8 5 4 4 13 
8 5 9 3 7 8 4 7 6 2 1 6 2 4 6 9 3 5 7 4 3 1 9 5 1 8 2 7 2 8 6 3 9 5 4 1 4 9 5 1 5 7 3 6 8 3 6 1 2 8 4 7 2 9 9 3 4 8 6 5 2 1 7 1 8 6 9 2 7 6 9 3 2 5 7 4 1 3 8 5 4 20 18 
7 1 2 3 5 6 4 8 9 8 6 9 7 4 2 1 3 5 5 4 3 1 9 8 6 7 2 7 2 8 6 3 9 5 4 1 4 9 5 2 7 1 3 6 8 3 6 1 5 8 4 7 2 9 9 3 4 8 6 5 2 1 7 1 8 6 9 2 7 3 5 4 2 5 7 4 1 3 8 9 6 5 13 
6 1 8 3 5 2 4 7 9 7 2 9 8 4 6 1 3 5 5 4 3 7 9 1 6 8 2 7 2 8 6 3 9 5 4 1 4 9 5 7 1 2 3 6 8 3 6 1 5 8 4 7 2 9 9 3 5 4 6 8 2 1 7 1 8 4 9 2 7 6 9 3 2 6 7 1 5 3 8 5 4 13 16 
8 1 2 3 7 5 4 9 6 7 6 9 2 4 1 8 3 5 5 4 3 8 9 6 1 7 2 8 7 2 6 3 9 5 4 1 4 9 5 1 7 2 3 6 8 3 6 1 8 5 4 7 2 9 9 3 4 5 6 8 2 1 7 1 8 6 4 2 7 6 5 3 5 2 7 9 1 3 9 8 4 9 15 
6 1 2 3 5 8 4 7 9 8 7 9 2 4 6 1 3 5 5 4 3 7 9 1 6 8 2 7 2 8 6 3 9 5 4 1 4 9 5 1 7 2 3 6 8 3 6 1 5 8 4 9 2 7 9 3 4 8 6 5 2 1 3 1 8 6 9 2 7 7 5 4 2 5 7 4 1 3 8 9 6 3 12 
2 1 8 3 5 6 4 9 7 7 6 9 8 4 2 1 3 5 5 4 3 1 9 7 6 8 2 8 7 2 6 3 9 5 4 1 4 9 5 2 7 1 3 6 8 3 6 1 5 8 4 7 2 9 9 3 5 7 6 8 2 1 4 1 8 4 4 2 5 9 7 3 6 2 7 9 1 3 8 5 6 5 13 
7 2 8 3 1 5 4 9 6 6 1 9 7 4 2 8 3 5 5 4 3 8 9 6 1 7 2 8 7 2 6 3 9 5 4 1 4 9 5 1 7 2 3 6 8 3 6 1 8 5 4 9 2 7 9 3 4 4 6 8 2 1 3 1 8 6 9 2 7 7 5 9 2 5 7 1 5 3 6 8 4 10 15 
8 5 9 3 1 2 4 7 6 7 1 2 8 4 6 9 3 5 6 4 3 7 9 5 1 8 2 2 7 8 6 3 9 5 4 1 4 9 5 2 7 1 3 6 8 3 6 1 5 8 4 7 2 9 9 3 5 4 6 8 2 1 7 1 8 4 5 2 7 6 9 3 6 2 7 9 1 3 8 5 4 5 13 
8 1 2 3 7 5 4 9 6 7 6 9 2 4 1 8 3 5 5 4 3 8 9 6 1 7 2 2 7 8 6 3 9 5 4 1 4 9 5 7 1 2 3 6 8 3 6 1 5 8 4 7 2 9 9 3 5 4 6 8 2 1 7 1 8 4 9 2 7 6 5 3 6 2 7 1 5 3 9 8 4 3 12 
8 5 9 3 1 2 4 7 6 2 1 6 7 4 8 9 3 5 7 4 3 5 9 6 1 8 2 8 7 2 6 3 9 5 4 1 4 9 5 1 5 7 3 6 8 3 6 1 2 8 4 7 2 9 9 3 4 8 6 5 2 1 7 1 8 5 4 2 7 6 9 3 6 2 7 9 1 3 8 5 4 7 13 
5 1 9 3 7 8 4 9 6 7 2 8 2 4 6 1 3 5 6 4 3 1 9 5 8 7 2 8 7 2 6 3 9 5 4 1 4 9 5 2 7 1 3 6 8 3 6 1 8 5 4 7 2 9 9 3 4 8 6 5 2 1 7 1 8 6 9 2 7 3 5 4 2 5 7 4 1 3 9 8 6 9 14 
5 7 9 3 8 2 4 9 6 8 1 2 7 4 6 1 3 5 6 4 3 1 9 5 8 7 2 7 2 8 6 3 9 5 4 1 4 9 5 2 7 1 3 6 8 3 6 1 5 8 4 7 2 9 9 3 4 5 6 8 2 1 7 1 8 6 9 2 7 6 5 3 2 5 7 4 1 3 9 8 4 7 13 
5 1 8 3 1 5 4 9 6 7 2 9 2 4 8 8 3 5 6 4 3 7 9 6 1 7 2 8 7 2 6 3 9 5 4 1 4 9 5 1 7 2 3 6 8 3 6 1 5 8 4 7 2 9 9 3 4 8 6 7 2 1 3 1 8 6 4 2 9 6 5 7 2 5 7 1 5 3 8 9 4 14 14 
7 2 8 3 5 1 4 9 6 6 1 9 2 4 7 8 3 5 5 4 3 8 9 6 1 7 2 8 7 2 6 3 9 5 4 1 4 9 5 1 7 2 3 6 8 3 6 1 5 8 4 7 2 9 9 3 4 5 6 8 2 1 7 1 8 6 4 2 7 9 5 3 2 5 7 9 1 3 6 8 4 3 12 
5 1 9 3 1 8 4 7 6 8 6 2 7 4 2 9 3 5 7 4 3 5 9 6 1 8 2 2 7 8 6 3 9 5 4 1 4 9 5 2 7 1 3 6 8 3 6 1 5 8 4 9 2 7 9 3 4 8 6 7 2 1 3 1 8 5 4 2 9 6 9 7 6 2 7 1 5 3 8 5 4 12 13 
8 1 2 3 5 8 4 9 6 6 7 9 1 4 2 8 3 5 5 4 3 7 9 6 1 7 2 7 2 8 6 3 9 5 4 1 4 9 5 2 7 1 3 6 8 3 6 1 5 8 4 7 2 9 9 3 4 8 6 5 2 1 7 1 8 6 4 2 7 9 5 3 2 5 7 9 1 3 6 8 4 3 12 
8 7 2 3 1 5 4 9 6 6 1 9 8 4 2 1 3 5 5 4 3 7 9 6 8 7 2 2 7 8 6 3 9 5 4 1 4 9 5 2 7 1 3 6 8 3 6 1 5 8 4 7 2 9 9 3 5 4 6 8 2 1 7 1 8 4 9 2 7 6 5 3 6 2 7 1 5 3 9 8 4 6 12 

