MonoObjective Genetic Algorithm
Number of Evaluations = 0
Mutation Probability = 0.0100000000000000002
Crossover Probability = 0.5
Population Size = 100
Survival Selection Type = 16

Time =  300.030610000000024

Current Evaluation = 189600
Front Size = 100
7 1 8 3 5 2 4 9 6 6 2 9 7 4 8 1 3 5 5 4 3 1 9 6 8 7 2 8 7 2 6 3 9 5 4 1 4 9 5 2 7 1 3 6 8 3 6 1 5 8 4 7 2 9 9 3 4 8 6 5 2 1 7 1 8 6 4 2 7 9 5 3 2 5 7 9 1 3 6 8 4 1 14 
5 7 2 3 8 1 4 9 6 8 1 9 2 4 6 7 3 5 6 4 3 5 9 7 1 8 2 7 2 8 6 3 9 5 4 1 4 9 5 1 7 2 3 6 8 3 6 1 8 5 4 9 2 7 9 3 5 7 6 8 2 1 4 1 8 4 9 2 5 6 7 3 2 6 7 4 1 3 8 5 9 3 38 
7 2 6 3 1 5 4 8 9 8 1 9 7 4 2 6 3 5 5 4 3 8 9 6 1 7 2 2 7 8 6 3 9 5 4 1 4 9 5 2 1 7 3 6 8 3 6 1 5 8 4 9 2 7 9 3 5 4 6 8 2 1 3 1 8 4 9 2 7 7 5 6 2 6 7 1 5 3 8 9 4 8 31 
7 2 9 3 7 6 4 7 9 6 1 8 8 4 2 6 3 5 5 4 3 5 9 1 1 8 2 7 2 8 6 3 8 5 4 1 4 9 5 2 1 7 3 6 8 3 6 1 9 5 4 7 2 9 9 3 4 7 6 8 2 1 4 1 8 6 4 2 5 3 5 7 5 2 7 9 1 3 6 8 9 29 32 
7 1 9 3 7 5 4 8 6 2 6 8 2 4 6 9 3 5 5 4 3 1 9 8 1 7 2 7 2 8 6 3 9 5 4 1 4 9 5 7 1 2 3 6 8 3 6 1 8 5 4 7 2 9 9 3 5 8 6 7 2 1 7 1 8 4 5 2 9 3 5 4 6 2 7 4 1 3 8 9 6 19 29 
5 1 2 3 7 6 4 8 9 8 7 9 2 4 1 6 3 5 6 4 3 8 9 5 1 7 2 7 2 8 6 3 9 5 4 1 4 9 5 1 5 2 3 6 8 3 6 1 7 8 4 7 2 9 9 3 4 5 6 8 2 1 7 1 8 6 4 2 7 9 5 3 2 5 7 9 1 3 8 4 6 5 27 
6 5 2 3 1 8 4 9 7 8 1 9 7 4 2 6 3 5 7 4 3 5 9 6 1 8 2 2 7 8 6 3 9 5 4 1 4 9 5 2 7 1 3 6 8 3 6 1 8 5 4 7 2 9 9 3 4 4 6 7 2 1 3 1 8 6 9 2 5 9 7 4 5 2 7 1 8 3 8 5 6 6 27 
5 1 9 3 7 2 4 8 6 7 2 8 1 4 6 9 3 5 6 4 3 5 9 8 1 7 2 8 7 2 6 3 9 5 4 1 4 9 5 2 1 7 3 6 8 3 6 1 8 5 4 7 2 9 9 3 4 7 6 8 2 1 3 1 8 6 4 2 5 6 9 7 2 5 7 9 1 3 8 5 4 6 26 
5 2 9 3 8 6 4 7 9 6 1 8 7 4 2 1 3 5 7 4 3 1 9 5 6 8 2 8 7 2 6 3 9 5 4 1 4 9 5 2 7 1 3 6 8 3 6 1 8 5 4 7 2 9 9 3 4 5 6 8 2 1 7 1 8 6 9 2 7 3 5 4 2 5 7 4 1 3 8 9 6 5 25 
2 1 8 3 5 6 4 7 9 7 6 9 8 4 2 1 3 5 5 4 3 1 9 7 6 8 2 8 7 2 6 3 9 5 4 1 4 9 5 2 7 1 3 6 8 3 6 1 5 8 4 9 2 7 9 3 5 4 6 8 2 1 7 1 8 4 7 2 5 6 9 3 6 2 7 9 1 3 8 5 4 5 25 
8 5 2 3 7 1 4 9 6 7 1 9 2 4 6 8 3 5 6 4 3 8 9 5 1 7 2 2 7 8 6 3 7 5 4 1 4 9 5 1 5 2 3 6 8 3 6 1 9 8 4 9 2 7 9 3 4 5 6 8 2 1 3 1 8 6 7 2 9 7 5 4 5 2 7 4 1 3 6 8 9 6 26 
8 1 2 3 7 5 4 9 6 6 7 9 2 4 8 1 3 5 5 4 3 1 9 6 8 7 2 2 7 8 6 3 9 5 4 1 4 9 5 7 1 2 3 6 8 3 6 1 5 8 4 9 2 7 9 3 4 8 6 7 2 1 3 1 8 5 4 2 9 6 7 9 6 2 7 1 5 3 8 5 4 11 26 
6 1 5 3 7 2 4 7 9 7 2 9 1 4 8 6 3 5 8 4 3 5 9 6 1 8 2 2 7 8 6 3 9 5 4 1 4 9 5 7 5 1 3 6 8 3 6 1 2 8 4 9 2 7 9 3 4 7 6 8 2 1 3 1 8 6 9 2 5 7 5 4 2 5 7 4 1 3 8 9 6 11 26 
5 1 2 3 5 8 4 7 9 6 7 9 2 4 6 1 3 5 8 4 3 7 9 1 6 8 2 7 2 8 6 3 2 5 4 1 4 9 5 1 7 5 3 6 8 3 6 1 9 8 4 9 2 7 9 3 5 8 6 7 2 1 3 1 8 4 4 2 9 6 5 7 2 6 7 5 1 3 8 9 4 13 26 
8 5 9 3 1 2 4 7 6 7 1 2 8 4 6 9 3 5 6 4 3 7 9 5 1 8 2 2 7 8 6 3 9 5 4 1 4 9 5 2 7 1 3 6 8 3 6 1 5 8 4 7 2 9 9 3 5 4 6 8 2 1 7 1 8 4 9 2 7 6 5 3 6 2 7 1 5 3 8 9 4 3 24 
2 1 9 3 5 7 4 8 6 8 7 6 2 4 6 9 3 5 5 4 3 8 9 1 1 7 2 8 7 2 6 3 2 5 4 1 4 9 5 7 1 5 3 6 8 3 6 1 9 8 4 7 2 9 9 3 5 7 6 8 2 1 4 1 8 4 5 2 9 6 7 3 2 6 7 4 1 3 8 5 9 15 25 
7 2 9 3 5 1 4 8 6 6 1 8 7 4 2 9 3 5 5 4 3 8 9 6 1 7 2 8 7 2 6 3 8 5 4 1 4 9 5 2 1 5 3 6 8 3 6 1 9 7 4 9 2 7 9 3 4 5 6 7 2 1 4 1 8 6 4 2 9 7 5 3 2 5 7 1 8 3 8 9 6 9 24 
5 1 2 3 8 7 4 9 6 6 7 9 1 4 2 8 3 5 8 4 3 5 9 6 1 7 2 7 2 8 6 3 9 5 4 1 4 9 5 2 7 1 3 6 8 3 6 1 8 5 4 9 2 7 9 3 4 7 6 8 2 1 3 1 8 6 4 2 5 7 5 9 2 5 7 9 1 3 6 8 4 3 23 
7 5 9 3 1 2 4 8 6 8 1 2 7 4 6 9 3 5 6 4 3 5 9 8 1 7 2 8 7 2 6 3 9 5 4 1 4 9 5 2 7 1 3 6 8 3 6 1 8 5 4 9 2 7 9 3 5 8 6 7 2 1 3 1 8 4 9 2 5 7 5 4 2 6 7 4 1 3 6 8 9 13 24 
2 1 9 3 5 8 4 7 6 8 7 6 2 4 1 9 3 5 5 4 3 7 9 6 1 8 2 7 2 8 6 3 9 5 4 1 4 9 5 1 7 2 3 6 8 3 6 1 5 8 4 7 2 9 9 3 4 8 6 5 2 1 7 1 8 5 4 2 7 6 9 3 6 2 7 9 1 3 8 5 4 3 23 
8 1 2 3 5 6 4 9 7 6 7 9 8 4 2 1 3 5 5 4 3 1 9 7 6 8 2 7 2 8 6 3 9 5 4 1 4 9 5 2 7 1 3 6 8 3 6 1 5 8 4 7 2 9 9 3 4 7 6 8 2 1 4 1 8 6 4 2 5 9 7 3 2 5 7 9 1 3 8 5 6 3 21 
7 2 8 3 5 1 4 9 6 6 1 9 2 4 8 7 3 5 5 4 3 7 9 6 1 8 2 8 7 2 6 3 9 5 4 1 4 9 5 1 7 2 3 6 8 3 6 1 5 8 4 9 2 7 9 3 4 8 6 7 2 1 3 1 8 6 9 2 5 6 7 4 2 5 7 4 1 3 8 5 9 4 21 
5 7 2 3 8 1 4 9 6 6 1 9 7 4 2 8 3 5 8 4 3 5 9 6 1 7 2 7 2 8 6 3 9 5 4 1 4 9 5 2 1 5 3 6 8 3 6 1 8 7 4 7 2 9 9 3 5 4 6 8 2 1 7 1 8 4 9 2 7 6 5 3 2 6 7 1 5 3 9 8 4 5 21 
6 1 2 3 8 5 4 7 9 8 7 9 2 4 6 1 3 5 5 4 3 7 9 1 6 8 2 7 2 8 6 3 9 5 4 1 4 9 5 1 7 2 3 6 8 3 6 1 8 5 4 9 2 7 9 3 4 5 6 8 2 1 3 1 8 6 9 2 7 7 5 4 2 5 7 4 1 3 8 9 6 3 20 
7 1 9 3 8 5 4 9 6 8 6 2 7 4 2 1 3 5 5 4 3 1 9 6 7 8 2 2 7 8 6 3 9 5 4 1 4 9 5 2 7 1 3 6 8 3 6 1 8 5 4 9 2 7 9 3 4 5 6 8 2 1 4 1 8 5 9 2 7 6 7 3 6 2 7 4 1 3 8 5 9 7 23 
5 1 6 3 7 2 4 8 9 2 7 9 8 4 6 1 3 5 8 4 3 1 9 5 6 7 2 7 2 8 6 3 9 5 4 1 4 9 5 2 7 1 3 6 8 3 6 1 8 5 4 7 2 9 9 3 4 5 6 8 2 1 7 1 8 5 4 2 7 3 9 6 6 2 7 9 1 3 8 5 4 7 22 
7 2 9 3 5 6 4 8 9 6 1 8 2 4 7 1 3 5 5 4 3 8 9 1 6 7 2 8 7 2 6 3 9 5 4 1 4 9 5 1 7 2 3 6 8 3 6 1 5 8 4 9 2 7 9 3 4 7 6 8 2 1 4 1 8 6 4 2 5 7 9 3 2 5 7 9 1 3 8 5 6 5 20 
5 1 2 3 7 8 4 9 7 8 6 9 1 4 2 1 3 5 7 4 3 5 9 6 6 8 2 7 2 8 6 3 9 5 4 1 4 9 5 1 7 2 3 6 8 3 6 1 5 8 4 7 2 9 9 3 5 4 6 5 2 1 7 1 8 4 7 2 9 9 5 3 6 2 7 1 8 3 8 4 6 22 23 
7 1 5 3 8 2 4 9 6 8 2 9 1 4 6 8 3 5 6 4 3 7 9 5 1 7 2 2 7 8 6 3 9 5 4 1 4 9 5 2 7 1 3 6 8 3 6 1 8 5 4 7 2 9 9 3 4 5 6 8 2 1 7 1 8 6 9 2 7 6 5 3 5 2 7 4 1 3 9 8 4 7 21 
6 1 2 3 5 7 4 8 9 8 7 9 1 4 2 6 3 5 5 4 3 8 9 6 1 7 2 7 2 8 6 3 9 5 4 1 4 9 5 2 7 1 3 6 8 3 6 1 5 8 4 9 2 7 9 3 5 7 6 8 2 1 4 1 8 4 9 2 5 3 7 6 2 6 7 4 1 3 8 5 9 6 20 
5 2 9 3 8 1 4 7 6 7 1 8 2 4 6 9 3 5 6 4 3 7 9 5 1 8 2 8 7 2 6 3 9 5 4 1 4 9 5 1 7 2 3 6 8 3 6 1 8 5 4 7 2 9 9 3 4 5 6 8 2 1 7 1 8 6 4 2 7 9 5 3 2 5 7 9 1 3 6 8 4 3 18 
8 5 9 3 5 2 4 7 6 6 1 2 7 4 8 9 3 5 7 4 3 1 9 6 1 8 2 2 7 8 6 3 9 5 4 1 4 9 5 2 7 1 3 6 8 3 6 1 5 8 4 7 2 9 9 3 4 8 6 7 2 1 3 1 8 6 4 2 5 6 9 7 5 2 7 9 1 3 8 5 4 6 20 
6 5 2 3 8 1 4 7 9 7 1 9 2 4 6 6 3 5 8 4 3 7 9 5 1 8 2 2 7 8 6 3 9 5 4 1 4 9 5 1 7 2 3 6 8 3 6 1 8 5 4 9 2 7 9 3 4 8 6 7 2 1 4 1 8 6 4 2 5 3 9 7 5 2 7 9 1 3 8 5 6 9 22 
8 7 2 3 5 1 4 9 6 6 1 9 2 4 7 8 3 5 5 4 3 8 9 6 1 7 2 7 2 8 6 3 9 5 4 1 4 9 5 1 7 2 3 6 8 3 6 1 5 8 4 7 2 9 9 3 4 7 6 8 2 1 3 1 8 6 4 2 5 9 5 7 2 5 7 9 1 3 6 8 4 3 17 
7 1 2 3 5 8 4 9 6 8 6 9 1 4 2 1 3 5 5 4 3 7 9 6 8 7 2 2 7 8 6 3 9 5 4 1 4 9 5 2 7 1 3 6 8 3 6 1 5 8 4 9 2 7 9 3 5 8 6 7 2 1 4 1 8 4 9 2 5 7 5 3 6 2 7 4 1 3 6 8 9 7 19 
8 2 5 3 7 8 4 9 6 7 1 9 2 4 6 1 3 5 6 4 3 5 9 1 8 7 2 2 7 8 6 3 9 5 4 1 4 9 5 1 5 2 3 6 8 3 6 1 7 8 4 7 2 9 9 3 4 8 6 7 2 1 4 1 8 6 9 2 5 3 5 7 2 5 7 4 1 3 9 8 6 11 22 
5 1 2 3 8 7 4 9 6 8 7 9 2 4 6 1 3 5 6 4 3 5 9 1 8 7 2 2 7 8 6 3 9 5 4 1 4 9 5 1 7 2 3 6 8 3 6 1 8 5 4 7 2 9 9 3 5 4 6 8 2 1 3 1 8 4 7 2 9 7 5 6 6 2 7 5 1 3 8 9 4 12 22 
8 7 9 3 5 2 4 8 6 6 1 2 7 4 8 9 3 5 5 4 3 1 9 6 1 7 2 7 2 8 6 3 9 5 4 1 4 9 5 2 7 1 3 6 8 3 6 1 5 8 4 7 2 9 9 3 4 8 6 5 2 1 7 1 8 6 9 2 7 3 5 4 2 5 7 4 1 3 8 9 6 5 18 
5 1 8 3 7 2 4 9 6 7 2 9 8 4 6 1 3 5 6 4 3 1 9 5 8 7 2 8 7 2 6 3 9 5 4 1 4 9 5 7 5 1 3 6 8 3 6 1 2 8 4 7 2 9 9 3 4 5 6 8 2 1 7 1 8 6 9 2 7 3 5 4 2 5 7 4 1 3 9 8 6 5 18 
7 1 9 3 5 2 4 8 6 8 6 2 1 4 7 9 3 5 5 4 3 8 9 6 1 7 2 2 7 8 6 3 9 5 4 1 4 9 5 2 7 1 3 6 8 3 6 1 5 8 4 7 2 9 9 3 5 4 6 8 2 1 4 1 8 4 7 2 5 3 9 7 6 2 7 9 1 3 8 5 6 8 19 
5 7 9 3 8 2 4 7 6 8 1 2 1 4 6 9 3 5 6 4 3 7 9 5 1 8 2 7 2 8 6 3 9 5 4 1 4 9 5 2 1 7 3 6 8 3 6 1 5 8 4 9 2 7 9 3 4 5 6 8 2 1 3 1 8 6 4 2 7 7 5 9 2 5 7 9 1 3 8 4 6 12 21 
8 5 2 3 7 5 4 9 6 7 1 9 8 4 2 1 3 5 6 4 3 1 9 6 8 7 2 2 7 8 6 3 9 5 4 1 4 9 5 7 1 2 3 6 8 3 6 1 5 8 4 7 2 9 9 3 5 4 6 8 2 1 7 1 8 4 9 2 7 9 5 3 2 6 7 5 1 3 6 8 4 12 20 
2 5 9 3 7 1 4 8 6 7 1 8 2 4 6 9 3 5 6 4 3 5 9 8 1 7 2 8 7 2 6 3 9 5 4 1 4 9 5 1 5 2 3 6 8 3 6 1 7 8 4 7 2 9 9 3 4 8 6 5 2 1 7 1 8 5 4 2 7 6 9 3 6 2 7 9 1 3 8 5 4 5 17 
2 5 8 3 1 7 4 9 6 6 1 9 2 4 6 8 3 5 7 4 3 8 9 5 1 7 2 2 7 8 6 3 9 5 4 1 4 9 5 2 7 1 3 6 8 3 6 1 5 8 4 7 2 9 9 3 4 7 6 8 2 1 4 1 8 6 9 2 5 3 5 7 5 2 7 4 1 3 6 8 9 12 19 
2 5 9 3 8 1 4 7 6 6 1 8 2 4 7 9 3 5 7 4 3 5 9 6 1 8 2 8 7 2 6 3 9 5 4 1 4 9 5 1 7 2 3 6 8 3 6 1 8 5 4 7 2 9 9 3 4 7 6 8 2 1 3 1 8 6 9 2 5 6 7 4 5 2 7 4 1 3 8 5 9 6 18 
5 1 2 3 7 6 4 8 9 6 7 9 2 4 8 1 3 5 8 4 3 5 9 1 6 7 2 7 2 8 6 3 7 5 4 1 4 9 5 1 5 2 3 6 8 3 6 1 9 8 4 9 2 7 9 3 4 7 6 5 2 1 4 1 8 6 4 2 9 7 5 3 2 5 7 8 1 3 8 9 6 6 18 
7 2 9 3 8 5 4 7 6 8 1 6 1 4 2 9 3 5 5 4 3 7 9 6 1 8 2 2 7 8 6 3 9 5 4 1 4 9 5 2 7 1 3 6 8 3 6 1 8 5 4 7 2 9 9 3 5 4 6 8 2 1 7 1 8 4 5 2 7 6 9 3 6 2 7 9 1 3 8 5 4 5 17 
8 1 6 3 5 2 4 7 9 2 7 9 8 4 6 1 3 5 5 4 3 7 9 1 6 8 2 8 7 2 6 3 9 5 4 1 4 9 5 2 1 7 3 6 8 3 6 1 5 8 4 7 2 9 9 3 4 4 6 5 2 1 7 1 8 5 9 2 7 3 9 6 2 6 7 1 8 3 8 5 4 13 21 
8 5 2 3 7 2 4 9 6 7 1 9 8 4 6 1 3 5 6 4 3 1 9 5 7 8 2 2 7 8 6 3 9 5 4 1 4 9 5 2 7 1 3 6 8 3 6 1 5 8 4 9 2 7 9 3 5 7 6 8 2 1 3 1 8 4 4 2 5 6 7 9 6 2 7 9 1 3 8 5 4 9 18 
5 2 8 3 7 1 4 9 6 7 1 9 2 4 6 8 3 5 6 4 3 8 9 5 1 7 2 8 7 2 6 3 9 5 4 1 4 9 5 7 1 2 3 6 8 3 6 1 5 8 4 7 2 9 9 3 5 4 6 8 2 1 7 1 8 4 9 2 7 6 5 3 2 6 7 1 5 3 9 8 4 3 16 
2 1 6 3 7 5 4 8 9 8 7 9 2 4 1 6 3 5 5 4 3 8 9 6 1 7 2 7 2 8 6 3 9 5 4 1 4 9 5 7 1 2 3 6 8 3 6 1 5 8 4 7 2 9 9 3 5 4 6 8 2 1 7 1 8 4 9 2 7 6 5 3 6 2 7 1 5 3 8 9 4 5 17 
7 2 9 3 5 6 4 7 9 6 1 8 8 4 2 1 3 5 5 4 3 7 9 1 6 8 2 8 7 2 6 3 9 5 4 1 4 9 5 1 7 5 3 6 8 3 6 1 2 8 4 9 2 7 9 3 5 4 6 8 2 1 7 1 8 4 7 2 9 3 5 6 2 6 7 5 1 3 8 9 4 13 19 
5 1 6 3 8 2 4 9 7 8 2 9 1 4 7 6 3 5 7 4 3 5 9 6 1 8 2 2 7 8 6 3 9 5 4 1 4 9 5 2 7 1 3 6 8 3 6 1 8 5 4 7 2 9 9 3 4 7 6 8 2 1 4 1 8 6 4 2 5 9 7 3 2 5 7 9 1 3 8 5 6 5 17 
8 1 5 3 1 2 4 7 9 7 2 9 8 4 6 6 3 5 6 4 3 5 9 7 1 8 2 7 2 8 6 3 9 5 4 1 4 9 5 1 7 2 3 6 8 3 6 1 5 8 4 9 2 7 9 3 4 4 6 8 2 1 7 1 8 6 9 2 7 6 5 3 2 5 7 1 5 3 9 8 4 17 20 
6 5 2 3 5 8 4 7 9 7 1 9 1 4 2 1 3 5 8 4 3 7 9 6 6 8 2 2 7 8 6 3 9 5 4 1 4 9 5 2 7 1 3 6 8 3 6 1 5 8 4 7 2 9 9 3 4 5 6 7 2 1 3 1 8 6 4 2 9 9 5 7 2 5 7 1 8 3 6 8 4 19 21 
7 5 9 3 7 6 4 8 9 2 1 8 2 4 1 6 3 5 6 4 3 8 9 5 1 7 2 8 7 2 6 3 9 5 4 1 4 9 5 2 7 1 3 6 8 3 6 1 8 5 4 9 2 7 9 3 4 4 6 8 2 1 3 1 8 6 9 2 7 7 5 9 2 5 7 1 5 3 6 8 4 20 20 
6 1 2 3 8 5 4 7 9 8 7 9 1 4 2 6 3 5 5 4 3 7 9 6 1 8 2 7 2 8 6 3 9 5 4 1 4 9 5 2 7 1 3 6 8 3 6 1 8 5 4 7 2 9 9 3 4 5 6 8 2 1 7 1 8 6 4 2 7 9 5 3 2 5 7 9 1 3 6 8 4 4 16 
6 1 8 3 5 6 4 9 7 2 7 9 1 4 2 6 3 5 5 4 3 8 9 7 1 8 2 8 7 2 6 3 9 5 4 1 4 9 5 2 7 1 3 6 8 3 6 1 5 8 4 9 2 7 9 3 4 7 6 8 2 1 3 1 8 6 4 2 5 7 5 9 5 2 7 9 1 3 6 8 4 11 18 
8 5 2 3 5 1 4 9 6 7 1 9 2 4 6 8 3 5 6 4 3 7 9 8 1 7 2 2 7 8 6 3 9 5 4 1 4 9 5 2 7 1 3 6 8 3 6 1 5 8 4 7 2 9 9 3 4 8 6 5 2 1 7 1 8 6 4 2 7 9 5 3 5 2 7 9 1 3 6 8 4 5 17 
7 1 6 3 5 2 4 8 9 8 2 9 7 4 6 1 3 5 5 4 3 1 9 8 6 7 2 2 7 8 6 3 9 5 4 1 4 9 5 2 7 1 3 6 8 3 6 1 5 8 4 9 2 7 9 3 5 4 6 5 2 1 7 1 8 4 9 2 7 6 5 3 2 6 7 8 1 3 8 9 4 8 17 
2 5 8 3 1 7 4 9 6 7 1 9 2 4 6 8 3 5 6 4 3 5 9 8 1 7 2 8 7 2 6 3 2 5 4 1 4 9 5 1 5 7 3 6 8 3 6 1 9 8 4 9 2 7 9 3 4 7 6 5 2 1 4 1 8 5 4 2 9 6 7 3 2 6 7 8 1 3 8 5 9 13 19 
5 1 2 3 7 8 4 9 6 6 7 9 2 4 1 8 3 5 8 4 3 5 9 6 1 7 2 7 2 8 6 3 9 5 4 1 4 9 5 7 1 2 3 6 8 3 6 1 8 5 4 7 2 9 9 3 4 8 6 5 2 1 7 1 8 6 4 2 7 9 5 3 2 5 7 9 1 3 6 8 4 3 15 
6 2 8 3 5 7 4 9 6 7 1 9 1 4 2 8 3 5 5 4 3 8 9 6 1 7 2 8 7 2 6 3 9 5 4 1 4 9 5 2 7 1 3 6 8 3 6 1 5 8 4 7 2 9 9 3 4 8 6 7 2 1 4 1 8 6 4 2 5 9 7 3 2 5 7 9 1 3 8 5 6 10 17 
5 1 2 3 7 8 4 9 6 7 6 9 1 4 2 8 3 5 8 4 3 5 9 6 1 7 2 7 2 8 6 3 9 5 4 1 4 9 5 7 1 5 3 6 8 3 6 1 2 8 4 9 2 7 9 3 5 4 6 8 2 1 3 1 8 4 9 2 7 7 5 6 6 2 7 1 5 3 8 9 4 14 18 
7 1 8 3 5 2 4 9 6 6 2 9 8 4 7 1 3 5 5 4 3 1 9 6 7 8 2 8 7 2 6 3 9 5 4 1 4 9 5 2 7 1 3 6 8 3 6 1 5 8 4 9 2 7 9 3 4 7 6 8 2 1 3 1 8 6 4 2 5 6 7 9 2 5 7 9 1 3 8 5 4 4 15 
7 1 9 3 5 2 4 8 6 6 2 8 7 4 1 9 3 5 5 4 3 8 9 6 1 7 2 7 2 8 6 3 9 5 4 1 4 9 5 1 7 5 3 6 8 3 6 1 2 8 4 7 2 9 9 3 4 4 6 8 2 1 7 1 8 5 9 2 7 6 9 3 2 6 7 5 1 3 8 5 4 11 17 
5 1 2 3 8 6 4 7 9 8 7 9 1 4 2 6 3 5 6 4 3 5 9 7 1 8 2 7 2 8 6 3 9 5 4 1 4 9 5 2 7 1 3 6 8 3 6 1 8 5 4 9 2 7 9 3 4 7 6 8 2 1 4 1 8 6 4 2 5 7 9 3 2 5 7 9 1 3 8 5 6 3 14 
8 5 9 3 1 2 4 7 6 2 1 6 7 4 8 9 3 5 7 4 3 5 9 6 1 8 2 2 7 8 6 3 9 5 4 1 4 9 5 2 7 1 3 6 8 3 6 1 8 5 4 9 2 7 9 3 5 7 6 8 2 1 4 1 8 4 4 2 9 7 5 3 6 2 7 1 5 3 8 9 6 11 17 
8 5 2 3 8 6 4 7 9 6 1 9 7 4 2 1 3 5 7 4 3 5 9 1 6 8 2 7 2 8 6 3 9 5 4 1 4 9 5 1 7 2 3 6 8 3 6 1 5 8 4 7 2 9 9 3 4 8 6 5 2 1 7 1 8 6 4 2 7 9 5 3 2 5 7 9 1 3 6 8 4 11 17 
6 5 2 3 8 1 4 7 9 8 1 9 2 4 7 6 3 5 7 4 3 5 9 6 1 8 2 2 7 8 6 3 9 5 4 1 4 9 5 1 7 2 3 6 8 3 6 1 8 5 4 9 2 7 9 3 4 7 6 8 2 1 3 1 8 6 9 2 5 7 5 4 5 2 7 4 1 3 8 9 6 3 14 
5 1 6 3 8 2 4 7 9 8 2 9 7 4 6 1 3 5 7 4 3 1 9 5 6 8 2 2 7 8 6 3 9 5 4 1 4 9 5 2 7 1 3 6 8 3 6 1 8 5 4 7 2 9 9 3 5 4 6 8 2 1 7 1 8 4 9 2 7 3 5 6 6 2 7 5 1 3 8 9 4 5 16 
6 1 2 3 7 5 4 8 9 8 7 9 2 4 1 6 3 5 5 4 3 8 9 6 1 7 2 7 2 8 6 3 9 5 4 1 4 9 5 2 1 7 3 6 8 3 6 1 5 8 4 9 2 7 9 3 4 7 6 8 2 1 4 1 8 6 4 2 9 7 5 3 2 5 7 1 5 3 8 9 6 5 16 
7 5 9 3 8 2 4 9 6 2 1 8 7 4 6 1 3 5 6 4 3 1 9 5 8 7 2 8 7 2 6 3 9 5 4 1 4 9 5 2 7 1 3 6 8 3 6 1 8 5 4 7 2 9 9 3 4 5 6 8 2 1 7 1 8 6 4 2 7 9 5 3 5 2 7 9 1 3 6 8 4 3 14 
5 1 8 3 7 1 4 9 6 6 2 9 2 4 8 7 3 5 7 4 3 5 9 6 1 8 2 8 7 2 6 3 9 5 4 1 4 9 5 7 1 2 3 6 8 3 6 1 5 8 4 7 2 9 9 3 4 7 6 8 2 1 4 1 8 6 4 2 5 6 7 3 5 2 7 9 1 3 8 5 9 15 17 
7 5 2 3 8 1 4 9 6 8 1 9 2 4 6 7 3 5 6 4 3 7 9 5 1 8 2 2 7 8 6 3 9 5 4 1 4 9 5 1 7 2 3 6 8 3 6 1 8 5 4 9 2 7 9 3 4 5 6 8 2 1 7 1 8 6 9 2 7 3 5 4 5 2 7 4 1 3 6 8 9 4 14 
5 2 9 3 8 7 4 9 6 7 1 8 2 4 6 1 3 5 6 4 3 5 9 1 8 7 2 8 7 2 6 3 9 5 4 1 4 9 5 1 7 2 3 6 8 3 6 1 8 5 4 9 2 7 9 3 4 7 6 8 2 1 4 1 8 6 9 2 5 7 5 3 2 5 7 4 1 3 6 8 9 5 16 
8 1 2 3 5 7 4 9 6 6 7 9 8 4 2 1 3 5 5 4 3 1 9 6 8 7 2 7 2 8 6 3 9 5 4 1 4 9 5 2 7 1 3 6 8 3 6 1 5 8 4 9 2 7 9 3 4 7 6 8 2 1 3 1 8 6 9 2 5 7 5 4 2 5 7 4 1 3 6 8 9 3 13 
7 2 8 3 1 5 4 9 6 6 1 9 8 4 2 7 3 5 5 4 3 7 9 6 1 8 2 8 7 2 6 3 9 5 4 1 4 9 5 2 7 1 3 6 8 3 6 1 5 8 4 9 2 7 9 3 4 4 6 8 2 1 7 1 8 6 9 2 7 6 5 3 2 5 7 1 5 3 8 9 4 6 16 
7 5 2 3 8 1 4 9 6 6 1 9 2 4 7 8 3 5 8 4 3 5 9 6 1 7 2 2 7 8 6 3 9 5 4 1 4 9 5 1 7 2 3 6 8 3 6 1 8 5 4 9 2 7 9 3 5 4 6 8 2 1 3 1 8 4 7 2 5 7 5 9 6 2 7 9 1 3 6 8 4 7 16 
2 1 6 3 8 5 4 7 9 8 7 9 2 4 6 1 3 5 5 4 3 1 9 7 6 8 2 7 2 8 6 3 9 5 4 1 4 9 5 1 7 2 3 6 8 3 6 1 8 5 4 9 2 7 9 3 5 7 6 8 2 1 3 1 8 4 4 2 5 7 9 6 6 2 7 9 1 3 8 5 4 7 16 
2 1 6 3 7 5 4 9 7 8 7 9 2 4 1 6 3 5 5 4 3 8 9 6 1 8 2 8 7 2 6 3 9 5 4 1 4 9 5 1 7 2 3 6 8 3 6 1 5 8 4 7 2 9 9 3 4 8 6 7 2 1 7 1 8 6 4 2 5 6 5 3 2 5 7 9 1 3 8 9 4 17 18 
8 1 2 3 5 7 4 9 6 7 6 9 1 4 2 8 3 5 5 4 3 8 9 6 1 7 2 2 7 8 6 3 9 5 4 1 4 9 5 2 7 1 3 6 8 3 6 1 5 8 4 7 2 9 9 3 5 4 6 8 2 1 7 1 8 4 7 2 5 9 5 3 6 2 7 9 1 3 6 8 4 5 15 
5 7 2 3 8 6 4 9 6 6 1 9 7 4 2 8 3 5 8 4 3 1 9 5 1 7 2 7 2 8 6 3 9 5 4 1 4 9 5 2 7 1 3 6 8 3 6 1 8 5 4 7 2 9 9 3 4 5 6 8 2 1 7 1 8 6 4 2 7 9 5 3 2 5 7 9 1 3 6 8 4 3 13 
8 1 2 3 5 8 4 9 6 7 6 9 2 4 6 1 3 5 5 4 3 7 9 1 7 8 2 7 2 8 6 3 9 5 4 1 4 9 5 1 7 2 3 6 8 3 6 1 5 8 4 7 2 9 9 3 4 8 6 5 2 1 7 1 8 6 9 2 7 3 5 4 2 5 7 4 1 3 8 9 6 10 16 
2 5 8 3 1 6 4 9 7 7 1 9 8 4 2 6 3 5 6 4 3 5 9 7 1 8 2 8 7 2 6 3 9 5 4 1 4 9 5 2 7 1 3 6 8 3 6 1 8 5 4 7 2 9 9 3 4 7 6 8 2 1 4 1 8 6 4 2 5 9 7 3 5 2 7 9 1 3 8 5 6 5 15 
5 2 8 3 7 5 4 7 9 6 1 9 2 4 1 1 3 5 7 4 3 8 9 6 6 8 2 7 2 8 6 3 8 5 4 1 4 9 5 2 7 1 3 6 8 3 6 1 9 5 4 9 2 7 9 3 4 8 6 7 2 1 3 1 8 6 5 2 9 7 5 4 2 5 7 4 1 3 8 9 6 19 18 
2 7 9 3 8 5 4 9 6 8 1 6 7 4 2 1 3 5 5 4 3 1 9 6 8 7 2 8 7 2 6 3 9 5 4 1 4 9 5 7 5 1 3 6 8 3 6 1 2 8 4 7 2 9 9 3 4 5 6 8 2 1 7 1 8 5 9 2 7 6 4 3 6 2 7 4 1 3 8 5 9 13 16 
7 1 8 3 5 2 4 9 6 6 2 9 7 4 8 1 3 5 5 4 3 1 9 6 7 8 2 8 7 2 6 3 9 5 4 1 4 9 5 2 7 1 3 6 8 3 6 1 5 8 4 9 2 7 9 3 5 8 6 7 2 1 4 1 8 4 9 2 5 6 7 3 2 6 7 4 1 3 8 5 9 3 12 
5 1 8 3 7 2 4 9 6 7 2 9 8 4 6 1 3 5 6 4 3 5 9 1 7 8 2 8 7 2 6 3 9 5 4 1 4 9 5 2 1 7 3 6 8 3 6 1 8 5 4 9 2 7 9 3 4 7 6 8 2 1 3 1 8 6 9 2 5 6 7 4 2 5 7 4 1 3 8 5 9 6 15 
7 1 2 3 8 5 4 9 6 8 6 9 2 4 1 7 3 5 5 4 3 7 9 6 1 8 2 2 7 8 6 3 9 5 4 1 4 9 5 1 7 2 3 6 8 3 6 1 8 5 4 9 2 7 9 3 4 5 6 8 2 1 3 1 8 5 4 2 7 6 7 9 6 2 7 9 1 3 8 5 4 5 14 
8 1 2 3 7 5 4 9 6 6 7 9 2 4 1 8 3 5 5 4 3 8 9 6 1 7 2 7 2 8 6 3 9 5 4 1 4 9 5 1 5 2 3 6 8 3 6 1 7 8 4 9 2 7 9 3 4 5 6 8 2 1 4 1 8 6 4 2 7 7 5 3 2 5 7 9 1 3 6 8 9 6 15 
7 2 8 3 5 1 4 9 6 6 1 9 2 4 7 8 3 5 5 4 3 8 9 6 1 7 2 8 7 2 6 3 9 5 4 1 4 9 5 1 7 2 3 6 8 3 6 1 5 8 4 9 2 7 9 3 4 7 6 8 2 1 4 1 8 6 9 2 5 7 5 3 2 5 7 4 1 3 6 8 9 3 12 
6 1 2 3 5 8 4 9 6 8 7 9 7 4 2 1 3 5 5 4 3 1 9 6 8 7 2 7 2 8 6 3 9 5 4 1 4 9 5 2 7 1 3 6 8 3 6 1 5 8 4 7 2 9 9 3 4 8 6 5 2 1 7 1 8 6 9 2 7 3 5 4 2 5 7 4 1 3 9 8 6 5 13 
5 1 8 3 7 2 4 9 6 7 2 9 1 4 6 8 3 5 6 4 3 8 9 5 1 7 2 8 7 2 6 3 9 5 4 1 4 9 5 2 5 1 3 6 8 3 6 1 7 8 4 7 2 9 9 3 4 5 6 8 2 1 7 1 8 6 4 2 7 9 5 3 2 5 7 9 1 3 6 8 4 3 12 
7 2 9 3 1 5 4 8 6 8 1 6 7 4 2 9 3 5 5 4 3 8 9 6 1 7 2 2 7 8 6 3 9 5 4 1 4 9 5 2 7 1 3 6 8 3 6 1 5 8 4 7 2 9 9 3 5 4 6 8 2 1 7 1 8 4 9 2 7 6 5 3 6 2 7 1 5 3 8 9 4 3 12 
8 1 2 3 5 7 4 9 6 7 6 9 8 4 2 1 3 5 5 4 3 1 9 6 7 8 2 2 7 8 6 3 9 5 4 1 4 9 5 2 7 1 3 6 8 3 6 1 5 8 4 9 2 7 9 3 5 7 6 8 2 1 4 1 8 4 9 2 5 6 7 3 6 2 7 4 1 3 8 5 9 3 12 
5 1 2 3 7 6 4 8 9 8 7 9 2 4 1 6 3 5 6 4 3 5 9 8 1 7 2 7 2 8 6 3 9 5 4 1 4 9 5 1 5 2 3 6 8 3 6 1 7 8 4 9 2 7 9 3 5 8 6 7 2 1 4 1 8 4 9 2 5 6 7 3 2 6 7 4 1 3 8 5 9 8 15 
5 1 9 3 8 2 4 7 6 7 2 8 1 4 6 9 3 5 6 4 3 7 9 5 1 8 2 8 7 2 6 3 9 5 4 1 4 9 5 2 7 1 3 6 8 3 6 1 8 5 4 7 2 9 9 3 4 5 6 8 2 1 7 1 8 6 9 2 7 6 5 3 2 5 7 4 1 3 8 9 4 3 11 
8 7 2 3 5 1 4 9 6 6 1 9 2 4 8 7 3 5 5 4 3 7 9 6 1 8 2 7 2 8 6 3 9 5 4 1 4 9 5 1 7 2 3 6 8 3 6 1 5 8 4 7 2 9 9 3 5 4 6 7 2 1 3 1 8 4 9 2 5 6 5 7 2 6 7 8 1 3 8 9 4 8 14 
2 5 8 3 1 7 4 9 6 7 1 9 2 4 6 7 3 5 6 4 3 8 9 5 1 8 2 8 7 2 6 3 9 5 4 1 4 9 5 2 7 1 3 6 8 3 6 1 5 8 4 9 2 7 9 3 4 7 6 8 2 1 3 1 8 6 9 2 5 6 7 4 5 2 7 4 1 3 8 5 9 9 14 

