MonoObjective Genetic Algorithm
Number of Evaluations = 0
Mutation Probability = 0.0100000000000000002
Crossover Probability = 0.5
Population Size = 100
Survival Selection Type = 16

Time =  300.04808300000002

Current Evaluation = 111200
Front Size = 100
7 1 8 3 5 2 4 9 6 6 2 9 7 4 8 1 3 5 5 4 3 1 9 6 8 7 2 8 7 2 6 3 9 5 4 1 4 9 5 2 7 1 3 6 8 3 6 1 5 8 4 7 2 9 9 3 4 8 6 5 2 1 7 1 8 6 4 2 7 9 5 3 2 5 7 9 1 3 6 8 4 1 19 
5 7 2 3 8 1 4 9 6 8 1 9 2 4 6 7 3 5 6 4 3 5 9 7 1 8 2 7 2 8 6 3 9 5 4 1 4 9 5 1 7 2 3 6 8 3 6 1 8 5 4 9 2 7 9 3 5 7 6 8 2 1 4 1 8 4 9 2 5 6 7 3 2 6 7 4 1 3 8 5 9 3 38 
6 1 2 3 5 8 4 7 9 8 7 9 1 4 2 6 3 5 5 4 3 7 9 6 1 8 2 7 2 8 6 3 9 5 4 1 4 9 5 2 7 1 3 6 8 3 6 1 5 8 4 9 2 7 9 3 4 8 6 7 2 1 3 1 8 6 9 2 5 7 5 4 2 5 7 4 1 3 8 9 6 3 28 
7 6 9 3 5 2 4 8 9 2 1 8 7 4 6 1 3 5 5 4 3 8 9 1 6 7 2 8 7 2 6 3 8 5 4 1 4 9 5 1 7 2 3 6 8 3 6 1 9 5 4 9 2 7 9 3 4 5 6 7 2 1 3 1 8 5 4 2 9 6 7 4 6 2 7 1 8 3 8 5 9 16 33 
5 1 6 3 7 2 4 8 9 7 2 9 8 4 6 1 3 5 8 4 3 1 9 5 6 7 2 2 7 8 6 3 9 5 4 1 4 9 5 2 1 7 3 6 8 3 6 1 5 8 4 9 2 7 9 3 5 7 6 8 2 1 3 1 8 4 4 2 5 7 9 6 6 2 7 9 1 3 8 5 4 7 30 
5 2 9 3 7 1 4 8 6 7 1 8 2 4 6 9 3 5 6 4 3 8 9 5 1 7 2 8 7 2 6 3 9 5 4 1 4 9 5 7 1 2 3 6 8 3 6 1 5 8 4 7 2 9 9 3 5 4 6 8 2 1 7 1 8 4 9 2 7 6 5 3 2 6 7 1 5 3 8 9 4 3 27 
6 5 9 3 7 5 4 9 7 7 1 2 2 4 8 6 3 5 8 4 3 1 9 6 1 8 2 7 2 8 6 8 2 5 4 1 4 9 5 7 3 1 3 6 8 3 6 1 9 5 4 7 2 9 9 3 5 8 6 7 2 1 3 1 8 4 4 2 9 7 5 6 2 6 7 5 1 3 9 8 4 18 31 
2 5 8 3 1 6 4 9 7 7 1 9 2 4 8 6 3 5 6 4 3 7 9 5 1 8 2 8 7 2 6 3 9 5 4 1 4 9 5 1 7 2 3 6 8 3 6 1 8 5 4 7 2 9 9 3 4 5 6 8 2 1 3 1 8 5 4 2 7 9 7 6 6 2 7 9 1 3 8 5 4 7 28 
5 1 2 3 8 7 4 9 6 8 7 9 2 4 6 1 3 5 6 4 3 5 9 1 8 7 2 7 2 8 6 3 9 5 4 1 4 9 5 1 7 2 3 6 8 3 6 1 8 5 4 7 2 9 9 3 4 7 6 8 2 1 3 1 8 6 4 2 5 9 5 7 2 5 7 9 1 3 6 8 4 3 21 
2 5 9 3 1 8 4 7 6 6 1 8 7 4 2 9 3 5 7 4 3 5 9 6 1 8 2 8 7 2 6 3 9 5 4 1 4 9 5 2 7 1 3 6 8 3 6 1 8 5 4 7 2 9 9 3 4 4 6 5 2 1 7 1 8 6 9 2 7 6 5 3 5 2 7 1 8 3 8 9 4 4 23 
6 2 5 3 7 1 4 7 9 8 1 9 2 4 6 6 3 5 7 4 3 5 9 8 1 8 2 8 7 2 6 3 2 5 4 1 4 9 5 1 5 7 3 6 8 3 6 1 9 8 4 9 2 7 9 3 4 5 6 7 2 1 4 1 8 6 4 2 9 7 5 3 5 2 7 8 1 3 8 9 6 14 26 
2 5 9 3 8 6 4 9 7 8 1 6 2 4 7 1 3 5 7 4 3 1 9 5 6 8 2 8 7 2 6 3 2 5 4 1 4 9 5 1 5 7 3 6 8 3 6 1 9 8 4 9 2 7 9 3 5 4 6 8 2 1 4 1 8 4 7 2 9 3 7 6 2 6 7 5 1 3 8 5 9 18 26 
6 1 5 3 5 8 4 8 9 2 7 9 1 4 2 1 3 5 8 4 3 7 9 6 6 7 2 2 7 8 6 3 9 5 4 1 4 9 5 2 1 5 3 6 8 3 6 1 8 7 4 9 2 7 9 3 4 5 6 7 2 1 7 1 8 6 4 2 9 9 5 3 5 2 7 1 8 3 6 8 4 21 26 
8 7 6 3 5 6 4 9 6 2 1 9 7 4 2 1 3 5 5 4 3 8 9 1 8 7 2 7 2 8 6 3 9 5 4 1 4 9 5 1 7 5 3 6 8 3 6 1 2 8 4 7 2 9 9 3 5 8 6 5 2 1 3 1 8 4 4 2 7 7 5 4 6 2 7 9 1 3 8 9 6 25 25 
8 5 2 3 7 1 4 9 6 7 1 9 2 4 6 8 3 5 6 4 3 5 9 8 1 7 2 2 7 8 6 3 9 5 4 1 4 9 5 7 1 2 3 6 8 3 6 1 8 5 4 7 2 9 9 3 4 4 6 5 2 1 7 1 8 6 9 2 7 9 5 3 5 2 7 1 8 3 6 8 4 4 21 
5 1 9 3 7 2 4 8 6 8 7 2 1 4 6 9 3 5 6 4 3 5 9 8 1 7 2 7 2 8 6 3 9 5 4 1 4 9 5 2 5 1 3 6 8 3 6 1 7 8 4 7 2 9 9 3 4 8 6 5 2 1 7 1 8 5 4 2 7 6 9 3 2 6 7 9 1 3 8 5 4 5 24 
7 5 2 3 1 6 4 8 9 8 1 9 7 4 2 6 3 5 6 4 3 5 9 8 1 7 2 2 7 8 6 3 9 5 4 1 4 9 5 2 7 1 3 6 8 3 6 1 8 5 4 9 2 7 9 3 5 4 6 7 2 1 3 1 8 4 9 2 5 7 9 6 6 2 7 1 8 3 8 5 4 6 23 
2 1 8 3 7 5 4 9 6 7 6 9 2 4 1 8 3 5 5 4 3 8 9 6 1 7 2 8 7 2 6 3 9 5 4 1 4 9 5 1 7 2 3 6 8 3 6 1 8 5 4 9 2 7 9 3 5 5 6 8 2 1 4 1 8 4 9 2 7 7 5 3 6 2 7 4 1 3 6 8 9 8 24 
7 1 2 3 5 8 4 9 6 8 6 9 7 4 2 1 3 5 5 4 3 1 9 6 7 8 2 2 7 8 6 3 9 5 4 1 4 9 5 2 7 1 3 6 8 3 6 1 5 8 4 9 2 7 9 3 5 8 6 7 2 1 4 1 8 4 9 2 5 6 7 3 6 2 7 4 1 3 8 5 9 3 20 
6 1 8 3 1 5 4 9 7 7 2 9 2 4 6 1 3 5 5 4 3 8 9 7 6 8 2 8 7 2 6 8 9 5 2 1 4 9 5 1 3 7 3 6 8 3 6 1 2 5 4 9 7 4 9 3 5 7 6 8 2 1 3 1 8 4 4 2 9 9 4 7 6 2 7 5 1 3 8 5 6 124 26 
7 2 8 3 5 6 4 7 9 6 1 9 2 4 8 1 3 5 5 4 3 7 9 1 6 8 2 8 7 2 6 3 9 5 4 1 4 9 5 1 7 2 3 6 8 3 6 1 5 8 4 9 2 7 9 3 5 4 6 5 2 1 7 1 8 4 9 2 7 3 5 6 2 6 7 8 1 3 8 9 4 9 24 
7 1 5 3 8 1 4 7 6 8 2 9 2 4 6 9 3 5 6 4 3 5 9 7 1 8 2 8 7 2 6 3 9 5 2 1 4 9 5 5 1 7 3 6 8 3 6 1 2 8 4 7 9 4 9 3 5 5 6 7 2 1 7 1 8 4 4 2 9 6 4 3 2 6 7 8 1 3 8 5 9 129 25 
2 1 6 3 8 5 4 7 9 8 7 9 2 4 6 1 3 5 5 4 3 7 9 1 6 8 2 7 2 8 6 3 9 5 4 1 4 9 5 1 7 2 3 6 8 3 6 1 8 5 4 9 2 7 9 3 4 5 6 8 2 1 7 1 8 5 4 2 7 3 9 6 6 2 7 9 1 3 8 5 4 5 21 
2 1 9 3 5 8 4 7 6 7 6 8 2 4 1 9 3 5 5 4 3 7 9 6 1 8 2 8 7 2 6 3 9 5 4 1 4 9 5 1 7 2 3 6 8 3 6 1 5 8 4 7 2 9 9 3 4 8 6 5 2 1 7 1 8 5 4 2 7 6 9 3 6 2 7 9 1 3 8 5 4 3 20 
5 2 9 3 7 1 4 7 6 8 1 6 2 4 8 9 3 5 7 4 3 5 9 6 1 8 2 2 7 8 6 3 9 5 4 1 4 9 5 2 1 7 3 6 8 3 6 1 5 8 4 7 2 9 9 3 4 8 6 7 2 1 3 1 8 6 9 2 5 6 5 7 2 5 7 4 1 3 9 8 4 15 24 
8 2 6 3 7 5 4 8 9 7 1 9 2 4 1 6 3 5 5 4 3 8 9 6 1 7 2 7 2 8 6 3 8 5 4 1 4 9 5 1 7 2 3 6 8 3 6 1 9 5 4 7 2 9 9 3 4 5 6 7 2 1 4 1 8 6 4 2 9 9 7 3 2 5 7 1 8 3 8 5 6 16 24 
6 5 2 3 7 1 4 8 9 7 1 9 2 4 8 6 3 5 8 4 3 5 9 6 1 7 2 2 7 8 6 3 9 5 4 1 4 9 5 1 7 2 3 6 8 3 6 1 8 5 4 9 2 7 9 3 4 7 6 8 2 1 3 1 8 6 9 2 5 7 5 4 5 2 7 4 1 3 8 9 6 5 21 
7 1 9 3 5 2 4 8 6 6 2 8 1 4 7 9 3 5 5 4 3 8 9 6 1 7 2 8 7 2 6 3 9 5 4 1 4 9 5 2 7 1 3 6 8 3 6 1 5 8 4 7 2 9 9 3 5 4 6 8 2 1 7 1 8 4 7 2 5 6 9 3 2 6 7 9 1 3 8 5 4 3 19 
6 2 8 3 5 1 4 7 9 7 1 9 2 4 8 6 3 5 5 4 3 7 9 6 1 8 2 8 7 2 6 3 9 5 4 1 4 9 5 1 7 2 3 6 8 3 6 1 5 8 4 9 2 7 9 3 4 8 6 7 2 1 4 1 8 6 4 2 5 7 9 3 2 5 7 9 1 3 8 5 6 3 18 
8 5 2 3 1 7 4 9 6 6 1 9 8 4 2 1 3 5 7 4 3 5 9 6 8 7 2 2 7 8 6 3 9 5 4 1 4 9 5 2 7 1 3 6 8 3 6 1 5 8 4 9 2 7 9 3 4 7 6 8 2 1 4 1 8 6 4 2 9 7 5 3 5 2 7 1 5 3 6 8 9 7 23 
8 7 2 3 5 1 4 7 6 6 1 9 2 4 8 9 3 5 5 4 3 7 9 6 1 8 2 7 2 8 6 3 2 5 4 1 4 9 5 1 7 5 3 6 8 3 6 1 9 8 4 7 2 9 9 3 4 8 6 7 2 1 7 1 8 6 4 2 9 6 5 3 2 5 7 5 1 3 8 9 4 9 21 
8 1 2 3 7 5 4 9 6 6 7 9 2 4 1 8 3 5 5 4 3 8 9 6 1 7 2 7 2 8 6 3 9 5 4 1 4 9 5 7 1 2 3 6 8 3 6 1 5 8 4 7 2 9 9 3 4 4 6 8 2 1 7 1 8 6 9 2 7 6 5 3 2 5 7 1 5 3 9 8 4 4 18 
2 5 9 3 7 8 4 7 9 7 1 8 2 4 6 1 3 5 6 4 3 1 9 5 6 8 2 8 7 2 6 3 9 5 4 1 4 9 5 1 5 2 3 6 8 3 6 1 7 8 4 7 2 9 9 3 4 5 6 8 2 1 7 1 8 6 9 2 7 3 5 4 5 2 7 4 1 3 8 9 6 11 22 
5 7 2 3 8 1 4 8 9 6 1 9 7 4 2 6 3 5 8 4 3 5 9 6 1 7 2 7 2 8 6 3 9 5 4 1 4 9 5 2 1 5 3 6 8 3 6 1 8 7 4 9 2 7 9 3 5 4 6 8 2 1 4 1 8 4 9 2 7 7 5 3 2 6 7 1 5 3 8 9 6 10 21 
7 5 9 3 8 2 4 9 6 8 1 2 7 4 6 1 3 5 6 4 3 1 9 5 8 7 2 2 7 8 6 3 9 5 4 1 4 9 5 2 7 1 3 6 8 3 6 1 8 5 4 7 2 9 9 3 4 5 6 8 2 1 7 1 8 6 4 2 7 9 5 3 5 2 7 9 1 3 6 8 4 3 17 
5 1 2 3 8 6 4 7 9 8 7 9 1 4 2 6 3 5 6 4 3 5 9 7 1 8 2 7 2 8 6 3 9 5 4 1 4 9 5 2 7 1 3 6 8 3 6 1 8 5 4 7 2 9 9 3 5 4 6 8 2 1 7 1 8 4 7 2 5 3 9 6 2 6 7 9 1 3 8 5 4 5 20 
2 7 9 3 5 1 4 8 6 6 1 8 2 4 7 9 3 5 5 4 3 8 9 6 1 7 2 7 2 8 6 3 9 5 4 1 4 9 5 7 1 2 3 6 8 3 6 1 5 8 4 9 2 7 9 3 4 4 6 7 2 1 3 1 8 6 9 2 5 7 5 4 5 2 7 1 8 3 8 9 6 12 21 
2 5 9 3 8 1 4 9 6 8 1 6 2 4 7 1 3 5 7 4 3 5 9 6 8 7 2 8 7 2 6 3 9 5 4 1 4 9 5 1 7 2 3 6 8 3 6 1 8 5 4 7 2 9 9 3 5 4 6 8 2 1 7 1 8 4 9 2 7 6 5 3 6 2 7 5 1 3 9 8 4 8 20 
5 1 8 3 7 6 4 9 6 2 7 9 1 4 2 8 3 5 6 4 3 5 9 8 1 7 2 8 7 2 6 3 9 5 4 1 4 9 5 7 5 1 3 6 8 3 6 1 2 8 4 7 2 9 9 3 4 8 6 7 2 1 7 1 8 6 4 2 5 3 5 4 5 2 7 9 1 3 9 8 6 13 23 
6 1 2 3 5 8 4 7 6 8 7 9 2 4 6 9 3 5 5 4 3 7 9 1 1 8 2 8 7 2 6 3 9 5 4 1 4 9 5 5 1 2 3 6 8 3 6 1 8 7 4 7 2 9 9 3 5 4 6 7 2 1 3 1 8 4 9 2 5 6 9 7 2 6 7 1 8 3 8 5 4 14 23 
6 1 8 3 5 2 4 7 9 7 2 9 8 4 6 1 3 5 5 4 3 1 9 7 6 8 2 8 7 2 6 3 9 5 4 1 4 9 5 2 7 1 3 6 8 3 6 1 5 8 4 9 2 7 9 3 4 7 6 8 2 1 4 1 8 6 9 2 5 7 5 3 2 5 7 4 1 3 8 9 6 3 17 
8 1 2 3 7 5 4 9 6 6 7 9 2 4 8 1 3 5 5 4 3 1 9 6 8 7 2 2 7 8 6 3 9 5 4 1 4 9 5 2 7 1 3 6 8 3 6 1 8 5 4 7 2 9 9 3 5 7 6 8 2 1 3 1 8 4 9 2 5 6 5 7 6 2 7 4 1 3 9 8 4 11 20 
8 1 6 3 1 2 4 9 7 2 7 9 8 4 6 6 3 5 5 4 3 7 9 5 1 8 2 7 2 8 6 3 9 5 4 1 4 9 5 2 7 1 3 6 8 3 6 1 5 8 4 7 2 9 9 3 4 7 6 8 2 1 3 1 8 5 4 2 9 9 7 6 6 2 7 1 5 3 8 5 4 11 20 
6 7 9 3 5 2 4 8 9 8 1 2 7 4 6 1 3 5 5 4 3 1 9 8 6 7 2 7 2 8 6 3 9 5 4 1 4 9 5 2 7 1 3 6 8 3 6 1 5 8 4 7 2 9 9 3 4 8 6 5 2 1 7 1 8 6 9 2 7 3 5 4 2 5 7 4 1 3 8 9 6 5 19 
5 1 2 3 7 8 4 9 6 6 7 9 1 4 2 8 3 5 8 4 3 5 9 6 1 7 2 7 2 8 6 3 9 5 4 1 4 9 5 7 5 1 3 6 8 3 6 1 2 8 4 7 2 9 9 3 4 8 6 5 2 1 7 1 8 6 4 2 7 9 5 3 2 5 7 9 1 3 6 8 4 3 16 
6 5 2 3 8 1 4 9 7 8 1 9 2 4 7 6 3 5 7 4 3 5 9 6 1 8 2 2 7 8 6 3 9 5 4 1 4 9 5 1 7 2 3 6 8 3 6 1 8 5 4 7 2 9 9 3 4 7 6 8 2 1 4 1 8 6 4 2 5 9 7 3 5 2 7 9 1 3 8 5 6 3 16 
5 1 8 3 7 2 4 9 6 7 2 9 1 4 6 8 3 5 6 4 3 8 9 5 1 7 2 8 7 2 6 3 9 5 4 1 4 9 5 2 1 7 3 6 8 3 6 1 8 5 4 7 2 9 9 3 4 5 6 8 2 1 7 1 8 6 4 2 7 9 5 3 2 5 7 9 1 3 6 8 4 4 16 
5 1 8 3 7 2 4 9 6 7 2 9 8 4 6 1 3 5 6 4 3 5 9 1 8 7 2 8 7 2 6 3 9 5 4 1 4 9 5 2 1 7 3 6 8 3 6 1 5 8 4 7 2 9 9 3 5 4 6 8 2 1 3 1 8 4 7 2 9 6 5 7 2 6 7 1 5 3 9 8 4 7 19 
8 1 2 3 5 6 4 7 9 6 7 9 2 4 8 1 3 5 5 4 3 7 9 1 6 8 2 7 2 8 6 3 9 5 4 1 4 9 5 1 7 2 3 6 8 3 6 1 5 8 4 7 2 9 9 3 4 8 6 5 2 1 7 1 8 6 9 2 7 3 5 4 2 5 7 4 1 3 8 9 6 3 15 
2 1 8 3 5 6 4 9 7 7 6 9 8 4 2 1 3 5 5 4 3 7 9 1 6 8 2 8 7 2 6 3 9 5 4 1 4 9 5 2 7 1 3 6 8 3 6 1 8 5 4 7 2 9 9 3 5 4 6 7 2 1 3 1 8 4 9 2 5 9 7 6 6 2 7 1 8 3 8 5 4 9 19 
6 1 2 3 5 8 4 9 6 8 7 9 2 4 6 1 3 5 5 4 3 7 9 1 8 7 2 7 2 8 6 3 2 5 4 1 4 9 5 1 7 5 3 6 8 3 6 1 9 8 4 7 2 9 9 3 5 4 6 7 2 1 3 1 8 4 5 2 9 6 5 7 2 6 7 8 1 3 9 8 4 11 19 
5 1 2 3 8 6 4 7 9 8 7 9 2 4 1 6 3 5 6 4 3 5 9 7 1 8 2 7 2 8 6 3 9 5 4 1 4 9 5 1 7 2 3 6 8 3 6 1 8 5 4 9 2 7 9 3 4 7 6 8 2 1 4 1 8 6 4 2 5 7 9 3 2 5 7 9 1 3 8 5 6 3 15 
5 1 2 3 8 7 4 9 6 6 7 9 2 4 1 8 3 5 8 4 3 5 9 6 1 7 2 7 2 8 6 3 9 5 4 1 4 9 5 1 7 2 3 6 8 3 6 1 8 5 4 9 2 7 9 3 4 7 6 8 2 1 4 1 8 6 9 2 5 7 5 3 2 5 7 4 1 3 6 8 9 3 14 
2 5 8 3 1 6 4 7 9 7 1 9 8 4 2 6 3 5 6 4 3 7 9 5 1 8 2 8 7 2 6 3 9 5 4 1 4 9 5 2 7 1 3 6 8 3 6 1 5 8 4 9 2 7 9 3 5 4 6 8 2 1 3 1 8 4 9 2 7 7 5 6 6 2 7 1 5 3 8 9 4 5 17 
2 7 8 3 1 5 4 9 6 6 1 9 8 4 2 7 3 5 5 4 3 7 9 6 1 8 2 7 2 8 6 3 9 5 4 1 4 9 5 2 7 1 3 6 8 3 6 1 8 5 4 7 2 9 9 3 4 7 6 5 2 1 3 1 8 6 4 2 9 9 5 7 2 5 7 1 8 3 8 4 6 13 21 
7 2 8 3 7 1 4 9 6 6 1 9 2 4 6 8 3 5 5 4 3 8 9 5 1 7 2 8 7 2 6 3 2 5 4 1 4 9 5 1 5 7 3 6 8 3 6 1 9 8 4 9 2 7 9 3 5 4 6 8 2 1 3 1 8 4 7 2 9 7 5 4 2 6 7 5 1 3 6 8 9 13 20 
2 5 8 3 7 1 4 9 6 6 1 9 2 4 8 7 3 5 7 4 3 5 9 6 1 8 2 8 7 2 6 3 9 5 4 1 4 9 5 7 1 2 3 6 8 3 6 1 8 5 4 9 2 7 9 3 4 8 6 7 2 1 3 1 8 6 9 2 5 6 7 4 5 2 7 4 1 3 8 5 9 6 18 
7 2 8 3 5 1 4 9 6 6 1 9 7 4 2 8 3 5 5 4 3 8 9 6 1 7 2 8 7 2 6 3 9 5 4 1 4 9 5 1 7 5 3 6 8 3 6 1 2 8 4 7 2 9 9 3 4 5 6 8 2 1 7 1 8 6 9 2 7 3 5 4 2 5 7 4 1 3 6 8 9 5 17 
2 5 8 3 5 7 4 7 9 6 1 9 2 4 1 1 3 5 7 4 3 8 9 6 6 8 2 7 2 8 6 3 9 5 4 1 4 9 5 1 7 2 3 6 8 3 6 1 5 8 4 9 2 7 9 3 4 7 6 8 2 1 3 1 8 6 4 2 5 9 5 7 5 2 7 9 1 3 6 8 4 17 20 
2 1 9 3 8 5 4 7 6 7 6 8 1 4 2 9 3 5 5 4 3 7 9 6 1 8 2 8 7 2 6 3 9 5 4 1 4 9 5 2 7 1 3 6 8 3 6 1 8 5 4 7 2 9 9 3 5 4 6 8 2 1 7 1 8 4 9 2 7 6 5 3 6 2 7 5 1 3 8 9 4 3 14 
2 1 5 3 5 7 4 8 9 7 6 9 2 4 1 1 3 5 8 4 3 8 9 6 6 7 2 8 7 2 6 3 9 5 4 1 4 9 5 1 5 2 3 6 8 3 6 1 7 8 4 7 2 9 9 3 4 8 6 5 2 1 4 1 8 6 9 2 7 7 9 3 2 5 7 4 1 3 8 5 6 20 20 
5 2 8 3 7 8 4 9 6 7 1 9 2 4 6 1 3 5 6 4 3 1 9 5 7 8 2 8 7 2 6 3 9 5 4 1 4 9 5 7 1 2 3 6 8 3 6 1 5 8 4 9 2 7 9 3 4 8 6 7 2 1 3 1 8 6 4 2 5 6 7 9 2 5 7 9 1 3 8 5 4 8 18 
7 1 8 3 5 2 4 9 6 6 2 9 1 4 8 7 3 5 5 4 3 7 9 6 1 8 2 8 7 2 6 3 9 5 4 1 4 9 5 2 7 1 3 6 8 3 6 1 5 8 4 9 2 7 9 3 5 8 6 7 2 1 4 1 8 4 9 2 5 6 7 3 2 6 7 4 1 3 8 5 9 3 13 
6 7 5 3 8 2 4 8 9 2 1 9 1 4 7 6 3 5 8 4 3 5 9 6 1 7 2 8 7 2 6 3 9 5 4 1 4 9 5 2 7 1 3 6 8 3 6 1 8 5 4 7 2 9 9 3 4 8 6 5 2 1 7 1 8 6 4 2 7 3 5 4 5 2 7 9 1 3 9 8 6 13 18 
6 1 2 3 8 5 4 7 9 8 7 9 2 4 1 6 3 5 5 4 3 7 9 6 1 8 2 7 2 8 6 3 9 5 4 1 4 9 5 1 7 2 3 6 8 3 6 1 8 5 4 9 2 7 9 3 4 5 6 8 2 1 7 1 8 6 9 2 7 3 5 4 2 5 7 4 1 3 8 9 6 3 13 
5 7 2 3 8 1 4 9 6 6 1 9 2 4 6 8 3 5 8 4 3 7 9 5 1 7 2 7 2 8 6 3 9 5 4 1 4 9 5 1 7 2 3 6 8 3 6 1 8 5 4 7 2 9 9 3 4 5 6 8 2 1 7 1 8 6 4 2 7 9 5 3 2 5 7 9 1 3 6 8 4 3 13 
7 1 8 3 5 2 4 9 6 2 6 9 7 4 1 8 3 5 5 4 3 8 9 6 1 7 2 8 7 2 6 3 9 5 4 1 4 9 5 2 7 1 3 6 8 3 6 1 5 8 4 7 2 9 9 3 5 4 6 8 2 1 7 1 8 4 9 2 7 6 5 3 6 2 7 1 5 3 9 8 4 5 17 
8 1 6 3 7 8 4 9 7 2 7 9 2 4 1 6 3 5 5 4 3 5 9 6 1 8 2 7 2 8 6 3 9 5 4 1 4 9 5 7 1 2 3 6 8 3 6 1 8 5 4 7 2 9 9 3 4 8 6 5 2 1 3 1 8 5 4 2 7 9 7 4 6 2 7 9 1 3 8 5 6 13 18 
8 1 9 3 5 2 4 7 6 6 7 2 8 4 1 9 3 5 5 4 3 7 9 6 1 8 2 7 2 8 6 3 9 5 4 1 4 9 5 1 7 2 3 6 8 3 6 1 5 8 4 7 2 9 9 3 4 8 6 5 2 1 7 1 8 6 4 2 7 9 5 3 2 5 7 9 1 3 6 8 4 5 16 
5 7 9 3 1 2 4 8 6 8 1 2 7 4 6 9 3 5 6 4 3 8 9 5 1 7 2 7 2 8 6 3 9 5 4 1 4 9 5 2 7 1 3 6 8 3 6 1 5 8 4 7 2 9 9 3 5 4 6 8 2 1 7 1 8 4 9 2 7 6 5 3 2 6 7 1 5 3 8 9 4 3 12 
2 5 9 3 8 7 4 9 6 6 1 8 1 4 2 7 3 5 7 4 3 5 9 6 1 8 2 8 7 2 6 3 9 5 4 1 4 9 5 2 7 1 3 6 8 3 6 1 8 5 4 9 2 7 9 3 5 7 6 8 2 1 4 1 8 4 9 2 5 6 7 3 6 2 7 4 1 3 8 5 9 5 16 
8 1 2 3 7 2 4 9 6 6 7 9 8 4 6 8 3 5 5 4 3 5 9 1 1 7 2 7 2 8 6 3 9 5 4 1 4 9 5 7 1 5 3 6 8 3 6 1 2 8 4 9 2 7 9 3 5 8 6 7 2 1 7 1 8 4 4 2 5 3 5 6 6 2 7 9 1 3 9 8 4 22 19 
2 5 8 3 5 6 4 7 9 6 1 9 7 4 2 1 3 5 7 4 3 1 9 8 6 8 2 8 7 2 6 3 9 5 4 1 4 9 5 2 7 1 3 6 8 3 6 1 5 8 4 9 2 7 9 3 4 8 6 5 2 1 7 1 8 6 9 2 7 3 5 4 5 2 7 4 1 3 8 9 6 6 17 
6 1 2 3 5 7 4 8 9 8 7 9 1 4 2 6 3 5 5 4 3 8 9 6 1 7 2 7 2 8 6 3 9 5 4 1 4 9 5 2 7 1 3 6 8 3 6 1 5 8 4 9 2 7 9 3 4 7 6 8 2 1 4 1 8 6 4 2 5 7 9 3 2 5 7 9 1 3 8 5 6 3 12 
2 1 9 3 8 2 4 7 9 7 6 8 1 4 6 6 3 5 5 4 3 5 9 7 1 8 2 7 2 8 6 3 9 5 4 1 4 9 5 1 7 2 3 6 8 3 6 1 5 8 4 9 2 7 9 3 4 7 6 8 2 1 7 1 8 6 9 2 5 6 9 3 5 2 7 4 1 3 8 5 4 23 18 
6 1 9 3 5 8 4 9 7 7 2 8 2 4 6 1 3 5 5 4 3 7 9 1 6 8 2 8 7 2 6 3 9 5 4 1 4 9 5 1 7 2 3 6 8 3 6 1 5 8 4 7 2 9 9 3 4 8 6 7 2 1 3 1 8 6 4 2 5 9 7 6 2 5 7 9 1 3 8 5 4 6 17 
7 2 9 3 5 1 4 8 6 8 1 6 2 4 7 9 3 5 5 4 3 8 9 6 1 7 2 2 7 8 6 3 9 5 4 1 4 9 5 1 7 2 3 6 8 3 6 1 5 8 4 7 2 9 9 3 5 4 6 8 2 1 7 1 8 4 7 2 5 6 9 3 6 2 7 9 1 3 8 5 4 3 12 
8 5 2 3 8 6 4 7 9 6 1 9 7 4 2 1 3 5 7 4 3 1 9 5 6 8 2 7 2 8 6 3 9 5 4 1 4 9 5 2 7 1 3 6 8 3 6 1 8 5 4 9 2 7 9 3 4 5 6 8 2 1 3 1 8 5 4 2 7 7 9 6 2 6 7 9 1 3 8 5 4 8 17 
8 1 2 3 7 5 4 9 6 6 7 9 2 4 8 1 3 5 5 4 3 1 9 6 8 7 2 7 2 8 6 3 9 5 4 1 4 9 5 7 1 2 3 6 8 3 6 1 8 5 4 9 2 7 9 3 4 5 6 7 2 1 4 1 8 6 4 2 9 7 5 3 2 5 7 1 8 3 6 8 9 5 16 
7 1 9 3 5 2 4 8 6 6 2 8 1 4 7 9 3 5 5 4 3 8 9 6 1 7 2 8 7 2 6 3 9 5 4 1 4 9 5 2 7 1 3 6 8 3 6 1 5 8 4 9 2 7 9 3 4 8 6 7 2 1 3 1 8 6 9 2 5 7 5 4 2 5 7 4 1 3 6 8 9 7 16 
8 1 2 3 5 7 4 9 6 6 7 9 8 4 2 1 3 5 5 4 3 1 9 6 8 7 2 7 2 8 6 3 9 5 4 1 4 9 5 2 7 1 3 6 8 3 6 1 5 8 4 7 2 9 9 3 4 5 6 8 2 1 7 1 8 6 4 2 7 9 5 3 2 5 7 9 1 3 6 8 4 3 11 
8 7 2 3 5 1 4 9 6 6 1 9 2 4 8 7 3 5 5 4 3 7 9 6 1 8 2 7 2 8 6 3 9 5 4 1 4 9 5 1 7 2 3 6 8 3 6 1 5 8 4 9 2 7 9 3 5 8 6 7 2 1 4 1 8 4 9 2 5 6 7 3 2 6 7 4 1 3 8 5 9 3 11 
5 1 2 3 8 7 4 9 6 7 6 9 2 4 1 8 3 5 8 4 3 5 9 6 1 7 2 2 7 8 6 3 9 5 4 1 4 9 5 1 7 2 3 6 8 3 6 1 8 5 4 7 2 9 9 3 5 4 6 8 2 1 7 1 8 4 7 2 9 6 5 3 6 2 7 5 1 3 9 8 4 5 15 
5 1 2 3 7 6 4 8 9 8 7 9 1 4 2 6 3 5 6 4 3 5 9 8 1 7 2 7 2 8 6 3 9 5 4 1 4 9 5 7 5 1 3 6 8 3 6 1 2 8 4 9 2 7 9 3 4 8 6 5 2 1 7 1 8 6 9 2 7 3 5 4 2 5 7 4 1 3 8 9 6 5 15 
6 5 2 3 1 7 4 8 9 7 1 9 8 4 2 6 3 5 8 4 3 5 9 6 1 7 2 2 7 8 6 3 8 5 4 1 4 9 5 2 7 1 3 6 8 3 6 1 9 5 4 9 2 7 9 3 4 7 6 5 2 1 4 1 8 6 4 2 9 7 5 3 5 2 7 1 8 3 8 9 6 5 15 
8 6 2 3 5 1 4 7 9 7 1 9 2 4 8 6 3 5 5 4 3 7 9 6 1 8 2 2 7 8 6 7 9 5 4 1 4 9 5 1 3 2 3 6 8 3 6 1 5 8 4 9 2 7 9 3 4 8 6 5 2 1 7 1 8 5 4 2 7 3 9 6 6 2 7 9 1 3 8 5 4 7 16 
2 5 9 3 5 7 4 7 6 6 1 8 2 4 1 9 3 5 7 4 3 8 9 6 1 8 2 8 7 2 6 3 9 5 4 1 4 9 5 1 7 2 3 6 8 3 6 1 5 8 4 9 2 7 9 3 4 4 6 5 2 1 4 1 8 6 9 2 7 7 9 3 2 5 7 1 8 3 8 5 6 19 17 
8 1 9 3 5 2 4 7 6 6 7 2 1 4 8 9 3 5 5 4 3 7 9 6 1 8 2 7 2 8 6 3 9 5 4 1 4 9 5 2 7 1 3 6 8 3 6 1 5 8 4 9 2 7 9 3 5 4 6 7 2 1 3 1 8 4 9 2 5 6 5 7 2 6 7 8 1 3 8 9 4 8 16 
7 5 9 3 1 2 4 8 6 6 1 2 8 4 7 9 3 5 8 4 3 5 9 6 1 7 2 2 7 8 6 3 9 5 4 1 4 9 5 2 7 1 3 6 8 3 6 1 8 5 4 7 2 9 9 3 5 4 6 8 2 1 7 1 8 4 7 2 5 9 5 3 6 2 7 9 1 3 6 8 4 9 16 
7 5 2 3 8 5 4 9 6 6 1 9 7 4 2 8 3 5 8 4 3 1 9 6 1 7 2 2 7 8 6 3 9 5 4 1 4 9 5 2 7 1 3 6 8 3 6 1 8 5 4 9 2 7 9 3 4 5 6 8 2 1 4 1 8 6 9 2 7 7 5 3 5 2 7 4 1 3 6 8 9 5 15 
7 2 8 3 1 5 4 9 6 6 1 9 7 4 2 8 3 5 5 4 3 8 9 6 1 7 2 8 7 2 6 3 9 5 4 1 4 9 5 2 7 1 3 6 8 3 6 1 5 8 4 9 2 7 9 3 4 8 6 7 2 1 4 1 8 6 4 2 9 7 5 3 2 5 7 1 5 3 6 8 9 5 15 
5 1 2 3 8 6 4 7 9 8 7 9 1 4 2 6 3 5 6 4 3 7 9 5 1 8 2 7 2 8 6 3 9 5 4 1 4 9 5 2 7 1 3 6 8 3 6 1 8 5 4 9 2 7 9 3 4 5 6 8 2 1 4 1 8 6 9 2 7 7 5 3 2 5 7 4 1 3 8 9 6 3 11 
7 5 9 3 1 2 4 8 6 2 1 8 7 4 6 9 3 5 6 4 3 5 9 8 1 7 2 8 7 2 6 3 9 5 4 1 4 9 5 2 7 1 3 6 8 3 6 1 5 8 4 7 2 9 9 3 4 8 6 5 2 1 7 1 8 6 4 2 7 6 9 3 5 2 7 9 1 3 8 5 4 5 15 
2 1 6 3 8 5 4 9 7 8 7 9 2 4 1 6 3 5 5 4 3 7 9 6 1 8 2 7 2 8 6 3 9 5 4 1 4 9 5 1 7 2 3 6 8 3 6 1 5 8 4 7 2 9 9 3 5 8 6 7 2 1 3 1 8 4 4 2 5 9 7 6 6 2 7 9 1 3 8 5 4 7 15 
5 2 9 3 7 1 4 8 6 7 1 8 2 4 6 9 3 5 6 4 3 8 9 5 1 7 2 7 2 8 6 3 9 5 4 1 4 9 5 1 7 2 3 6 8 3 6 1 5 8 4 7 2 9 9 3 4 8 6 7 2 1 4 1 8 6 9 2 5 7 5 3 2 5 7 4 1 3 8 9 6 11 16 
5 1 2 3 7 8 4 9 6 6 7 9 1 4 2 8 3 5 8 4 3 5 9 6 1 7 2 2 7 8 6 3 9 5 4 1 4 9 5 7 1 2 3 6 8 3 6 1 8 5 4 9 2 7 9 3 4 8 6 5 2 1 3 1 8 6 4 2 7 7 9 6 5 2 7 9 1 3 8 5 4 13 16 
8 5 9 3 1 2 4 9 7 6 1 2 8 4 7 6 3 5 7 4 3 5 9 6 1 8 2 8 7 2 6 3 9 5 4 1 4 9 5 2 7 1 3 6 8 3 6 1 8 5 4 7 2 9 9 3 4 7 6 8 2 1 3 1 8 6 4 2 5 6 9 7 5 2 7 9 1 3 8 5 4 13 16 
8 2 6 3 1 5 4 7 9 7 1 9 2 4 8 6 3 5 5 4 3 7 9 6 1 8 2 2 7 8 6 3 9 5 4 1 4 9 5 1 7 2 3 6 8 3 6 1 5 8 4 9 2 7 9 3 5 8 6 7 2 1 4 1 8 4 4 2 9 7 5 3 6 2 7 1 5 3 8 9 6 7 15 
5 2 9 3 8 6 4 7 6 6 1 8 7 4 2 9 3 5 7 4 3 1 9 5 1 8 2 8 7 2 6 3 9 5 4 1 4 9 5 2 7 1 3 6 8 3 6 1 8 5 4 7 2 9 9 3 4 8 6 5 2 1 7 1 8 6 4 2 7 3 5 4 2 5 7 9 1 3 8 9 6 9 15 
8 1 2 3 5 7 4 9 6 6 7 9 2 4 1 8 3 5 5 4 3 8 9 6 1 7 2 7 2 8 6 3 9 5 4 1 4 9 5 1 7 2 3 6 8 3 6 1 5 8 4 7 2 9 9 3 4 7 6 8 2 1 3 1 8 6 4 2 5 9 5 7 2 5 7 9 1 3 6 8 4 3 11 

