MonoObjective Genetic Algorithm
Number of Evaluations = 0
Mutation Probability = 0.0100000000000000002
Crossover Probability = 0.5
Population Size = 100
Survival Selection Type = 16

Time =  300.020680000000027

Current Evaluation = 95800
Front Size = 100
7 1 8 3 5 2 4 9 6 6 2 9 7 4 8 1 3 5 5 4 3 1 9 6 8 7 2 8 7 2 6 3 9 5 4 1 4 9 5 2 7 1 3 6 8 3 6 1 5 8 4 7 2 9 9 3 4 8 6 5 2 1 7 1 8 6 4 2 7 9 5 3 2 5 7 9 1 3 6 8 4 1 10 
5 7 2 3 8 1 4 9 6 8 1 9 2 4 6 7 3 5 6 4 3 5 9 7 1 8 2 7 2 8 6 3 9 5 4 1 4 9 5 1 7 2 3 6 8 3 6 1 8 5 4 9 2 7 9 3 5 7 6 8 2 1 4 1 8 4 9 2 5 6 7 3 2 6 7 4 1 3 8 5 9 3 38 
2 1 9 3 7 5 4 8 6 8 7 6 2 4 1 9 3 5 5 4 3 8 9 6 1 7 2 7 2 8 6 3 9 5 4 1 4 9 5 7 1 2 3 6 8 3 6 1 5 8 4 7 2 9 9 3 5 4 6 8 2 1 7 1 8 4 9 2 7 6 5 3 6 2 7 1 5 3 8 9 4 3 30 
6 5 8 3 1 2 4 7 9 2 1 9 7 4 8 6 3 5 7 4 3 5 9 6 1 8 2 8 7 2 6 3 9 5 4 1 4 9 5 2 7 1 3 6 8 3 6 1 8 5 4 9 2 7 9 3 5 4 6 7 2 1 3 1 8 4 9 2 5 7 5 6 6 2 7 1 8 3 8 9 4 6 30 
5 1 2 3 7 6 4 8 9 6 7 9 8 4 2 1 3 5 8 4 3 1 9 5 6 7 2 7 2 8 6 3 9 5 4 1 4 9 5 2 5 1 3 6 8 3 6 1 7 8 4 9 2 7 9 3 4 5 6 8 2 1 3 1 8 6 9 2 7 7 5 4 2 5 7 4 1 3 8 9 6 5 29 
2 5 9 3 8 1 4 7 6 7 1 8 2 4 6 9 3 5 6 4 3 7 9 5 1 8 2 8 7 2 6 3 9 5 4 1 4 9 5 1 7 2 3 6 8 3 6 1 8 5 4 7 2 9 9 3 4 5 6 8 2 1 7 1 8 6 9 2 7 3 5 4 5 2 7 4 1 3 8 9 6 3 26 
7 1 5 3 1 6 4 7 6 8 2 9 2 4 7 9 3 5 6 4 3 8 9 5 1 8 2 8 7 2 6 3 9 5 2 1 4 9 5 5 1 7 3 6 8 3 6 1 2 8 4 7 9 4 9 3 5 5 6 7 2 1 7 1 8 4 4 2 9 6 4 3 6 2 7 8 1 3 8 5 9 132 29 
6 1 2 3 5 6 4 8 9 8 7 9 1 4 2 6 3 5 5 4 3 8 9 7 1 7 2 2 7 8 6 3 8 5 4 1 4 9 5 1 7 2 3 6 8 3 6 1 9 5 4 7 2 9 9 3 4 8 6 5 2 1 4 1 8 6 7 2 9 3 5 7 2 5 7 4 1 3 9 8 6 16 28 
8 5 2 3 5 6 4 9 7 7 1 9 8 4 2 6 3 5 6 4 3 1 9 7 1 8 2 2 7 8 6 3 9 5 4 1 4 9 5 2 7 1 3 6 8 3 6 1 5 8 4 7 2 9 9 3 4 7 6 8 2 1 4 1 8 6 4 2 5 9 7 3 5 2 7 9 1 3 8 5 6 5 26 
5 2 8 3 7 1 4 9 6 7 1 9 2 4 6 8 3 5 6 4 3 5 9 8 1 7 2 8 7 2 6 3 9 5 4 1 4 9 5 7 1 2 3 6 8 3 6 1 8 5 4 9 2 7 9 3 4 4 6 5 2 1 3 1 8 6 9 2 7 7 5 4 2 5 7 1 8 3 6 8 9 5 25 
5 2 9 3 7 1 4 8 6 7 1 6 2 4 8 9 3 5 8 4 3 5 9 6 1 7 2 2 7 8 6 3 9 5 4 1 4 9 5 1 5 2 3 6 8 3 6 1 7 8 4 9 2 7 9 3 5 8 6 7 2 1 3 1 8 4 9 2 5 7 9 6 6 2 7 4 1 3 8 5 4 10 25 
8 1 6 3 5 2 4 7 9 7 2 9 8 4 6 1 3 5 5 4 3 7 9 1 6 8 2 2 7 8 6 3 9 5 4 1 4 9 5 7 1 5 3 6 8 3 6 1 2 8 4 9 2 7 9 3 5 4 6 8 2 1 3 1 8 4 5 2 7 7 5 6 6 2 7 9 1 3 8 9 4 11 25 
5 6 9 3 5 2 4 8 9 7 1 2 8 4 6 1 3 5 8 4 3 7 9 1 6 7 2 8 7 2 6 3 9 5 4 1 4 9 5 5 1 7 3 6 8 3 6 1 2 8 4 7 2 9 9 3 4 4 6 5 2 1 7 1 8 6 9 2 7 9 4 3 2 5 7 1 8 3 8 5 6 18 26 
5 1 9 3 8 2 4 7 6 6 2 8 1 4 7 9 3 5 7 4 3 5 9 6 1 8 2 8 7 2 6 3 9 5 4 1 4 9 5 2 7 1 3 6 8 3 6 1 8 5 4 7 2 9 9 3 5 4 6 8 2 1 7 1 8 4 7 2 5 6 9 3 2 6 7 9 1 3 8 5 4 3 24 
7 5 9 3 1 5 4 9 7 2 1 8 2 4 6 1 3 5 6 4 3 8 9 7 6 8 2 7 2 8 6 8 9 5 2 1 4 9 5 1 3 7 3 6 8 3 6 1 2 5 4 9 7 4 9 3 5 4 6 7 2 1 3 1 8 4 9 2 5 9 4 7 6 2 7 8 1 3 8 5 6 131 28 
8 1 2 3 7 5 4 9 6 6 7 9 2 4 8 1 3 5 5 4 3 1 9 6 8 7 2 8 7 2 6 3 9 5 4 1 4 9 5 7 1 2 3 6 8 3 6 1 8 5 4 9 2 7 9 3 5 8 6 7 2 1 4 1 8 4 5 2 9 7 5 3 2 6 7 4 1 3 8 9 6 14 25 
6 2 8 3 5 1 4 7 9 7 1 9 2 4 8 6 3 5 5 4 3 7 9 6 1 8 2 8 7 2 6 3 9 5 4 1 4 9 5 1 7 2 3 6 8 3 6 1 5 8 4 9 2 7 9 3 4 8 6 7 2 1 4 1 8 6 4 2 5 7 9 3 2 5 7 9 1 3 8 5 6 3 23 
5 1 9 3 7 6 4 9 6 2 7 8 8 4 2 1 3 5 6 4 3 1 9 5 8 7 2 8 7 2 6 3 9 5 4 1 4 9 5 2 7 1 3 6 8 3 6 1 5 8 4 7 2 9 9 3 5 7 6 8 2 1 3 1 8 4 4 2 9 7 5 6 6 2 7 5 1 3 8 4 9 18 25 
5 1 8 3 1 6 4 8 9 7 2 9 7 4 2 6 3 5 6 4 3 5 9 8 1 7 2 2 7 8 6 3 9 5 4 1 4 9 5 7 5 1 3 6 8 3 6 1 2 8 4 9 2 7 9 3 4 5 6 7 2 1 7 1 8 5 4 2 9 9 5 3 2 6 7 1 8 3 6 8 4 24 25 
7 1 2 3 5 8 4 9 6 8 6 9 7 4 2 1 3 5 5 4 3 1 9 6 7 8 2 2 7 8 6 3 9 5 4 1 4 9 5 2 7 1 3 6 8 3 6 1 5 8 4 9 2 7 9 3 5 8 6 7 2 1 4 1 8 4 9 2 5 6 7 3 6 2 7 4 1 3 8 5 9 3 22 
7 5 9 3 7 2 4 8 6 8 1 2 1 4 6 9 3 5 6 4 3 8 9 5 1 7 2 2 7 8 6 3 9 5 4 1 4 9 5 7 5 1 3 6 8 3 6 1 2 8 4 7 2 9 9 3 4 5 6 8 2 1 7 1 8 5 4 2 7 6 9 3 6 2 7 9 1 3 8 5 4 7 22 
2 5 9 3 7 6 4 8 9 7 1 6 2 4 8 1 3 5 8 4 3 5 9 1 6 7 2 2 7 8 6 3 9 5 4 1 4 9 5 7 1 2 3 6 8 3 6 1 5 8 4 9 2 7 9 3 4 8 6 5 2 1 7 1 8 6 4 2 7 3 5 9 5 2 7 9 1 3 8 4 6 11 23 
8 7 2 3 1 5 4 7 9 6 1 9 7 4 2 6 3 5 5 4 3 8 9 6 1 8 2 7 2 8 6 3 9 5 4 1 4 9 5 2 7 1 3 6 8 3 6 1 5 8 4 7 2 9 9 3 5 4 6 8 2 1 7 1 8 4 9 2 7 3 5 4 2 6 7 5 1 3 8 9 6 12 23 
5 1 2 3 7 1 4 9 6 8 7 9 2 4 6 1 3 5 6 4 3 8 9 5 8 7 2 2 7 8 6 3 9 5 4 1 4 9 5 2 1 7 3 6 8 3 6 1 5 8 4 9 2 7 9 3 4 7 6 8 2 1 4 1 8 6 4 2 9 7 5 3 5 2 7 1 5 3 6 8 9 9 22 
7 2 9 3 5 6 4 8 9 6 1 8 2 4 7 1 3 5 5 4 3 8 9 1 6 7 2 2 7 8 6 3 9 5 4 1 4 9 5 1 7 2 3 6 8 3 6 1 5 8 4 7 2 9 9 3 5 4 6 8 2 1 4 1 8 4 7 2 9 3 5 7 2 6 7 1 5 3 8 9 6 15 23 
5 6 9 3 1 2 4 9 7 8 1 2 7 4 6 1 3 5 7 4 3 8 9 5 6 8 2 2 7 8 6 3 9 5 4 1 4 9 5 2 7 1 3 6 8 3 6 1 5 8 4 7 2 9 9 3 5 4 6 8 2 1 7 1 8 4 9 2 7 6 5 3 6 2 7 1 5 3 9 8 4 9 22 
8 1 2 3 5 7 4 9 6 6 7 9 2 4 1 8 3 5 5 4 3 8 9 6 1 7 2 7 2 8 6 3 9 5 4 1 4 9 5 1 7 2 3 6 8 3 6 1 5 8 4 9 2 7 9 3 4 7 6 8 2 1 3 1 8 6 9 2 5 7 5 4 2 5 7 4 1 3 6 8 9 3 21 
6 1 2 3 8 5 4 7 9 8 7 9 1 4 2 6 3 5 5 4 3 7 9 6 1 8 2 2 7 8 6 3 9 5 4 1 4 9 5 2 7 1 3 6 8 3 6 1 8 5 4 7 2 9 9 3 4 5 6 8 2 1 7 1 8 6 4 2 7 9 5 3 5 2 7 9 1 3 6 8 4 6 21 
6 1 5 3 7 2 4 8 9 7 2 9 8 4 1 6 3 5 8 4 3 5 9 6 1 7 2 8 7 2 6 3 9 5 4 1 4 9 5 2 1 7 3 6 8 3 6 1 5 8 4 9 2 7 9 3 4 7 6 8 2 1 4 1 8 6 4 2 9 7 5 3 2 5 7 1 5 3 8 9 6 7 21 
5 7 2 3 8 1 4 9 6 8 1 9 2 4 6 8 3 5 6 4 3 7 9 5 1 7 2 7 2 8 6 3 9 5 4 1 4 9 5 1 7 2 3 6 8 3 6 1 8 5 4 7 2 9 9 3 4 5 6 8 2 1 7 1 8 6 4 2 7 9 5 3 2 5 7 9 1 3 6 8 4 3 18 
8 1 2 3 7 5 4 9 6 7 6 9 8 4 2 1 3 5 5 4 3 1 9 6 8 7 2 2 7 8 6 3 9 5 4 1 4 9 5 2 5 1 3 6 8 3 6 1 7 8 4 7 2 9 9 3 5 4 6 8 2 1 7 1 8 4 9 2 7 6 5 3 6 2 7 5 1 3 9 8 4 5 20 
5 1 9 3 7 2 4 8 9 2 7 6 8 4 6 1 3 5 8 4 3 1 9 5 6 7 2 7 2 8 6 3 9 5 4 1 4 9 5 1 7 2 3 6 8 3 6 1 8 5 4 7 2 9 9 3 5 4 6 8 2 1 7 1 8 4 7 2 5 6 9 3 6 2 7 9 1 3 8 5 4 12 21 
2 1 6 3 5 8 4 7 9 8 7 9 2 4 1 6 3 5 5 4 3 7 9 6 1 8 2 7 2 8 6 3 9 5 4 1 4 9 5 1 7 2 3 6 8 3 6 1 5 8 4 7 2 9 9 3 5 8 6 7 2 1 3 1 8 4 4 2 5 6 9 7 6 2 7 9 1 3 8 5 4 7 20 
6 1 2 3 5 8 4 7 9 8 7 9 1 4 2 6 3 5 5 4 3 7 9 6 1 8 2 7 2 8 6 3 9 5 4 1 4 9 5 2 7 1 3 6 8 3 6 1 5 8 4 9 2 7 9 3 4 8 6 5 2 1 4 1 8 6 9 2 7 7 5 3 2 5 7 4 1 3 8 9 6 3 18 
7 2 6 3 8 1 4 8 9 8 1 9 2 4 6 1 3 5 5 4 3 7 9 5 6 7 2 2 7 8 6 3 9 5 4 1 4 9 5 1 7 2 3 6 8 3 6 1 8 5 4 9 2 7 9 3 4 5 6 8 2 1 7 1 8 5 4 2 7 3 9 6 6 2 7 9 1 3 8 5 4 9 20 
2 5 8 3 8 7 4 9 6 7 1 9 2 4 6 1 3 5 6 4 3 5 9 1 8 7 2 8 7 2 6 3 9 5 4 1 4 9 5 1 7 2 3 6 8 3 6 1 8 5 4 9 2 7 9 3 4 7 6 8 2 1 3 1 8 6 4 2 5 7 5 9 5 2 7 9 1 3 6 8 4 5 19 
5 1 6 3 8 2 4 7 9 8 2 9 7 4 6 1 3 5 7 4 3 1 9 5 6 8 2 8 7 2 6 3 9 5 4 1 4 9 5 2 7 1 3 6 8 3 6 1 5 8 4 9 2 7 9 3 5 8 6 7 2 1 3 1 8 4 4 2 5 7 9 6 6 2 7 9 1 3 8 5 4 8 19 
6 2 9 3 8 5 4 9 6 7 1 8 2 4 7 1 3 5 5 4 3 1 9 6 8 7 2 2 7 8 6 3 9 5 4 1 4 9 5 2 7 1 3 6 8 3 6 1 8 5 4 7 2 9 9 3 4 5 6 8 2 1 4 1 8 6 7 2 9 3 5 7 2 5 7 4 1 3 9 8 6 13 21 
7 5 2 3 1 6 4 8 9 8 1 9 7 4 2 6 3 5 6 4 3 5 9 8 1 7 2 2 7 8 6 3 9 5 4 1 4 9 5 2 7 1 3 6 8 3 6 1 5 8 4 9 2 7 9 3 4 8 6 7 2 1 4 1 8 6 4 2 9 7 5 3 5 2 7 1 5 3 8 9 6 5 18 
2 5 9 3 8 6 4 9 7 6 1 8 2 4 7 1 3 5 7 4 3 5 9 1 6 8 2 8 7 2 6 3 9 5 4 1 4 9 5 1 7 2 3 6 8 3 6 1 8 5 4 7 2 9 9 3 4 7 6 8 2 1 4 1 8 6 4 2 5 9 7 3 5 2 7 9 1 3 8 5 6 5 18 
8 7 2 3 1 5 4 9 6 6 1 9 7 4 2 1 3 5 5 4 3 8 9 6 8 7 2 7 2 8 6 3 9 5 4 1 4 9 5 7 1 2 3 6 8 3 6 1 8 5 4 7 2 9 9 3 4 5 6 8 2 1 7 1 8 5 4 2 7 6 9 3 6 2 7 9 1 3 8 5 4 14 20 
8 2 9 3 5 1 4 7 6 7 1 6 2 4 8 9 3 5 5 4 3 7 9 6 1 8 2 2 7 8 6 3 9 5 4 1 4 9 5 1 7 2 3 6 8 3 6 1 5 8 4 7 2 9 9 3 4 8 6 5 2 1 7 1 8 5 4 2 7 6 9 3 6 2 7 9 1 3 8 5 4 3 17 
6 1 2 3 5 8 4 9 7 8 7 9 2 4 6 1 3 5 5 4 3 7 9 1 6 8 2 7 2 8 6 3 9 5 4 1 4 9 5 1 7 2 3 6 8 3 6 1 5 8 4 7 2 9 9 3 4 8 6 7 2 1 4 1 8 6 4 2 5 9 7 3 2 5 7 9 1 3 8 5 6 3 17 
6 7 5 3 1 2 4 8 9 2 1 9 7 4 8 6 3 5 8 4 3 5 9 6 1 7 2 7 2 8 6 3 9 5 4 1 4 9 5 2 7 1 3 6 8 3 6 1 8 5 4 7 2 9 9 3 4 4 6 5 2 1 7 1 8 6 9 2 7 3 5 4 5 2 7 1 8 3 8 9 6 7 18 
6 1 8 3 5 2 4 7 9 7 2 9 8 4 6 1 3 5 5 4 3 1 9 7 6 8 2 8 7 2 6 3 9 5 4 1 4 9 5 2 7 1 3 6 8 3 6 1 5 8 4 9 2 7 9 3 4 7 6 8 2 1 4 1 8 6 9 2 5 7 5 3 2 5 7 4 1 3 8 9 6 3 16 
8 1 5 3 7 2 4 9 6 2 7 9 8 4 6 1 3 5 6 4 3 1 9 5 7 8 2 7 2 8 6 3 9 5 4 1 4 9 5 2 5 1 3 6 8 3 6 1 7 8 4 9 2 7 9 3 4 5 6 8 2 1 7 1 8 6 4 2 7 3 5 9 5 2 7 9 1 3 8 4 6 9 18 
5 1 2 3 8 7 4 9 6 6 7 9 1 4 2 8 3 5 8 4 3 5 9 6 1 7 2 7 2 8 6 3 9 5 4 1 4 9 5 2 7 1 3 6 8 3 6 1 8 5 4 7 2 9 9 3 4 5 6 8 2 1 7 1 8 6 7 2 9 3 5 4 2 5 7 4 1 3 9 8 6 5 17 
7 1 9 3 5 2 4 8 6 6 2 8 7 4 1 9 3 5 5 4 3 8 9 6 1 7 2 8 7 2 6 3 9 5 4 1 4 9 5 1 7 5 3 6 8 3 6 1 2 8 4 7 2 9 9 3 5 4 6 8 2 1 7 1 8 4 9 2 7 6 5 3 2 6 7 5 1 3 8 9 4 5 17 
7 5 2 3 8 1 4 9 6 6 1 9 2 4 7 8 3 5 8 4 3 5 9 6 1 7 2 2 7 8 6 3 9 5 4 1 4 9 5 1 7 2 3 6 8 3 6 1 8 5 4 9 2 7 9 3 4 7 6 8 2 1 4 1 8 6 9 2 5 7 5 3 5 2 7 4 1 3 6 8 9 3 16 
8 1 2 3 7 5 4 9 6 6 7 9 1 4 2 8 3 5 5 4 3 8 9 6 1 7 2 7 2 8 6 3 9 5 4 1 4 9 5 7 5 1 3 6 8 3 6 1 2 8 4 7 2 9 9 3 4 5 6 8 2 1 7 1 8 6 4 2 7 9 5 3 2 5 7 9 1 3 6 8 4 3 16 
5 1 9 3 7 2 4 9 6 2 7 6 8 4 6 8 3 5 8 4 3 5 9 1 1 7 2 7 2 8 6 3 9 5 4 1 4 9 5 7 1 5 3 6 8 3 6 1 2 8 4 9 2 7 9 3 5 4 6 8 2 1 3 1 8 4 9 2 7 7 5 9 6 2 7 1 5 3 6 8 4 13 19 
7 5 8 3 1 2 4 9 6 2 1 9 7 4 6 8 3 5 6 4 3 8 9 5 1 7 2 8 7 2 6 3 9 5 4 1 4 9 5 2 7 1 3 6 8 3 6 1 8 5 4 9 2 7 9 3 4 5 6 8 2 1 3 1 8 6 9 2 7 7 5 4 5 2 7 4 1 3 6 8 9 5 17 
8 1 6 3 5 2 4 9 7 7 2 9 1 4 8 6 3 5 5 4 3 7 9 6 1 8 2 2 7 8 6 3 9 5 4 1 4 9 5 2 7 1 3 6 8 3 6 1 8 5 4 7 2 9 9 3 4 8 6 5 2 1 7 1 8 5 9 2 7 9 4 3 6 2 7 4 1 3 8 5 6 9 18 
5 1 2 3 8 6 4 7 9 8 7 9 2 4 1 6 3 5 6 4 3 5 9 7 1 8 2 7 2 8 6 3 9 5 4 1 4 9 5 1 7 2 3 6 8 3 6 1 8 5 4 9 2 7 9 3 4 7 6 8 2 1 3 1 8 6 9 2 5 7 5 4 2 5 7 4 1 3 8 9 6 3 16 
8 7 2 3 1 5 4 9 6 6 1 9 8 4 2 1 3 5 5 4 3 7 9 6 8 7 2 8 7 2 6 3 9 5 4 1 4 9 5 1 7 2 3 6 8 3 6 1 8 5 4 9 2 7 9 3 5 4 6 8 2 1 3 1 8 4 9 2 7 7 5 9 6 2 7 1 5 3 6 8 4 16 19 
7 5 6 3 8 2 4 8 9 2 1 9 7 4 6 1 3 5 8 4 3 1 9 5 6 7 2 8 7 2 6 3 9 5 4 1 4 9 5 2 7 1 3 6 8 3 6 1 8 5 4 7 2 9 9 3 4 5 6 8 2 1 7 1 8 5 9 2 7 6 5 3 6 2 7 4 1 3 8 9 4 9 18 
5 1 9 3 8 2 4 7 6 7 2 8 1 4 6 9 3 5 6 4 3 7 9 5 1 8 2 8 7 2 6 3 9 5 4 1 4 9 5 2 7 1 3 6 8 3 6 1 8 5 4 7 2 9 9 3 4 5 6 8 2 1 7 1 8 6 4 2 7 9 5 3 2 5 7 9 1 3 6 8 4 3 15 
2 5 8 3 1 7 4 9 6 6 1 9 8 4 2 7 3 5 7 4 3 5 9 6 1 8 2 8 7 2 6 3 9 5 4 1 4 9 5 2 7 1 3 6 8 3 6 1 8 5 4 9 2 7 9 3 5 7 6 8 2 1 4 1 8 4 9 2 5 6 7 3 6 2 7 4 1 3 8 5 9 5 17 
7 1 2 3 5 6 4 8 9 8 6 9 2 4 7 1 3 5 5 4 3 8 9 1 6 7 2 2 7 8 6 3 9 5 4 1 4 9 5 1 7 2 3 6 8 3 6 1 5 8 4 9 2 7 9 3 5 7 6 8 2 1 4 1 8 4 9 2 5 7 5 3 6 2 7 4 1 3 8 9 6 5 16 
7 5 2 3 1 8 4 9 6 6 1 9 7 4 2 8 3 5 8 4 3 5 9 6 1 7 2 2 7 8 6 3 9 5 4 1 4 9 5 2 7 1 3 6 8 3 6 1 8 5 4 7 2 9 9 3 4 8 6 5 2 1 7 1 8 6 4 2 7 9 5 3 5 2 7 9 1 3 6 8 4 3 15 
2 1 9 3 8 5 4 8 9 8 7 6 1 4 2 6 3 5 5 4 3 7 9 6 1 7 2 8 7 2 6 3 9 5 4 1 4 9 5 2 7 1 3 6 8 3 6 1 8 5 4 7 2 9 9 3 5 7 6 8 2 1 4 1 8 4 4 2 9 7 5 3 6 2 7 1 5 3 8 9 6 16 19 
7 2 9 3 1 5 4 8 6 8 1 6 7 4 2 9 3 5 5 4 3 8 9 6 1 7 2 2 7 8 6 3 9 5 4 1 4 9 5 5 7 1 3 6 8 3 6 1 2 8 4 7 2 9 9 3 5 8 6 7 2 1 7 1 8 4 4 2 9 6 5 3 6 2 7 1 5 3 9 8 4 11 18 
6 1 2 3 5 7 4 8 9 8 7 9 2 4 1 6 3 5 5 4 3 8 9 6 1 7 2 2 7 8 6 3 9 5 4 1 4 9 5 1 7 2 3 6 8 3 6 1 5 8 4 7 2 9 9 3 5 4 6 8 2 1 7 1 8 4 7 2 9 3 5 6 6 2 7 5 1 3 8 9 4 8 17 
6 2 8 3 5 1 4 9 6 7 1 9 2 4 6 8 3 5 5 4 3 7 9 8 1 7 2 8 7 2 6 3 9 5 4 1 4 9 5 2 1 7 3 6 8 3 6 1 5 8 4 7 2 9 9 3 4 7 6 8 2 1 7 1 8 6 4 2 9 9 5 3 2 5 7 1 5 3 6 8 4 11 18 
6 1 8 3 5 2 4 7 9 7 2 9 8 4 1 6 3 5 5 4 3 7 9 6 1 8 2 8 7 2 6 3 9 5 4 1 4 9 5 2 1 5 3 6 8 3 6 1 8 7 4 7 2 9 9 3 5 4 6 8 2 1 7 1 8 4 9 2 7 3 5 4 2 6 7 5 1 3 8 9 6 11 17 
8 1 2 3 5 6 4 7 9 6 7 9 1 4 2 1 3 5 5 4 3 8 9 7 6 8 2 2 7 8 6 3 9 5 4 1 4 9 5 2 7 1 3 6 8 3 6 1 5 8 4 9 2 7 9 3 4 4 6 8 2 1 7 1 8 6 7 2 5 9 5 3 2 5 7 9 1 3 6 8 4 11 17 
2 1 9 3 8 5 4 7 6 8 7 6 1 4 2 9 3 5 5 4 3 7 9 6 1 8 2 7 2 8 6 3 9 5 4 1 4 9 5 2 7 1 3 6 8 3 6 1 8 5 4 7 2 9 9 3 5 4 6 8 2 1 7 1 8 4 5 2 7 6 9 3 6 2 7 9 1 3 8 5 4 3 15 
2 5 9 3 8 1 4 7 9 6 1 8 2 4 7 1 3 5 7 4 3 5 9 6 6 8 2 7 2 8 6 3 9 5 4 1 4 9 5 1 7 2 3 6 8 3 6 1 8 5 4 9 2 7 9 3 4 8 6 7 2 1 3 1 8 6 4 2 5 7 9 6 2 5 7 9 1 3 8 5 4 13 18 
6 5 2 3 8 7 4 9 6 8 1 9 2 4 1 7 3 5 7 4 3 5 9 6 1 8 2 8 7 2 6 3 9 5 4 1 4 9 5 2 1 7 3 6 8 3 6 1 8 5 4 9 2 7 9 3 4 7 6 5 2 1 4 1 8 6 4 2 9 7 5 3 5 2 7 1 8 3 6 8 9 13 17 
2 5 9 3 7 6 4 7 6 7 1 8 8 4 2 9 3 5 6 4 3 1 9 5 1 8 2 7 2 8 6 3 9 5 4 1 4 9 5 2 5 1 3 6 8 3 6 1 7 8 4 9 2 7 9 3 4 5 6 8 2 1 7 1 8 6 4 2 7 6 9 3 2 5 7 9 1 3 8 5 4 15 18 
7 1 9 3 5 2 4 8 6 8 2 6 1 4 7 9 3 5 5 4 3 8 9 6 1 7 2 2 7 8 6 3 9 5 4 1 4 9 5 2 7 1 3 6 8 3 6 1 5 8 4 7 2 9 9 3 5 4 6 8 2 1 7 1 8 4 7 2 5 6 9 3 6 2 7 9 1 3 8 5 4 3 14 
7 2 9 3 1 5 4 8 6 6 1 8 7 4 2 9 3 5 5 4 3 8 9 6 1 7 2 8 7 2 6 3 9 5 4 1 4 9 5 2 7 1 3 6 8 3 6 1 5 8 4 7 2 9 9 3 4 4 6 8 2 1 7 1 8 6 9 2 7 3 5 4 2 5 7 1 5 3 8 9 6 5 16 
6 7 2 3 5 6 4 8 9 8 1 9 7 4 2 1 3 5 5 4 3 1 9 8 6 7 2 7 2 8 6 3 9 5 4 1 4 9 5 2 7 1 3 6 8 3 6 1 5 8 4 9 2 7 9 3 4 8 6 7 2 1 4 1 8 6 4 2 5 7 9 3 2 5 7 9 1 3 8 5 6 5 16 
7 2 8 3 5 1 4 9 6 6 1 9 2 4 8 7 3 5 5 4 3 7 9 6 1 8 2 8 7 2 6 3 9 5 4 1 4 9 5 1 7 2 3 6 8 3 6 1 5 8 4 9 2 7 9 3 5 8 6 7 2 1 4 1 8 4 9 2 5 6 7 3 2 6 7 4 1 3 8 5 9 3 13 
5 1 9 3 8 2 4 7 6 8 7 2 1 4 6 9 3 5 6 4 3 7 9 5 1 8 2 7 2 8 6 3 9 5 4 1 4 9 5 2 7 1 3 6 8 3 6 1 8 5 4 7 2 9 9 3 4 5 6 8 2 1 7 1 8 6 9 2 7 3 5 4 2 5 7 4 1 3 8 9 6 3 13 
2 5 8 3 7 1 4 7 9 7 1 9 2 4 6 1 3 5 6 4 3 5 9 8 6 8 2 8 7 2 6 3 9 5 4 1 4 9 5 2 7 1 3 6 8 3 6 1 5 8 4 7 2 9 9 3 4 8 6 5 2 1 4 1 8 6 4 2 7 7 9 3 5 2 7 9 1 3 8 5 6 14 17 
8 7 2 3 8 1 4 7 6 6 1 9 2 4 6 9 3 5 5 4 3 7 9 5 1 8 2 7 2 8 6 3 9 5 4 1 4 9 5 2 7 1 3 6 8 3 6 1 8 5 4 7 2 9 9 3 5 8 6 7 2 1 4 1 8 4 5 2 9 7 5 3 2 6 7 4 1 3 8 9 6 16 18 
5 1 8 3 7 2 4 9 6 7 2 9 1 4 6 8 3 5 6 4 3 5 9 8 1 7 2 8 7 2 6 3 9 5 4 1 4 9 5 2 7 1 3 6 8 3 6 1 5 8 4 7 2 9 9 3 4 8 6 5 2 1 7 1 8 6 9 2 7 3 5 4 2 5 7 4 1 3 9 8 6 5 16 
2 5 8 3 7 1 4 9 6 7 1 9 2 4 6 8 3 5 6 4 3 8 9 5 1 7 2 8 7 2 6 3 9 5 4 1 4 9 5 1 7 2 3 6 8 3 6 1 5 8 4 7 2 9 9 3 4 5 6 8 2 1 7 1 8 6 4 2 7 9 5 3 5 2 7 9 1 3 6 8 4 3 13 
6 5 2 3 8 1 4 7 9 8 1 9 2 4 7 6 3 5 7 4 3 5 9 6 1 8 2 2 7 8 6 3 9 5 4 1 4 9 5 1 7 2 3 6 8 3 6 1 8 5 4 9 2 7 9 3 4 7 6 8 2 1 4 1 8 6 4 2 5 7 9 3 5 2 7 9 1 3 8 5 6 3 13 
5 1 2 3 8 6 4 9 6 8 7 9 7 4 2 1 3 5 6 4 3 1 9 5 8 7 2 7 2 8 6 3 9 5 4 1 4 9 5 1 7 2 3 6 8 3 6 1 8 5 4 7 2 9 9 3 5 8 6 7 2 1 3 1 8 4 5 2 9 7 5 6 6 2 7 4 1 3 8 9 4 17 18 
8 1 6 3 5 2 4 9 6 7 2 9 8 4 6 8 3 5 5 4 3 7 9 1 1 7 2 2 7 8 6 3 9 5 4 1 4 9 5 1 7 2 3 6 8 3 6 1 8 5 4 7 2 9 9 3 4 4 6 8 2 1 3 1 8 6 7 2 5 7 5 6 2 5 7 9 1 3 8 9 4 21 18 
5 2 8 3 7 1 4 9 6 7 1 9 2 4 6 8 3 5 6 4 3 5 9 8 1 7 2 8 7 2 6 3 9 5 4 1 4 9 5 2 7 1 3 6 8 3 6 1 8 5 4 7 2 9 9 3 5 5 6 8 2 1 4 1 8 4 4 2 7 7 5 3 2 6 7 9 1 3 8 9 6 17 17 
6 2 8 3 7 5 4 9 6 7 1 9 2 4 1 8 3 5 5 4 3 8 9 6 1 7 2 8 7 2 6 3 9 5 4 1 4 9 5 7 1 2 3 6 8 3 6 1 5 8 4 7 2 9 9 3 5 4 6 8 2 1 7 1 8 4 9 2 7 6 5 3 2 6 7 1 5 3 9 8 4 5 15 
6 2 9 3 8 5 4 9 7 7 1 8 1 4 2 6 3 5 5 4 3 7 9 6 1 8 2 8 7 2 6 3 9 5 4 1 4 9 5 2 7 1 3 6 8 3 6 1 8 5 4 7 2 9 9 3 4 5 6 8 2 1 4 1 8 6 4 2 7 9 7 3 2 5 7 9 1 3 8 5 6 6 15 
5 7 6 3 1 2 4 9 6 2 1 9 8 4 6 7 3 5 8 4 3 7 9 5 1 8 2 7 2 8 6 3 9 5 4 1 4 9 5 2 7 1 3 6 8 3 6 1 5 8 4 9 2 7 9 3 5 8 6 7 2 1 4 1 8 4 9 2 5 6 7 3 6 2 7 4 1 3 8 5 9 8 16 
8 7 2 3 5 1 4 9 6 6 1 9 2 4 7 8 3 5 5 4 3 8 9 6 1 7 2 7 2 8 6 3 9 5 4 1 4 9 5 1 7 2 3 6 8 3 6 1 5 8 4 7 2 9 9 3 4 7 6 8 2 1 4 1 8 6 4 2 5 9 7 3 2 5 7 9 1 3 8 5 6 6 14 
2 1 9 3 5 8 4 9 6 8 7 6 1 4 2 1 3 5 5 4 3 7 9 6 8 7 2 2 7 8 6 3 9 5 4 1 4 9 5 2 7 1 3 6 8 3 6 1 5 8 4 7 2 9 9 3 4 8 6 5 2 1 7 1 8 5 4 2 7 6 5 3 6 2 7 9 1 3 9 8 4 9 16 
7 1 2 3 5 1 4 9 6 8 6 9 2 4 8 1 3 5 5 4 3 7 9 6 7 8 2 7 2 8 6 3 9 5 4 1 4 9 5 1 7 2 3 6 8 3 6 1 5 8 4 7 2 9 9 3 4 5 6 8 2 1 3 1 8 6 9 2 7 6 7 4 2 5 7 4 1 3 8 5 9 14 16 
5 2 6 3 1 8 4 7 9 8 1 9 7 4 2 6 3 5 7 4 3 5 9 6 1 8 2 8 7 2 6 3 9 5 4 1 4 9 5 2 7 1 3 6 8 3 6 1 8 5 4 9 2 7 9 3 4 8 6 7 2 1 3 1 8 6 9 2 5 7 5 4 2 5 7 4 1 3 8 9 6 7 15 
5 7 6 3 1 2 4 8 9 2 1 9 7 4 8 6 3 5 8 4 3 5 9 6 1 7 2 7 2 8 6 3 9 5 4 1 4 9 5 2 7 1 3 6 8 3 6 1 5 8 4 9 2 7 9 3 4 8 6 7 2 1 3 1 8 5 4 2 9 7 5 6 6 2 7 1 5 3 8 9 4 7 15 
7 6 2 3 5 2 4 8 9 8 1 9 7 4 6 1 3 5 5 4 3 8 9 1 6 7 2 2 7 8 6 7 9 5 4 1 4 9 5 2 3 1 3 6 8 3 6 1 5 8 4 9 2 7 9 3 4 8 6 5 2 1 7 1 8 5 4 2 7 3 9 6 6 2 7 9 1 3 8 5 4 11 15 
7 2 8 3 5 1 4 9 6 6 1 9 2 4 7 8 3 5 5 4 3 8 9 6 1 7 2 8 7 2 6 3 9 5 4 1 4 9 5 1 7 2 3 6 8 3 6 1 5 8 4 9 2 7 9 3 4 7 6 8 2 1 3 1 8 6 4 2 5 7 5 9 2 5 7 9 1 3 6 8 4 3 13 
7 2 8 3 5 1 4 9 6 6 1 9 7 4 2 8 3 5 5 4 3 8 9 6 1 7 2 8 7 2 6 3 9 5 4 1 4 9 5 1 7 5 3 6 8 3 6 1 2 8 4 7 2 9 9 3 4 5 6 8 2 1 7 1 8 6 4 2 7 9 5 3 2 5 7 9 1 3 6 8 4 3 11 
8 7 2 3 1 5 4 9 6 6 1 9 7 4 2 8 3 5 5 4 3 8 9 6 1 7 2 7 2 8 6 3 9 5 4 1 4 9 5 2 7 1 3 6 8 3 6 1 5 8 4 7 2 9 9 3 5 4 6 8 2 1 7 1 8 4 9 2 7 6 5 3 2 6 7 1 5 3 9 8 4 3 11 
5 1 8 3 7 2 4 9 6 6 2 9 1 4 8 7 3 5 7 4 3 5 9 6 1 8 2 8 7 2 6 3 9 5 4 1 4 9 5 7 5 1 3 6 8 3 6 1 2 8 4 7 2 9 9 3 5 4 6 8 2 1 4 1 8 4 5 2 7 6 7 3 2 6 7 9 1 3 8 5 9 12 15 
5 1 2 3 8 7 4 9 6 6 7 9 1 4 2 8 3 5 8 4 3 5 9 6 1 7 2 7 2 8 6 3 9 5 4 1 4 9 5 2 7 1 3 6 8 3 6 1 8 5 4 9 2 7 9 3 4 7 6 8 2 1 3 1 8 6 4 2 5 7 5 9 2 5 7 9 1 3 6 8 4 3 11 
5 1 6 3 7 2 4 8 9 2 7 9 8 4 1 6 3 5 8 4 3 5 9 6 1 7 2 7 2 8 6 3 9 5 4 1 4 9 5 2 1 7 3 6 8 3 6 1 5 8 4 9 2 7 9 3 5 4 6 8 2 1 7 1 8 4 7 2 5 6 9 3 6 2 7 9 1 3 8 5 4 7 14 
8 1 2 3 5 7 4 9 6 6 7 9 8 4 2 1 3 5 5 4 3 1 9 6 7 8 2 7 2 8 6 3 9 5 4 1 4 9 5 2 7 1 3 6 8 3 6 1 5 8 4 9 2 7 9 3 5 7 6 8 2 1 4 1 8 4 9 2 5 6 7 3 2 6 7 4 1 3 8 5 9 3 11 
8 1 2 3 5 6 4 7 9 6 7 9 2 4 8 1 3 5 5 4 3 7 9 1 6 8 2 7 2 8 6 3 9 5 4 1 4 9 5 1 7 2 3 6 8 3 6 1 5 8 4 9 2 7 9 3 4 8 6 7 2 1 3 1 8 6 4 2 5 7 9 6 2 5 7 9 1 3 8 5 4 4 13 

