MonoObjective Genetic Algorithm
Number of Evaluations = 0
Mutation Probability = 0.0100000000000000002
Crossover Probability = 0.5
Population Size = 100
Survival Selection Type = 16

Time =  300.141743000000019

Current Evaluation = 82900
Front Size = 100
7 1 8 3 5 2 4 9 6 6 2 9 7 4 8 1 3 5 5 4 3 1 9 6 8 7 2 8 7 2 6 3 9 5 4 1 4 9 5 2 7 1 3 6 8 3 6 1 5 8 4 7 2 9 9 3 4 8 6 5 2 1 7 1 8 6 4 2 7 9 5 3 2 5 7 9 1 3 6 8 4 1 22 
6 5 2 3 8 1 4 7 9 8 1 9 2 4 7 6 3 5 7 4 3 5 9 6 1 8 2 2 7 8 6 3 9 5 4 1 4 9 5 1 7 2 3 6 8 3 6 1 8 5 4 9 2 7 9 3 4 7 6 8 2 1 3 1 8 6 9 2 5 7 5 4 5 2 7 4 1 3 8 9 6 3 37 
5 1 9 3 8 2 4 7 6 8 7 2 1 4 6 9 3 5 6 4 3 7 9 5 1 8 2 7 2 8 6 3 9 5 4 1 4 9 5 2 7 1 3 6 8 3 6 1 8 5 4 7 2 9 9 3 5 4 6 8 2 1 3 1 8 4 5 2 7 6 9 7 2 6 7 9 1 3 8 5 4 5 32 
5 7 2 3 1 6 4 8 9 8 1 9 7 4 2 6 3 5 6 4 3 8 9 5 1 7 2 7 2 8 6 3 9 5 4 1 4 9 5 2 7 1 3 6 8 3 6 1 5 8 4 7 2 9 9 3 4 4 6 8 2 1 7 1 8 6 9 2 7 3 5 4 2 5 7 1 5 3 8 9 6 5 27 
5 7 9 3 1 8 4 9 6 2 1 6 7 4 2 8 3 5 8 4 3 5 9 6 1 7 2 8 7 2 6 3 9 5 4 1 4 9 5 7 5 1 3 6 8 3 6 1 2 8 4 9 2 7 9 3 5 4 6 7 2 1 3 1 8 4 9 2 5 6 5 7 6 2 7 8 1 3 9 8 4 15 31 
8 1 2 3 7 5 4 9 6 6 7 9 8 4 2 1 3 5 5 4 3 1 9 6 7 8 2 7 2 8 6 3 9 5 4 1 4 9 5 2 1 7 3 6 8 3 6 1 5 8 4 9 2 7 9 3 4 7 6 8 2 1 4 1 8 5 4 2 9 6 7 3 2 6 7 1 5 3 8 5 9 7 29 
8 5 2 3 7 1 4 9 6 7 1 9 2 4 6 8 3 5 6 4 3 8 9 5 1 7 2 2 7 8 6 3 9 5 4 1 4 9 5 1 5 2 3 6 8 3 6 1 7 8 4 7 2 9 9 3 4 5 6 8 2 1 7 1 8 6 4 2 7 9 5 3 5 2 7 9 1 3 6 8 4 3 24 
7 1 5 3 1 6 4 7 6 8 2 9 2 4 7 9 3 5 6 4 3 8 9 5 1 8 2 8 7 2 6 3 9 5 2 1 4 9 5 5 1 7 3 6 8 3 6 1 2 8 4 7 9 4 9 3 5 5 6 7 2 1 7 1 8 4 4 2 9 6 4 3 6 2 7 8 1 3 8 5 9 132 31 
5 1 2 3 7 8 4 9 6 6 7 9 2 4 1 8 3 5 8 4 3 5 9 6 1 7 2 7 2 8 6 3 9 5 4 1 4 9 5 7 1 2 3 6 8 3 6 1 8 5 4 7 2 9 9 3 4 4 6 5 2 1 7 1 8 6 9 2 7 6 5 3 2 5 7 1 8 3 9 8 4 4 24 
2 1 9 3 5 7 4 8 6 8 7 6 2 4 1 9 3 5 5 4 3 8 9 6 1 7 2 7 2 8 6 3 9 5 4 1 4 9 5 1 7 2 3 6 8 3 6 1 5 8 4 7 2 9 9 3 5 4 6 8 2 1 7 1 8 4 7 2 5 6 9 3 6 2 7 9 1 3 8 5 4 3 21 
2 6 9 3 8 5 4 7 9 7 1 8 2 4 6 1 3 5 5 4 3 1 9 7 6 8 2 8 7 2 6 3 9 5 4 1 4 9 5 2 7 1 3 6 8 3 6 1 8 5 4 7 2 9 9 3 5 7 6 8 2 1 7 1 8 4 4 2 9 6 5 3 6 2 7 5 1 3 8 9 4 11 26 
5 1 8 3 7 2 4 9 6 7 2 9 1 4 6 8 3 5 6 4 3 5 9 8 1 7 2 8 7 2 6 3 9 5 4 1 4 9 5 2 1 7 3 6 8 3 6 1 8 5 4 9 2 7 9 3 4 7 6 8 2 1 4 1 8 6 9 2 5 7 5 3 2 5 7 4 1 3 6 8 9 5 24 
8 1 2 3 5 6 4 7 9 7 6 9 7 4 2 1 3 5 5 4 3 8 9 1 6 8 2 8 7 2 6 3 9 5 4 1 4 9 5 1 7 5 3 6 8 3 6 1 2 8 4 9 2 7 9 3 5 4 6 8 2 1 4 1 8 4 5 2 7 7 9 3 6 2 7 9 1 3 8 5 6 12 26 
8 7 6 3 1 2 4 9 6 2 1 9 8 4 6 1 3 5 5 4 3 7 9 5 8 7 2 7 2 8 6 3 9 5 4 1 4 9 5 2 7 1 3 6 8 3 6 1 8 5 4 9 2 7 9 3 4 5 6 7 2 1 3 1 8 5 4 2 9 6 5 7 6 2 7 1 8 3 9 8 4 14 25 
5 2 8 3 5 7 4 8 9 7 1 9 2 4 1 6 3 5 6 4 3 8 9 6 1 7 2 8 7 2 6 3 9 5 4 1 4 9 5 7 1 2 3 6 8 3 6 1 5 8 4 7 2 9 9 3 4 5 6 7 2 1 3 1 8 6 4 2 9 7 9 6 2 5 7 1 8 3 8 5 4 16 25 
5 1 6 3 8 2 4 7 9 8 2 9 7 4 6 1 3 5 7 4 3 1 9 5 6 8 2 2 7 8 6 3 9 5 4 1 4 9 5 1 7 2 3 6 8 3 6 1 5 8 4 7 2 9 9 3 4 8 6 5 2 1 7 1 8 5 9 2 7 6 9 3 6 2 7 4 1 3 8 5 4 11 24 
8 5 9 3 1 8 4 7 6 7 1 2 7 4 2 9 3 5 6 4 3 5 9 6 1 8 2 2 7 8 6 3 9 5 4 1 4 9 5 1 7 2 3 6 8 3 6 1 5 8 4 7 2 9 9 3 5 8 6 7 2 1 3 1 8 4 9 2 5 7 4 6 2 6 7 4 1 3 8 5 9 17 25 
6 1 5 3 5 2 4 8 9 2 7 9 8 4 6 1 3 5 8 4 3 1 9 7 6 7 2 7 2 8 6 3 9 5 4 1 4 9 5 2 7 1 3 6 8 3 6 1 5 8 4 9 2 7 9 3 4 7 6 8 2 1 4 1 8 6 4 2 5 7 9 3 5 2 7 9 1 3 8 5 6 7 23 
7 1 2 3 8 5 4 9 6 8 6 9 7 4 2 1 3 5 5 4 3 1 9 6 8 7 2 2 7 8 6 3 9 5 4 1 4 9 5 2 7 1 3 6 8 3 6 1 8 5 4 7 2 9 9 3 5 4 6 8 2 1 7 1 8 4 9 2 7 6 5 3 6 2 7 5 1 3 9 8 4 3 20 
2 7 9 3 5 1 4 8 6 6 1 8 7 4 2 9 3 5 5 4 3 8 9 6 1 7 2 8 7 2 6 3 9 5 4 1 4 9 5 2 1 7 3 6 8 3 6 1 5 8 4 9 2 7 9 3 4 7 6 8 2 1 3 1 8 6 4 2 5 6 9 7 2 5 7 9 1 3 8 5 4 10 22 
5 1 9 3 7 2 4 8 6 7 6 2 8 4 1 9 3 5 8 4 3 5 9 6 1 7 2 2 7 8 6 3 9 5 4 1 4 9 5 2 1 5 3 6 8 3 6 1 7 8 4 7 2 9 9 3 5 4 6 8 2 1 7 1 8 4 9 2 7 6 5 3 6 2 7 1 5 3 8 9 4 5 21 
5 2 9 3 1 8 4 7 9 8 1 6 7 4 2 1 3 5 7 4 3 5 9 6 6 8 2 7 2 8 6 3 9 5 4 1 4 9 5 2 7 1 3 6 8 3 6 1 5 8 4 9 2 7 9 3 4 8 6 7 2 1 3 1 8 5 4 2 9 7 9 6 2 6 7 1 5 3 8 5 4 13 22 
8 1 6 3 7 5 4 7 9 2 7 9 2 4 8 6 3 5 5 4 3 1 9 6 1 8 2 8 7 2 6 3 7 5 4 1 4 9 5 5 1 2 3 6 8 3 6 1 9 8 4 9 2 7 9 3 4 7 6 5 2 1 3 1 8 5 4 2 9 6 5 7 6 2 7 8 1 3 8 4 9 19 24 
7 1 5 3 5 1 4 7 9 8 2 9 2 4 8 6 3 5 6 4 3 7 9 6 1 8 2 8 7 2 6 3 9 5 4 1 4 9 5 5 1 2 3 6 8 3 6 1 8 7 4 7 2 9 9 3 5 4 6 7 2 1 7 1 8 4 9 2 5 3 5 4 6 2 7 1 8 3 9 8 6 23 24 
6 1 8 3 5 2 4 7 9 7 2 9 1 4 8 6 3 5 5 4 3 7 9 6 1 8 2 8 7 2 6 3 9 5 4 1 4 9 5 2 7 1 3 6 8 3 6 1 5 8 4 9 2 7 9 3 4 8 6 7 2 1 4 1 8 6 4 2 5 7 9 3 2 5 7 9 1 3 8 5 6 3 19 
6 1 2 3 5 8 4 9 7 8 7 9 1 4 2 6 3 5 5 4 3 7 9 6 1 8 2 7 2 8 6 3 9 5 4 1 4 9 5 2 7 1 3 6 8 3 6 1 5 8 4 7 2 9 9 3 4 8 6 5 2 1 7 1 8 6 4 2 7 9 5 3 2 5 7 9 1 3 8 4 6 3 18 
7 5 2 3 1 6 4 7 6 8 1 9 7 4 2 9 3 5 6 4 3 8 9 5 1 8 2 7 2 8 6 3 8 5 4 1 4 9 5 2 1 7 3 6 8 3 6 1 9 5 4 9 2 7 9 3 4 8 6 5 2 1 3 1 8 6 9 2 7 7 9 6 5 2 7 4 1 3 8 5 4 24 24 
2 5 9 3 8 7 4 8 6 6 1 8 1 4 2 9 3 5 7 4 3 5 9 6 1 7 2 2 7 8 6 3 9 5 4 1 4 9 5 2 7 1 3 6 8 3 6 1 8 5 4 9 2 7 9 3 5 4 6 8 2 1 4 1 8 4 7 2 9 7 5 3 6 2 7 5 1 3 8 9 6 15 22 
2 1 9 3 7 1 4 8 9 8 7 6 2 4 6 6 3 5 5 4 3 8 9 5 1 7 2 8 7 2 6 3 9 5 4 1 4 9 5 2 7 1 3 6 8 3 6 1 8 5 4 7 2 9 9 3 4 5 6 8 2 1 4 1 8 5 4 2 7 7 5 3 6 2 7 9 1 3 9 8 6 22 22 
5 7 2 3 8 1 4 9 6 8 1 9 2 4 6 7 3 5 6 4 3 7 9 5 1 8 2 7 2 8 6 3 9 5 4 1 4 9 5 1 7 2 3 6 8 3 6 1 8 5 4 9 2 7 9 3 4 5 6 8 2 1 4 1 8 6 9 2 7 6 7 3 2 5 7 4 1 3 8 5 9 5 21 
5 7 2 3 5 8 4 9 6 6 1 9 7 4 2 8 3 5 8 4 3 1 9 6 1 7 2 7 2 8 6 3 9 5 4 1 4 9 5 2 7 1 3 6 8 3 6 1 5 8 4 9 2 7 9 3 4 8 6 5 2 1 3 1 8 6 9 2 7 7 5 4 2 5 7 4 1 3 6 8 9 5 20 
7 5 2 3 8 6 4 8 9 6 1 9 7 4 2 1 3 5 8 4 3 1 9 5 6 7 2 2 7 8 6 3 9 5 4 1 4 9 5 2 7 1 3 6 8 3 6 1 8 5 4 7 2 9 9 3 4 5 6 8 2 1 7 1 8 6 4 2 7 9 5 3 5 2 7 9 1 3 8 4 6 5 19 
2 5 6 3 7 1 4 8 9 7 1 9 2 4 8 6 3 5 8 4 3 5 9 6 1 7 2 2 7 8 6 3 9 5 4 1 4 9 5 7 1 2 3 6 8 3 6 1 8 5 4 9 2 7 9 3 5 4 6 7 2 1 3 1 8 4 9 2 5 7 9 6 6 2 7 1 8 3 8 5 4 6 21 
5 1 2 3 8 6 4 7 9 8 7 9 1 4 2 6 3 5 6 4 3 5 9 7 1 8 2 7 2 8 6 3 9 5 4 1 4 9 5 2 7 1 3 6 8 3 6 1 8 5 4 9 2 7 9 3 4 7 6 8 2 1 4 1 8 6 4 2 5 7 9 3 2 5 7 9 1 3 8 5 6 3 17 
6 1 5 3 8 2 4 9 6 8 2 9 7 4 6 8 3 5 7 4 3 5 9 1 1 7 2 7 2 8 6 3 7 5 4 1 4 9 5 1 5 2 3 6 8 3 6 1 9 8 4 9 2 7 9 3 5 5 6 8 2 1 7 1 8 4 9 2 7 3 5 4 2 6 7 4 1 3 6 8 9 24 23 
2 5 9 3 8 6 4 9 7 7 1 8 1 4 2 6 3 5 6 4 3 7 9 5 1 8 2 8 7 2 6 3 9 5 4 1 4 9 5 2 7 1 3 6 8 3 6 1 8 5 4 7 2 9 9 3 4 5 6 8 2 1 3 1 8 5 4 2 7 9 7 6 6 2 7 9 1 3 8 5 4 7 20 
5 2 9 3 8 1 4 7 6 7 1 8 2 4 6 9 3 5 6 4 3 7 9 5 1 8 2 8 7 2 6 3 9 5 4 1 4 9 5 1 7 2 3 6 8 3 6 1 8 5 4 7 2 9 9 3 4 5 6 8 2 1 7 1 8 6 4 2 7 6 5 3 2 5 7 9 1 3 8 9 4 3 17 
5 2 8 3 7 1 4 9 6 6 1 9 2 4 8 7 3 5 7 4 3 5 9 6 1 8 2 8 7 2 6 3 9 5 4 1 4 9 5 7 1 2 3 6 8 3 6 1 5 8 4 9 2 7 9 3 5 8 6 7 2 1 4 1 8 4 4 2 9 6 7 3 2 6 7 1 5 3 8 5 9 7 20 
7 2 8 3 5 1 4 9 6 6 1 9 2 4 7 8 3 5 5 4 3 8 9 6 1 7 2 8 7 2 6 3 9 5 4 1 4 9 5 1 7 2 3 6 8 3 6 1 5 8 4 9 2 7 9 3 4 7 6 8 2 1 3 1 8 6 4 2 5 7 5 9 2 5 7 9 1 3 6 8 4 3 16 
8 1 2 3 5 7 4 9 6 7 6 9 8 4 2 1 3 5 5 4 3 1 9 6 7 8 2 2 7 8 6 3 9 5 4 1 4 9 5 2 7 1 3 6 8 3 6 1 5 8 4 9 2 7 9 3 5 8 6 7 2 1 4 1 8 4 9 2 5 6 7 3 6 2 7 4 1 3 8 5 9 5 18 
5 2 8 3 7 6 4 7 9 7 1 9 2 4 8 6 3 5 6 4 3 5 9 1 1 8 2 8 7 2 6 3 9 5 4 1 4 9 5 1 5 2 3 6 8 3 6 1 7 8 4 9 2 7 9 3 5 8 6 7 2 1 3 1 8 4 9 2 5 7 5 4 2 6 7 4 1 3 8 9 6 11 20 
2 7 9 3 5 6 4 8 9 8 1 6 7 4 2 6 3 5 5 4 3 8 9 1 1 7 2 7 2 8 6 3 9 5 4 1 4 9 5 1 7 2 3 6 8 3 6 1 5 8 4 9 2 7 9 3 5 8 6 5 2 1 4 1 8 4 9 2 7 7 5 3 6 2 7 4 1 3 8 9 6 11 20 
5 1 9 3 7 6 4 7 6 8 6 2 2 4 8 9 3 5 7 4 3 5 9 1 1 8 2 2 7 8 6 3 9 5 4 1 4 9 5 7 1 2 3 6 8 3 6 1 8 5 4 7 2 9 9 3 4 4 6 7 2 1 3 1 8 6 9 2 5 7 5 4 2 5 7 1 8 3 8 9 6 14 21 
8 1 2 3 5 7 4 9 6 6 7 9 8 4 2 1 3 5 5 4 3 1 9 6 7 8 2 7 2 8 6 3 9 5 4 1 4 9 5 1 7 2 3 6 8 3 6 1 8 5 4 9 2 7 9 3 4 4 6 8 2 1 7 1 8 6 7 2 5 3 9 6 2 5 7 9 1 3 8 5 4 12 19 
2 6 8 3 5 7 4 8 9 7 1 9 1 4 2 6 3 5 5 4 3 8 9 6 1 7 2 8 7 2 6 3 9 5 4 1 4 9 5 2 7 1 3 6 8 3 6 1 5 8 4 9 2 7 9 3 5 4 6 8 2 1 3 1 8 4 7 2 5 7 9 6 6 2 7 9 1 3 8 5 4 7 18 
5 1 9 3 7 2 4 7 9 7 2 6 1 4 8 1 3 5 8 4 3 5 9 6 6 8 2 2 7 8 6 3 9 5 4 1 4 9 5 1 7 2 3 6 8 3 6 1 8 5 4 9 2 7 9 3 5 4 6 8 2 1 7 1 8 4 9 2 7 3 5 4 2 6 7 1 5 3 8 9 6 20 21 
2 1 6 3 1 6 4 9 6 8 7 9 7 4 2 1 3 5 5 4 3 8 9 5 8 7 2 7 2 8 6 3 9 5 4 1 4 9 5 2 7 1 3 6 8 3 6 1 5 8 4 9 2 7 9 3 5 8 6 7 2 1 7 1 8 4 9 2 5 3 5 6 2 6 7 4 1 3 9 8 4 21 21 
5 2 6 3 8 1 4 7 9 8 1 9 2 4 7 6 3 5 7 4 3 5 9 6 1 8 2 2 7 8 6 3 9 5 4 1 4 9 5 1 7 2 3 6 8 3 6 1 8 5 4 7 2 9 9 3 5 4 6 8 2 1 7 1 8 4 7 2 5 3 9 6 6 2 7 9 1 3 8 5 4 5 17 
8 1 2 3 5 6 4 7 9 6 7 9 8 4 2 1 3 5 5 4 3 1 9 7 6 8 2 7 2 8 6 3 9 5 4 1 4 9 5 2 7 1 3 6 8 3 6 1 5 8 4 9 2 7 9 3 4 7 6 8 2 1 3 1 8 6 9 2 5 7 5 4 2 5 7 4 1 3 8 9 6 3 16 
5 2 8 3 1 6 4 7 9 7 1 9 8 4 2 6 3 5 6 4 3 7 9 5 1 8 2 8 7 2 6 3 9 5 4 1 4 9 5 2 7 1 3 6 8 3 6 1 8 5 4 9 2 7 9 3 4 5 6 7 2 1 4 1 8 6 4 2 9 7 5 3 2 5 7 1 8 3 8 9 6 5 17 
2 5 8 3 5 8 4 9 6 7 1 9 7 4 2 1 3 5 6 4 3 1 9 6 8 7 2 8 7 2 6 3 9 5 4 1 4 9 5 2 7 1 3 6 8 3 6 1 8 5 4 9 2 7 9 3 4 8 6 7 2 1 4 1 8 6 9 2 5 7 5 3 5 2 7 4 1 3 8 9 6 13 19 
2 1 5 3 8 7 4 9 6 6 7 9 1 4 2 1 3 5 8 4 3 5 9 6 8 7 2 7 2 8 6 3 9 5 4 1 4 9 5 2 7 1 3 6 8 3 6 1 8 5 4 7 2 9 9 3 4 4 6 8 2 1 7 1 8 6 7 2 5 9 5 3 5 2 7 9 1 3 6 8 4 7 18 
8 5 9 3 5 2 4 7 6 7 1 2 1 4 8 9 3 5 6 4 3 7 9 6 1 8 2 2 7 8 6 3 9 5 4 1 4 9 5 2 7 1 3 6 8 3 6 1 5 8 4 7 2 9 9 3 4 8 6 7 2 1 7 1 8 6 4 2 5 6 9 3 5 2 7 9 1 3 8 5 4 7 17 
7 5 9 3 1 2 4 8 6 2 1 8 7 4 6 9 3 5 6 4 3 8 9 5 1 7 2 8 7 2 6 3 9 5 4 1 4 9 5 2 7 1 3 6 8 3 6 1 5 8 4 7 2 9 9 3 5 4 6 8 2 1 7 1 8 4 9 2 7 6 5 3 6 2 7 1 5 3 8 9 4 3 16 
6 1 9 3 5 2 4 8 9 8 7 2 7 4 6 1 3 5 5 4 3 8 9 1 6 7 2 7 2 8 6 3 9 5 4 1 4 9 5 1 7 5 3 6 8 3 6 1 2 8 4 7 2 9 9 3 4 5 6 8 2 1 7 1 8 6 4 2 7 9 5 3 2 5 7 9 1 3 8 4 6 7 17 
5 1 2 3 8 2 4 9 7 8 7 9 1 4 6 6 3 5 6 4 3 5 9 7 1 8 2 2 7 8 6 3 9 5 4 1 4 9 5 2 7 1 3 6 8 3 6 1 8 5 4 7 2 9 9 3 5 7 6 8 2 1 4 1 8 4 9 2 5 3 7 6 6 2 7 4 1 3 8 5 9 8 18 
6 1 2 3 8 5 4 7 9 8 7 9 2 4 6 1 3 5 5 4 3 7 9 1 6 8 2 7 2 8 6 3 9 5 4 1 4 9 5 1 7 2 3 6 8 3 6 1 8 5 4 9 2 7 9 3 4 5 6 8 2 1 7 1 8 6 9 2 7 3 5 4 2 5 7 4 1 3 8 9 6 3 16 
8 1 2 3 7 5 4 9 6 6 7 9 8 4 2 1 3 5 5 4 3 1 9 6 8 7 2 7 2 8 6 3 9 5 4 1 4 9 5 7 5 1 3 6 8 3 6 1 2 8 4 7 2 9 9 3 4 5 6 8 2 1 7 1 8 6 4 2 7 9 5 3 2 5 7 9 1 3 6 8 4 3 15 
5 7 9 3 8 2 4 9 6 8 1 2 7 4 6 1 3 5 6 4 3 1 9 5 8 7 2 7 2 8 6 3 9 5 4 1 4 9 5 2 7 1 3 6 8 3 6 1 8 5 4 9 2 7 9 3 4 5 6 8 2 1 7 1 8 6 9 2 7 3 5 4 2 5 7 4 1 3 6 8 9 5 16 
5 2 9 3 8 7 4 8 9 7 1 8 2 4 6 1 3 5 6 4 3 5 9 1 6 7 2 2 7 8 6 3 9 5 4 1 4 9 5 1 5 2 3 6 8 3 6 1 8 7 4 7 2 9 9 3 4 7 6 8 2 1 3 1 8 6 4 2 5 9 7 6 2 5 7 9 1 3 8 5 4 14 19 
2 1 9 3 5 8 4 7 6 6 7 8 2 4 1 9 3 5 5 4 3 7 9 6 1 8 2 7 2 8 6 3 9 5 4 1 4 9 5 1 7 2 3 6 8 3 6 1 5 8 4 7 2 9 9 3 4 8 6 5 2 1 7 1 8 6 9 2 7 3 5 4 2 5 7 4 1 3 8 9 6 5 16 
5 7 2 3 8 1 4 9 6 6 1 9 7 4 2 8 3 5 8 4 3 5 9 6 1 7 2 7 2 8 6 3 9 5 4 1 4 9 5 1 7 2 3 6 8 3 6 1 8 5 4 7 2 9 9 3 4 5 6 8 2 1 7 1 8 6 4 2 7 9 5 3 2 5 7 9 1 3 6 8 4 3 15 
2 5 8 3 7 1 4 9 6 7 1 9 2 4 6 8 3 5 6 4 3 5 9 8 1 7 2 8 7 2 6 3 9 5 4 1 4 9 5 1 7 2 3 6 8 3 6 1 5 8 4 9 2 7 9 3 4 8 6 5 2 1 4 1 8 6 9 2 7 7 5 3 5 2 7 4 1 3 6 8 9 5 15 
7 5 2 3 5 1 4 9 6 8 1 9 2 4 6 7 3 5 6 4 3 8 9 7 1 8 2 2 7 8 6 3 9 5 4 1 4 9 5 1 7 2 3 6 8 3 6 1 5 8 4 9 2 7 9 3 5 7 6 8 2 1 4 1 8 4 9 2 5 6 7 3 6 2 7 4 1 3 8 5 9 5 15 
7 1 5 3 8 2 4 9 6 8 2 9 7 4 6 1 3 5 6 4 3 1 9 5 8 7 2 2 7 8 6 3 9 5 4 1 4 9 5 2 7 1 3 6 8 3 6 1 8 5 4 7 2 9 9 3 4 5 6 8 2 1 7 1 8 6 4 2 7 9 5 3 5 2 7 9 1 3 6 8 4 3 13 
5 1 8 3 7 2 4 9 6 7 2 9 1 4 6 8 3 5 6 4 3 5 9 8 1 7 2 8 7 2 6 3 9 5 4 1 4 9 5 7 5 1 3 6 8 3 6 1 2 8 4 7 2 9 9 3 4 8 6 5 2 1 7 1 8 6 4 2 7 9 5 3 2 5 7 9 1 3 6 8 4 3 13 
7 1 9 3 8 5 4 9 6 6 2 8 7 4 2 1 3 5 5 4 3 1 9 6 8 7 2 8 7 2 6 3 9 5 4 1 4 9 5 2 7 1 3 6 8 3 6 1 8 5 4 9 2 7 9 3 4 5 6 8 2 1 4 1 8 6 9 2 7 7 5 3 2 5 7 4 1 3 6 8 9 5 15 
8 1 2 3 7 2 4 9 6 6 7 9 1 4 6 8 3 5 5 4 3 8 9 5 1 7 2 7 2 8 6 3 9 5 4 1 4 9 5 2 1 7 3 6 8 3 6 1 5 8 4 9 2 7 9 3 4 4 6 8 2 1 3 1 8 6 9 2 7 7 5 9 2 5 7 1 5 3 6 8 4 11 18 
5 1 2 3 7 8 4 9 6 8 7 9 2 4 6 1 3 5 6 4 3 5 9 1 8 7 2 7 2 8 6 3 9 5 4 1 4 9 5 7 1 2 3 6 8 3 6 1 5 8 4 7 2 9 9 3 4 8 6 5 2 1 7 1 8 6 4 2 7 9 5 3 2 5 7 9 1 3 6 8 4 3 13 
5 2 9 3 7 1 4 8 6 7 1 8 2 4 6 9 3 5 6 4 3 5 9 8 1 7 2 8 7 2 6 3 9 5 4 1 4 9 5 1 5 2 3 6 8 3 6 1 7 8 4 7 2 9 9 3 4 8 6 7 2 1 3 1 8 6 4 2 5 6 9 7 2 5 7 9 1 3 8 5 4 6 15 
7 1 5 3 8 2 4 9 6 8 2 9 1 4 6 7 3 5 6 4 3 5 9 7 1 8 2 8 7 2 6 3 9 5 4 1 4 9 5 2 7 1 3 6 8 3 6 1 8 5 4 9 2 7 9 3 4 7 6 8 2 1 3 1 8 6 9 2 5 6 7 4 2 5 7 4 1 3 8 5 9 6 15 
8 1 9 3 5 2 4 7 6 6 7 2 1 4 8 9 3 5 5 4 3 7 9 6 1 8 2 7 2 8 6 3 9 5 4 1 4 9 5 2 7 1 3 6 8 3 6 1 5 8 4 7 2 9 9 3 4 8 6 5 2 1 7 1 8 6 4 2 7 9 5 3 2 5 7 9 1 3 6 8 4 3 12 
5 2 8 3 1 6 4 7 9 6 1 9 7 4 2 6 3 5 7 4 3 8 9 5 1 8 2 8 7 2 6 3 9 5 4 1 4 9 5 2 7 1 3 6 8 3 6 1 5 8 4 7 2 9 9 3 5 5 6 8 2 1 7 1 8 4 4 2 7 9 5 3 2 6 7 9 1 3 8 4 6 12 18 
8 6 2 3 5 1 4 7 9 7 1 9 2 4 8 6 3 5 5 4 3 7 9 6 1 8 2 2 7 8 6 3 9 5 4 1 4 9 5 1 7 2 3 6 8 3 6 1 5 8 4 9 2 7 9 3 5 8 6 7 2 1 4 1 8 4 4 2 5 7 9 3 6 2 7 9 1 3 8 5 6 5 14 
8 5 2 3 7 2 4 9 6 6 1 9 1 4 6 8 3 5 7 4 3 5 9 8 1 7 2 2 7 8 6 3 9 5 4 1 4 9 5 7 5 1 3 6 8 3 6 1 2 8 4 9 2 7 9 3 4 8 6 5 2 1 4 1 8 6 4 2 7 6 7 3 5 2 7 9 1 3 8 5 9 14 18 
6 7 2 3 5 1 4 8 9 8 1 9 2 4 7 6 3 5 5 4 3 8 9 6 1 7 2 7 2 8 6 3 9 5 4 1 4 9 5 1 7 2 3 6 8 3 6 1 5 8 4 9 2 7 9 3 4 7 6 8 2 1 3 1 8 6 9 2 5 7 5 4 2 5 7 4 1 3 8 9 6 3 12 
8 1 2 3 5 7 4 9 6 7 6 9 1 4 2 8 3 5 5 4 3 8 9 6 1 7 2 2 7 8 6 3 9 5 4 1 4 9 5 2 7 1 3 6 8 3 6 1 5 8 4 9 2 7 9 3 4 7 6 8 2 1 3 1 8 6 4 2 5 7 5 9 5 2 7 9 1 3 6 8 4 5 14 
7 1 6 3 5 2 4 8 9 8 2 9 1 4 7 6 3 5 5 4 3 8 9 6 1 7 2 2 7 8 6 3 9 5 4 1 4 9 5 2 7 1 3 6 8 3 6 1 5 8 4 7 2 9 9 3 5 4 6 8 2 1 7 1 8 4 7 2 9 3 5 6 6 2 7 5 1 3 9 8 4 8 17 
5 7 2 3 8 6 4 8 9 6 1 9 2 4 7 1 3 5 8 4 3 1 9 5 6 7 2 7 2 8 6 3 9 5 4 1 4 9 5 2 7 1 3 6 8 3 6 1 8 5 4 9 2 7 9 3 5 7 6 8 2 1 4 1 8 4 9 2 5 6 7 3 2 6 7 4 1 3 8 5 9 10 17 
6 5 2 3 8 1 4 9 7 8 1 9 2 4 7 6 3 5 7 4 3 5 9 6 1 8 2 2 7 8 6 3 9 5 4 1 4 9 5 1 7 2 3 6 8 3 6 1 8 5 4 7 2 9 9 3 4 7 6 8 2 1 4 1 8 6 4 2 5 9 7 3 5 2 7 9 1 3 8 5 6 3 11 
5 1 2 3 5 2 4 8 6 8 7 9 8 4 6 9 3 5 6 4 3 1 9 7 1 7 2 8 7 2 6 3 9 5 4 1 4 9 5 7 1 2 3 6 8 3 6 1 5 8 4 9 2 7 9 3 4 7 6 8 2 1 7 1 8 6 4 2 5 6 5 3 2 5 7 9 1 3 8 9 4 19 18 
7 5 2 3 8 1 4 9 6 6 1 9 7 4 2 8 3 5 8 4 3 5 9 6 1 7 2 2 7 8 6 3 9 5 4 1 4 9 5 2 7 1 3 6 8 3 6 1 8 5 4 7 2 9 9 3 4 8 6 5 2 1 7 1 8 6 4 2 7 9 5 3 5 2 7 9 1 3 6 8 4 3 10 
6 1 2 3 5 8 4 7 9 8 7 9 2 4 1 6 3 5 5 4 3 7 9 6 1 8 2 7 2 8 6 3 9 5 4 1 4 9 5 1 7 2 3 6 8 3 6 1 5 8 4 9 2 7 9 3 4 8 6 5 2 1 3 1 8 6 9 2 7 7 5 4 2 5 7 4 1 3 8 9 6 3 10 
8 5 2 3 7 1 4 9 6 6 1 9 2 4 8 7 3 5 7 4 3 5 9 6 1 8 2 2 7 8 6 3 9 5 4 1 4 9 5 2 7 1 3 6 8 3 6 1 8 5 4 9 2 7 9 3 4 8 6 7 2 1 3 1 8 6 9 2 5 6 7 4 5 2 7 4 1 3 8 5 9 8 15 
6 1 2 3 7 5 4 8 6 8 7 9 2 4 1 9 3 5 5 4 3 8 9 6 1 7 2 7 2 8 6 3 9 5 4 1 4 9 5 7 1 2 3 6 8 3 6 1 8 5 4 7 2 9 9 3 4 5 6 8 2 1 7 1 8 6 4 2 7 6 5 3 2 5 7 9 1 3 8 9 4 7 14 
8 5 9 3 5 2 4 7 9 6 1 2 8 4 7 1 3 5 7 4 3 1 9 6 6 8 2 2 7 8 6 3 9 5 4 1 4 9 5 2 7 1 3 6 8 3 6 1 5 8 4 9 2 7 9 3 4 7 6 8 2 1 4 1 8 6 9 2 5 7 5 3 5 2 7 4 1 3 8 9 6 7 14 
7 5 8 3 1 2 4 9 6 2 1 9 7 4 6 8 3 5 6 4 3 8 9 5 1 7 2 8 7 2 6 3 9 5 4 1 4 9 5 2 7 1 3 6 8 3 6 1 8 5 4 9 2 7 9 3 4 5 6 8 2 1 4 1 8 6 9 2 7 7 5 3 5 2 7 4 1 3 6 8 9 5 13 
2 5 8 3 1 6 4 7 9 7 1 9 8 4 2 6 3 5 6 4 3 5 9 7 1 8 2 8 7 2 6 3 9 5 4 1 4 9 5 2 7 1 3 6 8 3 6 1 8 5 4 9 2 7 9 3 4 7 6 8 2 1 4 1 8 6 4 2 5 7 9 3 5 2 7 9 1 3 8 5 6 5 12 
7 1 9 3 5 2 4 8 6 6 2 8 1 4 7 9 3 5 5 4 3 8 9 6 1 7 2 8 7 2 6 3 9 5 4 1 4 9 5 2 7 1 3 6 8 3 6 1 5 8 4 9 2 7 9 3 4 7 6 8 2 1 3 1 8 6 4 2 5 7 5 9 2 5 7 9 1 3 8 4 6 6 13 
2 5 9 3 8 5 4 9 6 6 1 8 7 4 2 1 3 5 7 4 3 1 9 6 8 7 2 8 7 2 6 3 9 5 4 1 4 9 5 2 7 1 3 6 8 3 6 1 8 5 4 7 2 9 9 3 4 5 6 8 2 1 7 1 8 6 4 2 7 9 5 3 5 2 7 9 1 3 6 8 4 5 12 
6 2 8 3 5 7 4 9 6 7 1 9 2 4 1 8 3 5 5 4 3 8 9 6 1 7 2 8 7 2 6 3 8 5 4 1 4 9 5 1 7 2 3 6 8 3 6 1 9 5 4 7 2 9 9 3 4 7 6 5 2 1 4 1 8 6 4 2 9 7 5 3 2 5 7 1 8 3 9 8 6 11 17 
7 1 8 3 5 2 4 8 9 6 2 9 1 4 7 6 3 5 5 4 3 8 9 6 1 7 2 8 7 2 6 3 9 5 4 1 4 9 5 2 7 1 3 6 8 3 6 1 5 8 4 7 2 9 9 3 4 5 6 8 2 1 7 1 8 6 9 2 7 3 5 4 2 5 7 4 1 3 9 8 6 8 14 
2 6 8 3 5 7 4 8 9 7 1 9 2 4 1 6 3 5 5 4 3 8 9 6 1 7 2 8 7 2 6 3 9 5 4 1 4 9 5 7 1 2 3 6 8 3 6 1 5 8 4 9 2 7 9 3 4 8 6 7 2 1 4 1 8 6 9 2 5 7 5 3 2 5 7 4 1 3 6 8 9 13 16 
7 5 2 3 8 1 4 9 6 6 1 9 2 4 7 8 3 5 8 4 3 5 9 6 1 7 2 2 7 8 6 3 9 5 4 1 4 9 5 1 7 2 3 6 8 3 6 1 8 5 4 9 2 7 9 3 4 7 6 8 2 1 3 1 8 6 9 2 5 7 5 4 5 2 7 4 1 3 6 8 9 3 10 
5 2 8 3 7 6 4 8 9 7 1 9 8 4 2 6 3 5 6 4 3 5 9 1 1 7 2 8 7 2 6 3 9 5 4 1 4 9 5 2 1 5 3 6 8 3 6 1 7 8 4 9 2 7 9 3 4 4 6 8 2 1 7 1 8 6 9 2 7 3 5 4 2 5 7 1 5 3 8 9 6 9 15 
6 1 2 3 5 7 4 8 9 8 7 9 2 4 1 6 3 5 5 4 3 8 9 6 1 7 2 7 2 8 6 3 9 5 4 1 4 9 5 1 7 2 3 6 8 3 6 1 5 8 4 7 2 9 9 3 4 7 6 8 2 1 7 1 8 6 4 2 5 9 5 3 2 5 7 9 1 3 8 4 6 5 12 
7 1 2 3 8 5 4 9 6 8 6 9 7 4 2 1 3 5 5 4 3 1 9 6 8 7 2 2 7 8 6 3 9 5 4 1 4 9 5 2 7 1 3 6 8 3 6 1 8 5 4 7 2 9 9 3 4 5 6 8 2 1 7 1 8 6 4 2 7 9 5 3 2 5 7 9 1 3 6 8 4 3 8 
7 1 2 3 5 8 4 9 6 8 6 9 7 4 2 1 3 5 5 4 3 1 9 6 8 7 2 2 7 8 6 3 9 5 4 1 4 9 5 2 7 1 3 6 8 3 6 1 5 8 4 7 2 9 9 3 4 8 6 5 2 1 7 1 8 5 9 2 7 6 5 3 6 2 7 4 1 3 9 8 4 5 9 
6 5 2 3 8 1 4 9 6 7 1 9 2 4 6 8 3 5 8 4 3 7 9 5 1 7 2 2 7 8 6 3 9 5 4 1 4 9 5 1 7 2 3 6 8 3 6 1 8 5 4 7 2 9 9 3 4 5 6 8 2 1 7 1 8 6 4 2 7 9 5 3 5 2 7 9 1 3 6 8 4 3 7 
2 5 9 3 8 6 4 7 9 7 1 8 1 4 2 6 3 5 6 4 3 7 9 5 1 8 2 8 7 2 6 3 9 5 4 1 4 9 5 2 7 1 3 6 8 3 6 1 8 5 4 7 2 9 9 3 4 5 6 8 2 1 7 1 8 6 9 2 7 3 5 4 5 2 7 4 1 3 9 8 6 6 13 

