MonoObjective Genetic Algorithm
Number of Evaluations = 0
Mutation Probability = 0.0100000000000000002
Crossover Probability = 0.5
Population Size = 100
Survival Selection Type = 16

Time =  300.157826999999997

Current Evaluation = 167400
Front Size = 100
9 5 2 7 6 8 3 1 4 8 4 1 3 9 5 2 7 6 6 3 7 4 1 2 5 8 9 1 2 9 5 8 4 6 3 7 7 8 5 1 3 6 9 4 2 3 6 4 2 7 9 1 5 8 5 1 8 9 2 7 4 6 3 4 9 6 8 5 3 7 2 1 2 7 3 6 4 1 8 9 5 1 2 
9 5 2 7 6 8 3 1 4 8 4 1 5 9 3 2 7 6 6 3 7 4 2 1 5 8 9 1 2 5 5 8 4 6 3 7 7 9 8 1 3 6 9 4 2 3 6 4 9 7 2 1 5 8 5 1 9 8 2 7 4 6 3 4 8 6 3 5 9 7 2 1 2 7 3 6 1 4 8 9 5 6 16 
9 5 2 7 6 8 3 1 4 8 4 1 5 9 3 2 7 6 6 3 7 4 2 1 5 8 9 1 2 9 9 8 5 6 3 7 7 8 5 1 4 6 9 4 2 3 6 4 3 7 2 1 5 8 5 1 8 2 3 7 4 6 3 4 9 6 8 5 9 7 2 1 2 7 3 6 1 4 8 9 5 6 12 
6 5 2 6 3 8 3 1 4 8 4 1 7 9 5 2 7 6 3 9 7 4 1 2 5 8 9 1 2 5 5 8 4 6 3 7 7 3 8 1 2 6 9 4 2 9 6 4 9 7 3 1 5 8 5 1 8 9 3 7 4 6 3 9 4 6 2 5 8 7 2 1 2 7 3 6 4 1 8 9 5 117 18 
9 5 2 6 3 8 3 1 4 8 4 1 7 9 5 2 7 6 6 3 7 4 1 2 5 8 9 1 2 5 5 8 9 6 3 7 7 9 8 1 4 6 9 4 2 3 6 4 2 7 3 1 5 8 5 1 9 8 6 7 4 6 3 4 8 6 9 5 2 7 2 1 2 7 3 3 4 1 8 9 5 12 16 
9 5 2 7 6 8 3 1 4 8 4 1 3 9 5 2 6 7 6 3 7 4 1 2 5 8 9 1 2 5 9 8 5 6 3 7 7 8 3 1 4 6 9 4 2 9 6 4 3 7 2 1 5 8 5 1 8 9 2 7 4 2 6 4 9 6 8 5 3 7 3 1 2 7 3 6 1 4 8 9 5 114 15 
9 5 2 8 6 3 3 1 4 8 4 1 7 9 5 2 7 6 6 3 7 4 2 1 5 8 9 1 2 5 5 8 9 6 3 7 7 8 9 1 4 6 9 4 2 3 6 4 2 7 3 1 5 8 5 1 8 9 2 7 4 6 3 4 9 6 3 5 8 7 2 1 2 7 3 6 1 4 8 9 5 9 14 
6 5 2 7 6 8 3 1 4 8 4 1 3 9 5 2 7 6 3 9 7 4 2 1 5 8 9 1 2 5 5 8 9 6 3 7 7 8 3 1 4 6 9 4 2 9 6 4 2 7 3 1 5 8 5 1 8 2 3 7 4 6 3 9 4 6 8 5 9 7 2 1 2 7 3 6 1 4 8 9 5 112 14 
9 5 2 7 6 8 3 1 4 8 4 1 5 9 3 2 7 6 6 3 7 4 1 2 5 8 9 1 2 5 5 8 4 6 3 7 7 9 8 1 3 6 9 4 2 3 6 4 2 7 9 1 5 8 5 1 9 8 2 7 4 6 3 4 8 6 9 5 3 7 2 1 2 7 3 6 4 1 8 9 5 5 8 
6 5 2 7 6 3 3 1 4 8 9 1 2 9 5 2 7 6 3 4 7 4 1 8 5 8 9 1 2 9 9 8 4 6 3 7 5 7 8 1 3 6 9 4 2 3 6 4 5 7 2 1 5 8 5 1 3 8 2 7 4 6 3 9 8 6 3 5 1 7 2 1 2 7 4 6 4 9 8 9 5 1017 20 
9 5 2 7 6 8 3 1 4 8 4 1 3 9 5 2 7 6 6 3 7 4 2 1 5 8 9 1 2 9 5 8 4 6 3 7 7 8 5 1 3 6 9 4 2 3 6 4 2 7 9 1 5 8 5 1 9 8 2 7 4 6 3 4 8 6 9 5 3 7 2 1 2 7 3 6 1 4 8 9 5 5 8 
9 5 2 8 6 3 3 1 4 8 4 1 7 9 5 2 6 7 6 3 7 4 1 2 5 8 9 1 2 9 5 8 4 6 3 7 7 8 5 1 2 6 9 4 2 3 6 4 9 7 3 1 5 8 5 1 9 2 6 7 4 2 6 4 8 6 8 5 9 7 3 1 2 7 3 3 4 1 8 9 5 116 17 
9 5 2 7 6 8 3 1 4 8 4 1 3 9 5 2 7 6 6 3 7 4 2 1 5 8 9 1 2 9 5 8 9 6 3 7 7 8 5 1 4 6 9 4 2 3 6 4 2 7 3 1 5 8 5 1 8 9 3 7 4 6 3 4 9 6 8 5 2 7 2 1 2 7 3 6 1 4 8 9 5 6 8 
9 5 2 7 6 8 3 1 4 8 4 1 3 9 5 2 7 6 6 3 7 4 2 1 5 8 9 1 2 9 5 8 4 6 3 7 7 8 5 1 3 6 9 4 2 3 6 4 9 7 2 1 5 8 5 1 8 2 3 7 4 6 3 4 9 6 8 5 9 7 2 1 2 7 3 6 4 1 8 9 5 5 7 
9 5 2 8 6 3 3 1 4 8 4 1 7 9 5 2 7 6 6 3 7 4 1 2 5 8 9 1 2 9 5 8 4 6 3 7 7 8 5 1 3 6 9 4 2 3 6 4 2 7 9 1 5 8 5 1 8 9 2 7 4 6 3 4 9 6 3 5 8 7 2 1 2 7 3 6 4 1 8 9 5 3 5 
9 5 2 6 3 8 3 1 4 8 4 1 7 9 5 2 7 6 6 3 7 4 1 2 5 8 9 1 2 9 9 8 5 6 3 7 7 8 5 1 4 6 9 4 2 3 6 4 2 7 3 1 5 8 5 1 8 8 2 7 4 6 3 4 9 6 3 5 9 7 2 1 2 7 3 6 1 4 8 9 5 11 11 
9 5 2 7 6 8 3 1 4 8 4 1 3 9 5 2 7 6 6 3 7 4 2 1 5 8 9 1 2 9 5 8 4 6 3 7 7 8 5 1 3 6 9 4 2 3 6 4 9 7 2 1 5 8 5 1 8 9 2 7 4 6 3 4 9 6 8 5 3 7 2 1 2 7 3 6 1 4 8 9 5 4 5 
9 5 2 7 6 8 3 1 4 8 4 1 3 9 5 2 7 6 6 3 7 4 1 2 5 8 9 1 2 5 5 8 9 6 3 7 7 3 8 1 4 6 9 4 2 9 6 4 2 7 3 1 5 8 5 1 9 8 2 7 4 6 3 4 8 6 9 5 4 7 2 1 2 7 3 6 3 1 8 9 5 7 9 
9 5 2 7 6 8 3 1 4 8 4 1 5 9 3 2 7 6 6 3 7 4 1 2 5 8 9 1 2 9 5 8 4 6 3 7 7 8 5 1 3 6 9 4 2 3 6 4 2 7 9 1 5 8 5 1 8 9 2 7 4 6 3 4 9 6 3 5 8 7 2 1 2 7 3 6 4 1 8 9 5 3 4 
9 5 2 8 6 3 3 1 4 8 4 1 7 9 5 2 7 6 6 3 7 4 2 1 5 8 9 1 2 9 5 8 9 6 3 7 7 8 5 1 4 6 9 4 2 3 6 4 3 7 2 1 5 8 5 1 9 9 2 7 4 6 3 4 8 6 8 5 4 7 2 1 2 7 3 3 6 1 8 9 5 17 11 
9 5 2 7 6 8 3 1 4 8 4 1 5 9 3 2 7 6 6 3 7 4 2 1 5 8 9 1 2 5 9 8 5 6 3 7 7 3 8 1 4 6 9 4 2 9 6 4 3 7 2 1 5 8 5 1 9 8 3 7 4 6 3 4 8 6 2 5 9 7 2 1 2 7 3 6 1 4 8 9 5 7 8 
9 5 2 7 6 8 3 1 4 8 4 1 3 9 5 2 7 6 6 3 7 4 1 2 5 8 9 1 2 9 5 8 4 6 3 7 7 8 5 1 3 6 9 4 2 3 6 4 9 7 2 1 5 8 5 1 9 8 2 7 4 6 3 4 8 6 3 5 9 7 2 1 2 7 3 6 4 1 8 9 5 5 7 
9 5 2 7 6 8 3 1 4 8 4 1 5 9 3 2 6 7 6 3 7 4 2 1 5 8 9 1 2 9 5 8 9 6 3 7 7 8 5 1 4 6 9 4 2 3 6 4 3 7 2 1 5 8 5 1 9 8 3 7 4 2 6 4 8 6 2 5 9 7 3 1 2 7 3 6 4 1 8 9 5 112 13 
9 5 2 7 6 8 3 1 4 8 4 1 3 9 5 2 7 6 6 3 7 4 1 2 5 8 9 1 2 9 5 8 4 6 3 7 7 8 5 1 3 6 9 4 2 3 6 4 2 7 9 1 5 8 5 1 9 8 2 7 4 6 3 4 8 6 9 5 3 7 2 1 2 7 3 6 4 1 8 9 5 3 4 
9 5 2 7 6 8 3 1 4 8 4 1 5 9 3 2 7 6 6 3 7 4 1 2 5 8 9 1 2 5 9 8 5 6 3 7 7 8 3 1 4 6 9 4 2 9 6 4 3 7 2 1 5 8 5 1 8 9 2 7 4 6 3 4 9 6 8 5 4 7 2 1 2 7 3 6 3 1 8 9 5 9 10 
9 5 2 7 6 8 3 1 4 8 4 1 5 9 3 2 7 6 6 3 7 4 1 2 5 8 9 1 2 5 9 8 5 6 3 7 7 9 8 1 4 6 9 4 2 3 6 4 2 7 3 1 5 8 5 1 9 8 2 7 4 6 3 4 8 6 3 5 9 7 2 1 2 7 3 6 1 4 8 9 5 7 7 
9 5 2 7 6 8 3 1 4 8 4 1 3 9 5 2 7 6 6 3 7 4 1 2 5 8 9 1 2 9 5 8 4 6 3 7 7 8 5 1 3 6 9 4 2 3 6 4 2 7 9 1 5 8 5 1 8 8 2 7 4 6 3 4 9 6 9 5 3 7 2 1 2 7 3 6 4 1 8 9 5 3 2 
9 5 2 7 6 8 3 1 4 8 4 1 3 9 5 2 7 6 6 3 7 4 2 1 5 8 9 1 2 5 5 8 9 6 3 7 7 3 8 1 4 6 9 4 2 9 6 4 2 7 3 1 5 8 5 1 9 8 3 7 4 6 3 4 8 6 9 5 2 7 2 1 2 7 3 6 1 4 8 9 5 7 6 
9 5 2 7 6 8 3 1 4 8 4 1 5 9 3 2 7 6 6 3 7 4 2 1 5 8 9 1 2 5 5 8 4 6 3 7 7 3 8 1 3 6 9 4 2 9 6 4 2 7 9 1 5 8 5 1 8 9 3 7 4 6 3 9 4 6 2 5 8 7 2 1 2 7 3 6 4 1 8 9 5 17 10 
9 5 2 7 6 8 3 1 4 8 4 1 3 9 5 2 7 6 6 3 7 4 1 2 5 8 9 1 2 9 5 8 9 6 3 7 7 8 5 1 4 6 9 4 2 3 6 4 2 7 3 1 5 8 5 1 8 9 2 7 4 6 3 4 9 6 8 5 4 7 2 1 2 7 3 6 3 1 8 9 5 6 5 
9 5 2 8 6 3 3 1 4 8 4 1 7 9 5 2 7 6 6 3 7 4 2 1 5 8 9 1 2 9 5 8 9 6 3 7 7 8 5 1 4 6 9 4 2 3 6 4 3 7 2 1 5 8 5 1 8 2 3 7 4 6 3 4 9 6 9 5 8 7 2 1 2 7 3 6 1 4 8 9 5 8 7 
9 5 2 7 6 8 3 1 4 8 4 1 3 9 5 2 7 6 6 3 7 4 2 1 5 8 9 1 2 5 5 8 9 6 3 7 7 3 8 1 4 6 9 4 2 9 6 4 3 7 2 1 5 8 5 1 8 9 2 7 4 6 3 4 9 6 8 5 3 7 2 1 2 7 3 6 4 1 8 9 5 10 9 
9 5 2 7 6 8 3 1 4 8 4 1 5 9 3 2 7 6 6 3 7 4 1 2 5 8 9 1 2 9 5 8 4 6 3 7 7 8 5 1 3 6 9 4 2 3 6 4 2 7 9 1 5 8 5 1 8 9 2 7 4 6 3 4 9 6 8 5 3 7 2 1 2 7 3 6 4 1 8 9 5 3 2 
9 5 2 6 3 8 3 1 4 8 4 1 7 9 5 2 7 6 6 3 7 4 1 2 5 8 9 1 2 5 5 8 4 6 3 7 7 8 9 1 3 6 9 4 2 3 6 4 9 7 2 1 5 8 5 1 8 2 6 7 4 6 3 4 9 6 8 5 9 7 2 1 2 7 3 3 4 1 8 9 5 10 9 
9 5 2 6 3 8 3 1 4 8 4 1 7 9 5 2 7 6 6 3 7 4 2 1 5 8 9 1 2 9 5 8 4 6 3 7 7 8 5 1 3 6 9 4 2 3 6 4 9 7 2 1 5 8 5 1 9 8 6 7 4 6 3 4 8 6 2 5 9 7 2 1 2 7 3 3 1 4 8 9 5 10 9 
9 5 2 7 6 8 3 1 4 8 4 1 3 9 5 2 6 7 6 3 7 4 2 1 5 8 9 1 2 5 5 8 9 6 3 7 7 8 9 1 4 6 9 4 2 3 6 4 3 7 2 1 5 8 5 1 8 9 2 7 4 6 3 4 9 6 8 5 3 7 2 1 2 7 3 6 1 4 8 9 5 9 7 
9 5 2 7 6 8 3 1 4 8 4 1 5 9 3 2 7 6 6 3 7 4 1 2 5 8 9 1 2 9 5 8 9 6 3 7 7 8 5 1 4 6 9 4 2 3 6 4 3 7 2 1 5 8 5 1 9 8 2 7 4 6 3 4 8 6 9 5 3 7 2 1 2 7 3 6 1 4 8 9 5 10 8 
9 5 2 7 6 8 3 1 4 8 4 1 5 9 3 2 7 6 6 3 7 4 2 1 5 8 9 1 2 5 5 8 4 6 3 7 7 8 9 1 3 6 9 4 2 3 6 4 2 7 9 1 5 8 5 1 8 9 2 7 4 6 3 4 9 6 3 5 8 7 2 1 2 7 3 6 1 4 8 9 5 7 6 
9 5 2 8 6 3 3 1 4 8 4 1 7 9 5 2 7 6 6 3 7 4 2 1 5 8 9 1 2 9 5 8 4 6 3 7 7 8 5 1 3 6 9 4 2 3 6 4 9 7 2 1 5 8 5 1 8 9 2 7 4 6 3 4 9 6 3 5 8 7 2 1 2 7 3 6 1 4 8 9 5 6 5 
9 5 2 7 6 8 3 1 4 8 4 1 3 9 5 2 6 7 6 3 7 4 1 2 5 8 9 1 2 5 5 8 9 6 3 7 7 9 8 1 4 6 9 4 2 3 6 4 2 7 3 1 5 8 5 1 9 2 3 7 4 6 3 4 8 6 8 5 9 7 2 1 2 7 3 6 4 1 8 9 5 12 9 
9 5 2 7 6 8 3 1 4 8 4 1 3 9 5 2 7 6 6 3 7 4 1 2 5 8 9 1 2 9 5 8 4 6 3 7 7 8 5 1 3 6 9 4 2 3 6 4 9 7 2 1 5 8 5 1 8 9 2 7 4 6 3 4 9 6 8 5 3 7 2 1 2 7 3 6 4 1 8 9 5 3 2 
9 5 2 7 6 8 3 1 4 8 4 1 5 9 3 2 6 7 6 3 7 4 2 1 5 8 9 1 2 9 5 8 4 6 3 7 7 8 5 1 3 6 9 4 2 3 6 4 9 7 2 1 5 8 5 1 8 6 2 7 4 6 3 4 9 6 8 5 9 7 2 1 2 7 3 3 4 1 8 9 5 9 7 
9 5 2 7 6 8 3 1 4 8 4 1 5 9 3 2 7 6 6 3 7 4 1 2 5 8 9 1 2 5 5 8 4 6 3 7 7 9 8 1 3 6 9 4 2 3 6 4 9 7 2 1 5 8 5 1 9 8 2 7 4 6 3 4 8 6 3 5 9 7 2 1 2 7 3 6 4 1 8 9 5 5 4 
9 5 2 7 6 8 3 1 4 8 4 1 5 9 3 2 7 6 6 3 7 4 1 2 5 8 9 1 2 9 5 8 4 6 3 7 7 8 5 1 3 6 9 4 2 3 6 4 2 7 9 1 5 8 5 1 9 8 2 7 4 6 3 4 8 6 3 5 9 7 2 1 2 7 3 6 4 1 8 9 5 5 4 
9 5 2 7 6 8 3 1 4 8 4 1 3 9 5 2 7 6 6 3 7 4 2 1 5 8 9 1 2 5 5 8 4 6 3 7 7 9 8 1 3 6 9 4 2 3 6 4 2 7 9 1 5 8 5 1 9 8 2 7 4 6 3 4 8 6 9 5 3 7 2 1 2 7 3 6 1 4 8 9 5 5 3 
9 5 2 7 6 8 3 1 4 8 4 1 3 9 5 2 7 6 6 3 7 4 2 1 5 8 9 1 2 9 5 8 9 6 3 7 7 8 5 1 4 6 9 4 2 3 6 4 3 7 2 1 5 8 5 1 8 9 2 7 4 6 3 4 9 6 8 5 3 7 2 1 2 7 3 6 1 4 8 9 5 6 3 
6 5 2 8 6 3 3 1 4 8 4 1 7 9 5 2 6 7 3 9 7 4 2 1 5 8 9 1 2 5 9 8 5 6 3 7 7 3 8 1 4 6 9 4 2 9 6 4 3 7 2 1 5 8 5 1 8 9 2 7 4 6 3 4 9 6 3 5 8 7 2 1 2 7 3 6 1 4 8 9 5 115 12 
9 5 2 7 6 8 3 1 4 8 4 1 5 9 3 2 7 6 6 3 7 4 1 2 5 8 9 1 2 5 5 8 9 6 3 7 7 9 8 1 4 6 9 4 2 3 6 4 3 7 2 1 5 8 5 1 8 2 3 7 4 6 3 4 9 6 9 5 8 7 2 1 2 7 3 6 1 4 8 9 5 13 8 
9 5 2 6 3 8 3 1 4 8 4 1 7 9 5 2 6 7 6 3 7 4 1 2 5 8 9 1 2 9 5 8 4 6 3 7 7 8 5 1 3 6 9 4 2 3 6 4 2 7 9 1 5 8 5 1 8 8 3 7 4 2 6 4 9 6 2 5 9 7 3 1 2 7 3 6 4 1 8 9 5 113 11 
9 5 2 7 6 8 3 1 4 8 4 1 3 9 5 2 7 6 6 3 7 4 1 2 5 8 9 1 2 9 5 8 9 6 3 7 7 8 5 1 4 6 9 4 2 3 6 4 2 7 3 1 5 8 5 1 8 9 2 7 4 6 3 4 9 6 8 5 3 7 2 1 2 7 3 6 1 4 8 9 5 6 3 
9 5 2 7 6 8 3 1 4 8 4 1 3 9 5 2 6 7 6 3 7 4 2 1 5 8 9 1 2 5 5 8 4 6 3 7 7 3 8 1 3 6 9 4 2 9 6 4 9 7 2 1 5 8 5 1 9 9 3 7 4 2 6 4 8 6 8 5 2 7 3 1 2 7 3 6 1 4 8 9 5 114 11 
9 5 2 8 6 3 3 1 4 8 4 1 7 9 5 2 7 6 6 3 7 4 1 2 5 8 9 1 2 5 5 8 4 6 3 7 7 3 8 1 2 6 9 4 2 9 6 4 9 7 3 1 5 8 5 1 8 9 3 7 4 6 3 4 9 6 2 5 8 7 2 1 2 7 3 6 4 1 8 9 5 13 8 
9 5 2 7 6 8 3 1 4 8 4 1 5 9 3 2 7 6 6 3 7 4 2 1 5 8 9 1 2 9 5 8 4 6 3 7 7 8 5 1 3 6 9 4 2 3 6 4 9 7 2 1 5 8 5 1 9 8 2 7 4 6 3 4 8 6 3 5 9 7 2 1 2 7 3 6 1 4 8 9 5 6 3 
6 5 2 7 6 8 3 1 4 8 4 1 3 9 5 2 7 6 3 9 7 4 2 1 5 8 9 1 2 5 5 8 4 6 3 7 7 8 3 1 3 6 9 4 2 9 6 4 2 7 9 1 5 8 5 1 8 9 2 7 4 6 3 9 4 6 3 5 8 7 2 1 2 7 3 6 4 1 8 9 5 113 9 
9 5 2 7 6 8 3 1 4 8 4 1 3 9 5 2 7 6 6 3 7 4 2 1 5 8 9 1 2 9 5 8 4 6 3 7 7 8 5 1 3 6 9 4 2 3 6 4 2 7 9 1 5 8 5 1 8 9 2 7 4 6 3 4 9 6 8 5 3 7 2 1 2 7 3 6 4 1 8 9 5 3 2 
9 5 2 8 6 3 3 1 4 8 4 1 7 9 5 2 7 6 6 3 7 4 1 2 5 8 9 1 2 5 5 8 4 6 3 7 7 9 8 1 3 6 9 4 2 3 6 4 2 7 9 1 5 8 5 1 9 8 2 7 4 6 3 4 8 6 9 5 4 7 2 1 2 7 3 3 6 1 8 9 5 10 7 
9 5 2 7 6 8 3 1 4 8 4 1 3 9 5 2 7 6 6 3 7 4 2 1 5 8 9 1 2 5 5 8 4 6 3 7 7 9 8 1 3 6 9 4 2 3 6 4 9 7 2 1 5 8 5 1 9 2 3 7 4 6 3 4 8 6 8 5 9 7 2 1 2 7 3 6 4 1 8 9 5 7 5 
9 5 2 7 6 8 3 1 4 8 4 1 3 9 5 2 7 6 6 3 7 4 1 2 5 8 9 1 2 5 5 8 4 6 3 7 7 9 8 1 3 6 9 4 2 3 6 4 2 7 9 1 5 8 5 1 9 8 2 7 4 6 3 4 8 6 9 5 3 7 2 1 2 7 3 6 4 1 8 9 5 3 2 
9 5 2 7 6 8 3 1 4 8 4 1 3 9 5 2 7 6 6 3 7 4 1 2 5 8 9 1 2 9 5 8 4 6 3 7 7 8 5 1 3 6 9 4 2 3 6 4 2 7 9 1 5 8 5 1 8 9 2 7 4 6 3 4 9 6 8 5 3 7 2 1 2 7 3 6 1 4 8 9 5 3 2 
9 5 2 6 3 8 3 1 4 8 4 1 7 9 5 2 7 6 6 3 7 4 1 2 5 8 9 1 2 5 5 8 9 6 3 7 7 3 8 1 4 6 9 4 2 9 6 4 3 7 2 1 5 8 5 1 9 8 2 7 4 6 3 4 8 6 9 5 3 7 2 1 2 7 3 6 4 1 8 9 5 10 7 
9 5 2 7 6 8 3 1 4 8 4 1 3 9 5 2 7 6 6 3 7 4 1 2 5 8 9 1 2 5 5 8 9 6 3 7 7 9 8 1 4 6 9 4 2 3 6 4 2 7 3 1 5 8 5 1 9 8 2 7 4 6 3 4 8 6 9 5 3 7 2 1 2 7 3 6 1 4 8 9 5 7 5 
9 5 2 7 6 8 3 1 4 8 4 1 3 9 5 2 7 6 6 3 7 4 1 2 5 8 9 1 2 5 5 8 9 6 3 7 7 8 3 1 4 6 9 4 2 9 6 4 2 7 3 1 5 8 5 1 8 9 2 7 4 6 3 4 9 6 3 5 8 7 2 1 2 7 3 6 4 1 8 9 5 8 6 
9 5 2 8 6 3 3 1 4 8 4 1 7 9 5 2 6 7 6 3 7 4 1 2 5 8 9 1 2 5 5 8 9 6 3 7 7 9 8 1 4 6 9 4 2 3 6 4 3 7 2 1 5 8 5 1 9 8 2 7 4 2 6 4 8 6 3 5 9 7 3 1 2 7 3 6 4 1 8 9 5 116 11 
9 5 2 7 6 8 3 1 4 8 4 1 5 9 3 2 6 7 6 3 7 4 1 2 5 8 9 1 2 5 5 8 4 6 3 7 7 8 9 1 3 6 9 4 2 3 6 4 2 7 9 1 5 8 5 1 8 9 2 7 4 6 3 4 9 6 8 5 3 7 2 1 2 7 3 6 4 1 8 9 5 7 4 
9 5 2 7 6 8 3 1 4 8 4 1 5 9 3 2 7 6 6 3 7 4 1 2 5 8 9 1 2 5 5 8 4 6 3 7 7 8 9 1 3 6 9 4 2 3 6 4 9 7 2 1 5 8 5 1 8 9 2 7 4 6 3 4 9 6 8 5 3 7 2 1 2 7 3 6 4 1 8 9 5 7 4 
9 5 2 6 2 8 3 1 4 8 4 1 7 9 3 2 7 6 6 3 7 4 1 5 5 8 9 1 2 5 9 8 5 6 3 7 7 8 9 1 4 6 9 4 2 3 6 4 3 7 2 1 5 8 5 1 8 8 6 7 4 6 3 4 9 6 2 5 9 7 2 1 2 7 3 3 1 4 8 9 5 116 10 
6 5 2 7 3 8 3 1 4 8 4 1 6 9 5 2 7 6 3 9 7 4 1 2 5 8 9 1 2 5 5 8 4 6 3 7 7 3 8 1 3 6 9 4 2 9 6 4 9 7 2 1 5 8 5 1 9 9 2 7 4 6 3 4 8 6 8 5 4 7 2 1 2 7 3 6 3 1 8 9 5 118 11 
9 5 2 7 6 8 3 1 4 8 4 1 5 9 3 2 7 6 6 3 7 4 2 1 5 8 9 1 2 5 5 8 4 6 3 7 7 9 8 1 3 6 9 4 2 3 6 4 2 7 9 1 5 8 5 1 9 8 2 7 4 6 3 4 8 6 3 5 9 7 2 1 2 7 3 6 4 1 8 9 5 7 4 
9 5 2 6 3 8 3 1 4 8 4 1 7 9 5 2 6 7 6 3 7 4 1 2 5 8 9 1 2 5 5 8 9 6 3 7 7 9 8 1 4 6 9 4 2 3 6 4 2 7 3 1 5 8 5 1 8 2 6 7 4 2 6 4 9 6 8 5 9 7 3 1 2 7 3 3 4 1 8 9 5 118 10 
9 5 2 7 6 8 3 1 4 8 4 1 3 9 5 2 6 7 6 3 7 4 1 2 5 8 9 1 2 9 9 8 5 6 3 7 7 8 5 1 4 6 9 4 2 3 6 4 2 7 3 1 5 8 5 1 8 2 3 7 4 6 3 4 9 6 8 5 9 7 2 1 2 7 3 6 4 1 8 9 5 11 7 
9 5 2 8 6 3 3 1 4 8 4 1 7 9 5 2 7 6 6 3 7 4 1 2 5 8 9 1 2 5 5 8 9 6 3 7 7 9 8 1 4 6 9 4 2 3 6 4 2 7 3 1 5 8 5 1 9 3 2 7 4 6 3 4 8 6 9 5 8 7 2 1 2 7 3 6 4 1 8 9 5 11 7 
9 5 2 7 6 8 3 1 4 8 4 1 5 9 3 2 7 6 6 3 7 4 1 2 5 8 9 1 2 9 9 8 5 6 3 7 7 8 5 1 4 6 9 4 2 3 6 4 2 7 3 1 5 8 5 1 8 8 2 7 4 6 3 4 9 6 3 5 9 7 2 1 2 7 3 6 4 1 8 9 5 8 6 
9 5 2 7 6 8 3 1 4 8 4 1 3 9 5 2 6 7 6 3 7 4 1 2 5 8 9 1 2 9 5 8 4 6 3 7 7 8 5 1 3 6 9 4 2 3 6 4 9 7 2 1 5 8 5 1 9 8 3 7 4 2 6 4 8 6 2 5 9 7 3 1 2 7 3 6 4 1 8 9 5 107 7 
9 5 2 7 6 8 3 1 4 8 4 1 3 9 5 2 7 6 6 3 7 4 1 2 5 8 9 1 2 9 5 8 4 6 3 7 7 8 5 1 3 6 9 4 2 3 6 4 2 7 9 1 5 8 5 1 8 9 2 7 4 6 3 4 9 6 3 5 8 7 2 1 2 7 3 6 4 1 8 9 5 3 2 
9 5 2 7 6 8 3 1 4 8 4 1 3 9 5 2 7 6 6 3 7 4 2 1 5 8 9 1 2 5 5 8 9 6 3 7 7 9 8 1 4 6 9 4 2 3 6 4 3 7 2 1 5 8 5 1 9 8 2 7 4 6 3 4 8 6 9 5 3 7 2 1 2 7 3 6 4 1 8 9 5 9 6 
9 5 2 6 2 8 3 1 4 8 4 1 7 9 3 2 7 6 6 3 7 4 1 5 5 8 9 1 2 5 5 8 4 6 3 7 7 9 8 1 3 6 9 4 2 3 6 4 2 7 9 1 5 8 5 1 8 8 3 7 4 6 3 9 4 6 2 5 9 7 2 1 2 7 3 6 1 4 8 9 5 119 11 
9 5 2 7 6 8 3 1 4 8 4 1 5 9 3 2 7 6 6 3 7 4 1 2 5 8 9 1 2 5 9 8 5 6 3 7 7 8 9 1 4 6 9 4 2 3 6 4 3 7 2 1 5 8 5 1 8 2 3 7 4 6 3 4 9 6 8 5 9 7 2 1 2 7 3 6 4 1 8 9 5 9 6 
9 5 2 7 6 8 3 1 4 8 4 1 5 9 3 2 7 6 6 3 7 4 1 2 5 8 9 1 2 5 5 8 4 6 3 7 7 8 9 1 3 6 9 4 2 3 6 4 2 7 9 1 5 8 5 1 8 3 2 7 4 6 3 4 9 6 9 5 8 7 2 1 2 7 3 6 4 1 8 9 5 7 4 
9 5 2 8 6 3 3 1 4 8 4 1 7 9 5 2 7 6 6 3 7 4 1 2 5 8 9 1 2 5 5 8 4 6 3 7 7 9 8 1 3 6 9 4 2 3 6 4 2 7 9 1 5 8 5 1 9 8 2 7 4 6 3 4 8 6 3 5 9 7 2 1 2 7 3 6 4 1 8 9 5 7 4 
9 5 2 7 6 8 3 1 4 8 4 1 5 9 3 2 7 6 6 3 7 4 1 2 5 8 9 1 2 5 5 8 4 6 3 7 7 9 8 1 3 6 9 4 2 3 6 4 2 7 9 1 5 8 5 1 8 9 2 7 4 6 3 4 9 6 8 5 3 7 2 1 2 7 3 6 4 1 8 9 5 7 3 
9 5 2 7 6 8 3 1 4 8 4 1 3 9 5 2 7 6 6 3 7 4 2 1 5 8 9 1 2 9 5 8 4 6 3 7 7 8 5 1 3 6 9 4 2 3 6 4 2 7 9 1 5 8 5 1 8 9 2 7 4 6 3 4 9 6 8 5 3 7 2 1 2 7 3 6 1 4 8 9 5 3 2 
9 5 2 7 6 8 3 1 4 8 4 1 3 9 5 2 7 6 6 3 7 4 2 1 5 8 9 1 2 9 5 8 4 6 3 7 7 8 5 1 3 6 9 4 2 3 6 4 9 7 2 1 5 8 5 1 8 9 2 7 4 6 3 4 9 6 8 5 3 7 2 1 2 7 3 6 4 1 8 9 5 4 2 
9 5 2 8 6 3 3 1 4 8 4 1 7 9 5 2 7 6 6 3 7 4 2 1 5 8 9 1 2 9 5 8 4 6 3 7 7 8 5 1 3 6 9 4 2 3 6 4 2 7 9 1 5 8 5 1 8 9 2 7 4 6 3 4 9 6 3 5 8 7 2 1 2 7 3 6 4 1 8 9 5 5 2 
9 5 2 7 6 8 3 1 4 8 4 1 5 9 3 2 7 6 6 3 7 4 1 2 5 8 9 1 2 5 9 8 5 6 3 7 7 8 9 1 4 6 9 4 2 3 6 4 2 7 3 1 5 8 5 1 8 9 2 7 4 6 3 4 9 6 3 5 8 7 2 1 2 7 3 6 1 4 8 9 5 9 6 
9 5 2 6 3 8 3 1 4 8 4 1 7 9 5 2 7 6 6 3 7 4 1 2 5 8 9 1 2 9 5 8 4 6 3 7 7 8 5 1 3 6 9 4 2 3 6 4 9 7 2 1 5 8 5 1 8 9 2 7 4 6 3 4 9 6 8 5 4 7 2 1 2 7 3 3 6 1 8 9 5 9 6 
9 5 2 7 6 8 3 1 4 8 4 1 3 9 5 2 7 6 6 3 7 4 2 1 5 8 9 1 2 9 5 8 4 6 3 7 7 8 5 1 3 6 9 4 2 3 6 4 2 7 9 1 5 8 5 1 8 8 2 7 4 6 3 4 9 6 9 5 3 7 2 1 2 7 3 6 4 1 8 9 5 5 2 
9 5 2 7 6 8 3 1 4 8 4 1 5 9 3 2 7 6 6 3 7 4 2 1 5 8 9 1 2 9 5 8 4 6 3 7 7 8 5 1 3 6 9 4 2 3 6 4 2 7 9 1 5 8 5 1 8 9 2 7 4 6 3 4 9 6 3 5 8 7 2 1 2 7 3 6 1 4 8 9 5 5 2 
9 5 2 7 6 8 3 1 4 8 4 1 5 9 3 2 7 6 6 3 7 4 2 1 5 8 9 1 2 5 5 8 4 6 3 7 7 9 8 1 3 6 9 4 2 3 6 4 9 7 2 1 5 8 5 1 9 8 2 7 4 6 3 4 8 6 3 5 9 7 2 1 2 7 3 6 4 1 8 9 5 6 2 
9 5 2 7 6 8 3 1 4 8 4 1 3 9 5 2 7 6 6 3 7 4 1 2 5 8 9 1 2 9 5 8 9 6 3 7 7 8 5 1 4 6 9 4 2 3 6 4 2 7 3 1 5 8 5 1 8 9 2 7 4 6 3 4 9 6 8 5 3 7 2 1 2 7 3 6 4 1 8 9 5 6 2 
9 5 2 7 6 8 3 1 4 8 4 1 3 9 5 2 7 6 6 3 7 4 2 1 5 8 9 1 2 9 5 8 9 6 3 7 7 8 5 1 4 6 9 4 2 3 6 4 2 7 3 1 5 8 5 1 8 9 2 7 4 6 3 4 9 6 8 5 3 7 2 1 2 7 3 6 1 4 8 9 5 6 2 
9 5 2 8 6 3 3 1 4 8 4 1 7 9 5 2 7 6 6 3 7 4 2 1 5 8 9 1 2 5 5 8 9 6 3 7 7 3 8 1 4 6 9 4 2 9 6 4 3 7 2 1 5 8 5 1 9 2 3 7 4 6 3 4 8 6 9 5 8 7 2 1 2 7 3 6 1 4 8 9 5 9 6 
9 5 2 7 6 8 3 1 4 8 4 1 5 9 3 2 7 6 6 3 7 4 2 1 5 8 9 1 2 9 9 8 5 6 3 7 7 8 5 1 4 6 9 4 2 3 6 4 2 7 3 1 5 8 5 1 8 8 2 7 4 6 3 4 9 6 3 5 9 7 2 1 2 7 3 6 1 4 8 9 5 8 4 
9 5 2 7 6 8 3 1 4 8 4 1 3 9 5 2 7 6 6 3 7 4 2 1 5 8 9 1 2 9 5 8 9 6 3 7 7 8 5 1 4 6 9 4 2 3 6 4 2 7 3 1 5 8 5 1 9 8 2 7 4 6 3 4 8 6 3 5 9 7 2 1 2 7 3 6 1 4 8 9 5 9 5 
9 5 2 7 6 8 3 1 4 8 4 1 5 9 3 2 7 6 6 3 7 4 2 1 5 8 9 1 2 9 5 8 4 6 3 7 7 8 5 1 3 6 9 4 2 3 6 4 9 7 2 1 5 8 5 1 8 9 2 7 4 6 3 4 9 6 8 5 3 7 2 1 2 7 3 6 1 4 8 9 5 6 2 
9 5 2 7 6 8 3 1 4 8 4 1 5 9 3 2 7 6 6 3 7 4 1 2 5 8 9 1 2 5 9 8 5 6 3 7 7 9 8 1 4 6 9 4 2 3 6 4 3 7 2 1 5 8 5 1 9 8 2 7 4 6 3 4 8 6 9 5 3 7 2 1 2 7 3 6 4 1 8 9 5 9 5 
9 5 2 7 6 8 3 1 4 8 4 1 3 9 5 2 7 6 6 3 7 4 1 2 5 8 9 1 2 5 5 8 9 6 3 7 7 9 8 1 4 6 9 4 2 3 6 4 2 7 3 1 5 8 5 1 9 8 2 7 4 6 3 4 8 6 3 5 9 7 2 1 2 7 3 6 4 1 8 9 5 8 4 
9 5 2 7 6 8 3 1 4 8 4 1 3 9 5 2 7 6 6 3 7 4 2 1 5 8 9 1 2 9 5 8 4 6 3 7 7 8 5 1 3 6 9 4 2 3 6 4 9 7 2 1 5 8 5 1 9 8 2 7 4 6 3 4 8 6 3 5 9 7 2 1 2 7 3 6 4 1 8 9 5 6 2 
9 5 2 7 6 8 3 1 4 8 4 1 3 9 5 2 7 6 6 3 7 4 1 2 5 8 9 1 2 5 5 8 9 6 3 7 7 3 8 1 4 6 9 4 2 9 6 4 2 7 3 1 5 8 5 1 8 2 3 7 4 6 3 4 9 6 8 5 9 7 2 1 2 7 3 6 4 1 8 9 5 11 6 
9 5 2 7 6 8 3 1 4 8 4 1 5 9 3 2 7 6 6 3 7 4 2 1 5 8 9 1 2 5 5 8 4 6 3 7 7 8 9 1 3 6 9 4 2 3 6 4 2 7 9 1 5 8 5 1 8 9 2 7 4 6 3 4 9 6 3 5 8 7 2 1 2 7 3 6 4 1 8 9 5 7 2 
9 5 2 8 6 3 3 1 4 8 4 1 7 9 5 2 7 6 6 3 7 4 1 2 5 8 9 1 2 9 5 8 9 6 3 7 7 8 5 1 4 6 9 4 2 3 6 4 2 7 3 1 5 8 5 1 8 9 2 7 4 6 3 4 9 6 3 5 8 7 2 1 2 7 3 6 1 4 8 9 5 8 4 

