MonoObjective Genetic Algorithm
Number of Evaluations = 0
Mutation Probability = 0.0100000000000000002
Crossover Probability = 0.5
Population Size = 100
Survival Selection Type = 16

Time =  300.078066999999976

Current Evaluation = 169500
Front Size = 100
9 5 2 7 6 8 3 1 4 8 4 1 3 9 5 2 7 6 6 3 7 4 1 2 5 8 9 1 2 9 5 8 4 6 3 7 7 8 5 1 3 6 9 4 2 3 6 4 2 7 9 1 5 8 5 1 8 9 2 7 4 6 3 4 9 6 8 5 3 7 2 1 2 7 3 6 4 1 8 9 5 1 5 
6 5 2 7 6 8 3 1 4 8 4 1 5 9 3 2 6 7 3 9 7 4 2 1 5 8 9 1 2 5 5 8 9 6 3 7 7 3 8 1 4 6 9 4 2 9 6 4 2 7 3 1 5 8 5 1 8 9 2 7 4 6 3 9 4 6 3 5 8 7 2 1 2 7 3 6 1 4 8 9 5 114 22 
9 5 2 7 6 8 3 1 4 8 4 1 5 9 3 2 7 6 6 3 7 4 2 1 5 8 9 1 2 5 9 8 5 6 3 7 7 9 8 1 4 6 9 4 2 3 6 4 3 7 2 1 5 8 5 1 9 2 3 7 4 6 3 4 8 6 8 5 9 7 2 1 2 7 3 6 1 4 8 9 5 7 18 
9 5 2 7 6 8 3 1 4 8 4 1 5 9 3 2 6 7 6 3 7 4 1 2 5 8 9 1 2 5 5 8 4 6 3 7 7 9 8 1 3 6 9 4 2 3 6 4 9 7 2 1 5 8 5 1 8 9 3 7 4 2 6 9 4 6 2 5 8 7 3 1 2 7 3 6 4 1 8 9 5 113 17 
9 5 2 7 6 8 3 1 4 8 4 1 3 9 5 2 7 6 6 3 7 4 1 2 5 8 9 1 2 5 5 8 4 6 3 7 7 9 8 1 3 6 9 4 2 3 6 4 2 7 9 1 5 8 5 1 9 8 2 7 4 6 3 4 8 6 9 5 3 7 2 1 2 7 3 6 4 1 8 9 5 3 7 
9 5 2 7 6 8 3 1 4 8 4 1 3 9 5 2 6 7 6 3 7 4 2 1 5 8 9 1 2 5 9 8 5 6 3 7 7 8 3 1 4 6 9 4 2 9 6 4 2 7 3 1 5 8 5 1 8 9 3 7 4 2 6 4 9 6 2 5 8 7 3 1 2 7 3 6 1 4 8 9 5 111 16 
9 5 2 7 6 8 3 1 4 8 4 1 3 9 5 2 7 6 6 3 7 4 2 1 5 8 9 1 2 9 5 8 4 6 3 7 7 8 5 1 3 6 9 4 2 3 6 4 9 7 2 1 5 8 5 1 9 8 2 7 4 6 3 4 8 6 3 5 9 7 2 1 2 7 3 6 1 4 8 9 5 6 11 
9 5 2 8 6 3 3 1 4 8 4 1 7 9 5 2 7 6 6 3 7 4 2 1 5 8 9 1 2 9 5 8 4 6 3 7 7 8 5 1 3 6 9 4 2 3 6 4 2 7 9 1 5 8 5 1 8 9 2 7 4 6 3 4 9 6 3 5 8 7 2 1 2 7 3 6 1 4 8 9 5 5 9 
9 5 2 6 3 8 3 1 4 8 4 1 7 9 5 2 7 6 6 3 7 4 2 1 5 8 9 1 2 9 9 8 5 6 3 7 7 8 5 1 4 6 9 4 2 3 6 4 2 7 3 1 5 8 5 1 9 2 6 7 4 6 3 4 8 6 8 5 9 7 2 1 2 7 3 3 4 1 8 9 5 15 13 
9 5 2 7 6 8 3 1 4 8 4 1 3 9 5 2 7 6 6 3 7 4 2 1 5 8 9 1 2 9 5 8 4 6 3 7 7 8 5 1 3 6 9 4 2 3 6 4 9 7 2 1 5 8 5 1 8 2 3 7 4 6 3 4 9 6 8 5 9 7 2 1 2 7 3 6 4 1 8 9 5 5 7 
9 5 2 7 6 8 3 1 4 8 4 1 3 9 5 2 7 6 6 3 7 4 2 1 5 8 9 1 2 5 5 8 9 6 3 7 7 8 9 1 4 6 9 4 2 3 6 4 3 7 2 1 5 8 5 1 8 9 2 7 4 6 3 4 9 6 8 5 3 7 2 1 2 7 3 6 1 4 8 9 5 7 10 
9 5 2 6 1 8 3 1 4 8 4 1 7 9 3 2 7 6 6 3 7 4 2 5 5 8 9 1 2 5 5 8 4 6 3 7 7 3 8 1 3 6 9 4 2 9 6 4 2 7 9 1 5 8 5 1 8 9 2 7 4 6 3 4 9 6 8 5 4 7 2 1 2 7 3 3 6 1 8 9 5 114 13 
9 5 2 7 6 8 3 1 4 8 4 1 5 9 3 2 7 6 6 3 7 4 1 2 5 8 9 1 2 5 9 8 5 6 3 7 7 3 8 1 4 6 9 4 2 9 6 4 3 7 2 1 5 8 5 1 8 9 2 7 4 6 3 4 9 6 8 5 3 7 2 1 2 7 3 6 4 1 8 9 5 10 11 
6 5 2 7 6 3 3 1 4 8 9 1 2 9 5 2 7 6 3 4 7 4 1 8 5 8 9 1 2 9 9 8 4 6 3 7 5 7 8 1 3 6 9 4 2 3 6 4 5 7 2 1 5 8 5 1 3 8 2 7 4 6 3 9 8 6 3 5 1 7 2 1 2 7 4 6 4 9 8 9 5 1017 19 
9 5 2 8 6 3 3 1 4 8 4 1 7 9 5 2 6 7 6 3 7 4 1 2 5 8 9 1 2 9 9 8 5 6 3 7 7 8 5 1 4 6 9 4 2 3 6 4 3 7 2 1 5 8 5 1 8 8 3 7 4 2 6 9 4 6 9 5 2 7 3 1 2 7 3 6 1 4 8 9 5 119 15 
9 5 2 7 6 8 3 1 4 8 4 1 5 9 3 2 6 7 6 3 7 4 1 2 5 8 9 1 2 9 5 8 9 6 3 7 7 8 5 1 4 6 9 4 2 3 6 4 2 7 3 1 5 8 5 1 8 9 2 7 4 6 3 9 4 6 3 5 8 7 2 1 2 7 3 6 4 1 8 9 5 12 11 
9 5 2 7 6 8 3 1 4 8 4 1 5 9 3 2 7 6 6 3 7 4 1 2 5 8 9 1 2 5 5 8 4 6 3 7 7 9 8 1 3 6 9 4 2 3 6 4 9 7 2 1 5 8 5 1 9 8 2 7 4 6 3 4 8 6 3 5 9 7 2 1 2 7 3 6 4 1 8 9 5 5 6 
9 5 2 3 6 8 3 1 4 8 4 1 7 9 5 2 7 6 6 3 7 4 1 2 5 8 9 1 2 5 5 8 9 6 3 7 7 8 3 1 4 6 9 4 2 9 6 4 2 7 3 1 5 8 5 1 8 9 2 7 4 6 3 4 9 6 8 5 4 7 2 1 2 7 3 6 3 1 8 9 5 9 10 
9 5 2 8 6 3 3 1 4 8 4 1 7 9 5 2 7 6 6 3 7 4 1 2 5 8 9 1 2 9 5 8 9 6 3 7 7 8 5 1 4 6 9 4 2 3 6 4 3 7 2 1 5 8 5 1 8 2 3 7 4 6 3 4 9 6 9 5 8 7 2 1 2 7 3 6 4 1 8 9 5 10 10 
9 5 2 7 6 8 3 1 4 8 4 1 5 9 3 2 7 6 6 3 7 4 1 2 5 8 9 1 2 5 5 8 4 6 3 7 7 8 9 1 3 6 9 4 2 3 6 4 2 7 9 1 5 8 5 1 8 9 2 7 4 6 3 4 9 6 3 5 8 7 2 1 2 7 3 6 1 4 8 9 5 7 8 
9 5 2 7 6 8 3 1 4 8 4 1 5 9 3 2 7 6 6 3 7 4 1 2 5 8 9 1 2 9 9 8 5 6 3 7 7 8 5 1 4 6 9 4 2 3 6 4 2 7 3 1 5 8 5 1 9 8 2 7 4 6 3 4 8 6 3 5 9 7 2 1 2 7 3 6 1 4 8 9 5 8 9 
9 5 2 7 6 8 3 1 4 8 4 1 3 9 5 2 7 6 6 3 7 4 2 1 5 8 9 1 2 5 5 8 9 6 3 7 7 9 8 1 4 6 9 4 2 3 6 4 3 7 2 1 5 8 5 1 9 8 2 7 4 6 3 4 8 6 9 5 3 7 2 1 2 7 3 6 1 4 8 9 5 7 6 
9 5 2 6 3 8 3 1 4 8 4 1 7 9 5 2 7 6 6 3 7 4 1 2 5 8 9 1 2 5 5 8 4 6 3 7 7 3 8 1 3 6 9 4 2 9 6 4 2 7 9 1 5 8 5 1 9 2 6 7 4 6 3 4 8 6 9 5 8 7 2 1 2 7 3 3 1 4 8 9 5 16 11 
9 5 2 8 6 3 3 1 4 8 4 1 7 9 5 2 7 6 6 3 7 4 1 2 5 8 9 1 2 5 5 8 9 6 3 7 7 9 8 1 4 6 9 4 2 3 6 4 2 7 3 1 5 8 5 1 8 9 2 7 4 6 3 9 4 6 3 5 8 7 2 1 2 7 3 6 1 4 8 9 5 12 10 
9 5 2 6 3 8 3 1 4 8 4 1 7 9 5 2 7 6 6 3 7 4 1 2 5 8 9 1 2 9 5 8 4 6 3 7 7 8 5 1 3 6 9 4 2 3 6 4 2 7 9 1 5 8 5 1 8 9 2 7 4 6 3 4 9 6 8 5 4 7 2 1 2 7 3 3 6 1 8 9 5 7 6 
9 5 2 6 3 8 3 1 4 8 4 1 7 9 5 2 7 6 6 3 7 4 2 1 5 8 9 1 2 9 5 8 9 6 3 7 7 8 5 1 4 6 9 4 2 3 6 4 2 7 3 1 5 8 5 1 8 9 6 7 4 6 3 4 9 6 8 5 2 7 2 1 2 7 3 3 1 4 8 9 5 9 8 
9 5 2 7 6 8 3 1 4 8 4 1 5 9 3 2 7 6 6 3 7 4 2 1 5 8 9 1 2 9 9 8 5 6 3 7 7 8 5 1 4 6 9 4 2 3 6 4 3 7 2 1 5 8 5 1 8 8 2 7 4 6 3 4 9 6 9 5 3 7 2 1 2 7 3 6 1 4 8 9 5 9 8 
6 5 2 6 3 8 3 1 4 8 4 1 7 9 5 2 7 6 3 9 7 4 1 2 5 8 9 1 2 5 5 8 4 6 3 7 7 8 3 1 3 6 9 4 2 9 6 4 2 7 9 1 5 8 5 1 8 9 2 7 4 6 3 9 4 6 8 5 3 7 2 1 2 7 3 6 4 1 8 9 5 113 11 
9 5 2 7 6 8 3 1 4 8 4 1 5 9 3 2 7 6 6 3 7 4 2 1 5 8 9 1 2 5 5 8 4 6 3 7 7 8 9 1 3 6 9 4 2 3 6 4 9 7 2 1 5 8 5 1 8 3 2 7 4 6 3 4 9 6 8 5 9 7 2 1 2 7 3 6 1 4 8 9 5 8 7 
9 5 2 7 6 8 3 1 4 8 4 1 5 9 3 2 7 6 6 3 7 4 2 1 5 8 9 1 2 5 5 8 4 6 3 7 7 8 9 1 3 6 9 4 2 3 6 4 2 7 9 1 5 8 5 1 8 9 2 7 4 6 3 4 9 6 8 5 3 7 2 1 2 7 3 6 4 1 8 9 5 7 6 
9 5 2 8 6 3 3 1 4 8 4 1 7 9 5 2 6 7 6 3 7 4 1 2 5 8 9 1 2 5 9 8 5 6 3 7 7 9 8 1 4 6 9 4 2 3 6 4 3 7 2 1 5 8 5 1 8 9 3 7 4 2 6 4 9 6 2 5 8 7 3 1 2 7 3 6 4 1 8 9 5 115 10 
9 5 2 7 6 8 3 1 4 8 4 1 3 9 5 2 7 6 6 3 7 4 2 1 5 8 9 1 2 9 5 8 4 6 3 7 7 8 5 1 3 6 9 4 2 3 6 4 9 7 2 1 5 8 5 1 8 9 2 7 4 6 3 4 9 6 8 5 3 7 2 1 2 7 3 6 1 4 8 9 5 4 5 
9 5 2 7 6 8 3 1 4 8 4 1 3 9 5 2 7 6 6 3 7 4 1 2 5 8 9 1 2 9 5 8 9 6 3 7 7 8 5 1 4 6 9 4 2 3 6 4 2 7 3 1 5 8 5 1 8 9 2 7 4 6 3 4 9 6 8 5 4 7 2 1 2 7 3 6 3 1 8 9 5 6 5 
9 5 2 8 6 3 3 1 4 8 4 1 7 9 5 2 7 6 6 3 7 4 1 2 5 8 9 1 2 9 5 8 4 6 3 7 7 8 5 1 3 6 9 4 2 3 6 4 2 7 9 1 5 8 5 1 8 9 2 7 4 6 3 4 9 6 3 5 8 7 2 1 2 7 3 6 4 1 8 9 5 3 4 
9 5 2 7 6 8 3 1 4 8 4 1 3 9 5 2 6 7 6 3 7 4 2 1 5 8 9 1 2 9 5 8 9 6 3 7 7 8 5 1 4 6 9 4 2 3 6 4 2 7 3 1 5 8 5 1 9 8 3 7 4 6 3 4 8 6 9 5 2 7 2 1 2 7 3 6 1 4 8 9 5 10 9 
9 5 2 6 3 8 3 1 4 8 4 1 7 9 5 2 7 6 6 3 7 4 2 1 5 8 9 1 2 9 5 8 4 6 3 7 7 8 5 1 3 6 9 4 2 3 6 4 2 7 9 1 5 8 5 1 8 2 6 7 4 6 3 4 9 6 9 5 8 7 2 1 2 7 3 3 4 1 8 9 5 10 7 
9 5 2 7 6 8 3 1 4 8 4 1 3 9 5 2 7 6 6 3 7 4 2 1 5 8 9 1 2 5 5 8 9 6 3 7 7 3 8 1 4 6 9 4 2 9 6 4 2 7 3 1 5 8 5 1 9 8 2 7 4 6 3 4 8 6 3 5 9 7 2 1 2 7 3 6 1 4 8 9 5 8 6 
9 5 2 8 6 3 3 1 4 8 4 1 7 9 5 2 7 6 6 3 7 4 2 1 5 8 9 1 2 5 5 8 9 6 3 7 7 8 3 1 4 6 9 4 2 9 6 4 2 7 3 1 5 8 5 1 8 9 2 7 4 6 3 4 9 6 3 5 8 7 2 1 2 7 3 6 4 1 8 9 5 11 7 
9 5 2 6 3 8 3 1 4 8 4 1 7 9 5 2 7 6 6 3 7 4 1 2 5 8 9 1 2 5 5 8 9 6 3 7 7 8 9 1 4 6 9 4 2 3 6 4 3 7 2 1 5 8 5 1 8 8 2 7 4 6 3 4 9 6 9 5 3 7 2 1 2 7 3 6 4 1 8 9 5 12 8 
9 5 2 7 6 8 3 1 4 8 4 1 5 9 3 2 7 6 6 3 7 4 1 2 5 8 9 1 2 9 5 8 9 6 3 7 7 8 5 1 4 6 9 4 2 3 6 4 3 7 2 1 5 8 5 1 8 9 2 7 4 6 3 4 9 6 8 5 3 7 2 1 2 7 3 6 4 1 8 9 5 8 6 
9 5 2 7 6 8 3 1 4 8 4 1 5 9 3 2 7 6 6 3 7 4 1 2 5 8 9 1 2 5 5 8 9 6 3 7 7 8 9 1 4 6 9 4 2 3 6 4 2 7 3 1 5 8 5 1 9 8 2 7 4 6 3 4 8 6 9 5 3 7 2 1 2 7 3 6 4 1 8 9 5 12 7 
9 5 2 6 3 8 3 1 4 8 4 1 7 9 5 2 7 6 6 3 7 4 2 1 5 8 9 1 2 5 5 8 4 6 3 7 7 3 8 1 3 6 9 4 2 9 6 4 9 7 2 1 5 8 5 1 8 3 2 7 4 6 3 4 9 6 8 5 9 7 2 1 2 7 3 6 4 1 8 9 5 15 9 
9 5 2 7 6 8 3 1 4 8 4 1 3 9 5 2 7 6 6 3 7 4 2 1 5 8 9 1 2 5 5 8 4 6 3 7 7 3 8 1 3 6 9 4 2 9 6 4 2 7 9 1 5 8 5 1 9 9 2 7 4 6 3 4 8 6 3 5 8 7 2 1 2 7 3 6 4 1 8 9 5 12 7 
9 5 2 7 6 8 3 1 4 8 4 1 3 9 5 2 7 6 6 3 7 4 2 1 5 8 9 1 2 5 5 8 4 6 3 7 7 9 8 1 3 6 9 4 2 3 6 4 9 7 2 1 5 8 5 1 9 2 3 7 4 6 3 4 8 6 8 5 9 7 2 1 2 7 3 6 4 1 8 9 5 7 5 
9 5 2 8 6 3 3 1 4 8 4 1 7 9 5 2 7 6 6 3 7 4 2 1 5 8 9 1 2 9 5 8 9 6 3 7 7 8 5 1 4 6 9 4 2 3 6 4 2 7 3 1 5 8 5 1 9 2 3 7 4 6 3 4 8 6 8 5 9 7 2 1 2 7 3 6 1 4 8 9 5 14 8 
9 5 2 7 6 8 3 1 4 8 4 1 5 9 3 2 7 6 6 3 7 4 1 2 5 8 9 1 2 9 9 8 5 6 3 7 7 8 5 1 4 6 9 4 2 3 6 4 2 7 3 1 5 8 5 1 8 3 2 7 4 6 3 4 9 6 8 5 9 7 2 1 2 7 3 6 4 1 8 9 5 8 6 
9 5 2 7 6 8 3 1 4 8 4 1 3 9 5 2 6 7 6 3 7 4 2 1 5 8 9 1 2 5 5 8 4 6 3 7 7 9 8 1 3 6 9 4 2 3 6 4 2 7 9 1 5 8 5 1 9 9 3 7 4 2 6 4 8 6 2 5 8 7 3 1 2 7 3 6 4 1 8 9 5 111 9 
9 5 2 6 3 8 3 1 4 8 4 1 7 9 5 2 7 6 6 3 7 4 1 2 5 8 9 1 2 9 9 8 5 6 3 7 7 8 5 1 4 6 9 4 2 3 6 4 3 7 2 1 5 8 5 1 8 8 6 7 4 6 3 4 9 6 9 5 2 7 2 1 2 7 3 3 1 4 8 9 5 18 8 
6 5 2 3 6 8 3 1 4 8 4 1 7 9 5 2 7 6 3 9 7 4 1 2 5 8 9 1 2 5 5 8 9 6 3 7 7 8 3 1 4 6 9 4 2 9 6 4 2 7 3 1 5 8 5 1 8 9 2 7 4 6 3 9 4 6 3 5 8 7 2 1 2 7 3 6 1 4 8 9 5 113 8 
9 5 2 7 6 8 3 1 4 8 4 1 5 9 3 2 7 6 6 3 7 4 1 2 5 8 9 1 2 9 5 8 4 6 3 7 7 8 5 1 3 6 9 4 2 3 6 4 2 7 9 1 5 8 5 1 8 9 2 7 4 6 3 4 9 6 3 5 8 7 2 1 2 7 3 6 4 1 8 9 5 3 4 
9 5 2 7 6 8 3 1 4 8 4 1 3 9 5 2 6 7 6 3 7 4 2 1 5 8 9 1 2 5 9 8 5 6 3 7 7 8 3 1 4 6 9 4 2 9 6 4 2 7 3 1 5 8 5 1 9 8 2 7 4 6 3 4 8 6 9 5 3 7 2 1 2 7 3 6 1 4 8 9 5 12 7 
9 5 2 6 3 8 3 1 4 8 4 1 7 9 5 2 7 6 6 3 7 4 1 2 5 8 9 1 2 5 5 8 9 6 3 7 7 9 8 1 4 6 9 4 2 3 6 4 2 7 3 1 5 8 5 1 9 8 6 7 4 6 3 4 8 6 9 5 2 7 2 1 2 7 3 3 1 4 8 9 5 12 7 
9 5 2 7 6 8 3 1 4 8 4 1 5 9 3 2 6 7 6 3 7 4 1 2 5 8 9 1 2 5 5 8 4 6 3 7 7 9 8 1 3 6 9 4 2 3 6 4 2 7 9 1 5 8 5 1 8 8 3 7 4 2 6 4 9 6 9 5 2 7 3 1 2 7 3 6 1 4 8 9 5 114 9 
9 5 2 7 6 8 3 1 4 8 4 1 5 9 3 2 6 7 6 3 7 4 2 1 5 8 9 1 2 5 5 8 4 6 3 7 7 8 3 1 3 6 9 4 2 9 6 4 9 7 2 1 5 8 5 1 9 9 3 7 4 2 6 4 8 6 2 5 8 7 3 1 2 7 3 6 1 4 8 9 5 116 9 
9 5 2 7 6 8 3 1 4 8 4 1 3 9 5 2 7 6 6 3 7 4 2 1 5 8 9 1 2 9 5 8 9 6 3 7 7 8 5 1 4 6 9 4 2 3 6 4 2 7 3 1 5 8 5 1 9 9 2 7 4 6 3 4 8 6 3 5 8 7 2 1 2 7 3 6 4 1 8 9 5 13 7 
9 5 2 7 6 8 3 1 4 8 4 1 5 9 3 2 7 6 6 3 7 4 2 1 5 8 9 1 2 5 5 8 4 6 3 7 7 3 8 1 3 6 9 4 2 9 6 4 2 7 9 1 5 8 5 1 8 2 3 7 4 6 3 4 9 6 8 5 9 7 2 1 2 7 3 6 1 4 8 9 5 14 7 
9 5 2 6 1 8 3 1 4 8 4 1 7 9 3 2 6 7 6 3 7 4 2 5 5 8 9 1 2 9 9 8 5 6 3 7 7 8 5 1 4 6 9 4 2 3 6 4 2 7 3 1 5 8 5 1 9 9 6 7 4 6 3 4 8 6 8 5 2 7 2 1 2 7 3 3 4 1 8 9 5 120 7 
9 5 2 7 6 8 3 1 4 8 4 1 3 9 5 2 7 6 6 3 7 4 2 1 5 8 9 1 2 5 5 8 4 6 3 7 7 9 8 1 3 6 9 4 2 3 6 4 2 7 9 1 5 8 5 1 9 8 2 7 4 6 3 4 8 6 9 5 3 7 2 1 2 7 3 6 1 4 8 9 5 5 4 
9 5 2 7 6 8 3 1 4 8 4 1 3 9 5 2 7 6 6 3 7 4 1 2 5 8 9 1 2 9 5 8 4 6 3 7 7 8 5 1 3 6 9 4 2 3 6 4 2 7 9 1 5 8 5 1 9 8 2 7 4 6 3 4 8 6 9 5 3 7 2 1 2 7 3 6 4 1 8 9 5 3 3 
9 5 2 7 6 8 3 1 4 8 4 1 5 9 3 2 7 6 6 3 7 4 1 2 5 8 9 1 2 9 5 8 4 6 3 7 7 8 5 1 3 6 9 4 2 3 6 4 2 7 9 1 5 8 5 1 8 9 2 7 4 6 3 4 9 6 8 5 4 7 2 1 2 7 3 3 6 1 8 9 5 6 4 
9 5 2 3 6 8 3 1 4 8 4 1 7 9 5 2 7 6 6 3 7 4 1 2 5 8 9 1 2 9 5 8 4 6 3 7 7 8 5 1 3 6 9 4 2 3 6 4 2 7 9 1 5 8 5 1 8 9 2 7 4 6 3 4 9 6 8 5 3 7 2 1 2 7 3 6 4 1 8 9 5 3 2 
9 5 2 7 6 8 3 1 4 8 4 1 5 9 3 2 7 6 6 3 7 4 1 2 5 8 9 1 2 5 9 8 5 6 3 7 7 9 8 1 4 6 9 4 2 3 6 4 2 7 3 1 5 8 5 1 9 8 2 7 4 6 3 4 8 6 3 5 9 7 2 1 2 7 3 6 4 1 8 9 5 7 5 
9 5 2 7 6 8 3 1 4 8 4 1 3 9 5 2 7 6 6 3 7 4 1 2 5 8 9 1 2 5 5 8 9 6 3 7 7 3 8 1 4 6 9 4 2 9 6 4 2 7 3 1 5 8 5 1 9 8 2 7 4 6 3 4 8 6 9 5 3 7 2 1 2 7 3 6 4 1 8 9 5 7 5 
9 5 2 7 6 8 3 1 4 8 4 1 3 9 5 2 7 6 6 3 7 4 2 1 5 8 9 1 2 9 5 8 4 6 3 7 7 8 5 1 3 6 9 4 2 3 6 4 2 7 9 1 5 8 5 1 8 9 2 7 4 6 3 4 9 6 3 5 8 7 2 1 2 7 3 6 1 4 8 9 5 5 3 
9 5 2 8 6 3 3 1 4 8 4 1 7 9 5 2 7 6 6 3 7 4 1 2 5 8 9 1 2 5 5 8 4 6 3 7 7 9 8 1 3 6 9 4 2 3 6 4 2 7 9 1 5 8 5 1 9 3 2 7 4 6 3 4 8 6 9 5 8 7 2 1 2 7 3 6 4 1 8 9 5 7 5 
9 5 2 7 6 8 3 1 4 8 4 1 3 9 5 2 7 6 6 3 7 4 1 2 5 8 9 1 2 5 5 8 9 6 3 7 7 8 3 1 4 6 9 4 2 9 6 4 2 7 3 1 5 8 5 1 8 9 2 7 4 6 3 4 9 6 3 5 8 7 2 1 2 7 3 6 4 1 8 9 5 8 5 
9 5 2 7 6 8 3 1 4 8 4 1 3 9 5 2 7 6 6 3 7 4 1 2 5 8 9 1 2 9 5 8 9 6 3 7 7 8 5 1 4 6 9 4 2 3 6 4 2 7 3 1 5 8 5 1 8 8 2 7 4 6 3 4 9 6 9 5 3 7 2 1 2 7 3 6 1 4 8 9 5 8 5 
9 5 2 7 6 8 3 1 4 8 4 1 5 9 3 2 7 6 6 3 7 4 2 1 5 8 9 1 2 9 9 8 5 6 3 7 7 8 5 1 4 6 9 4 2 3 6 4 3 7 2 1 5 8 5 1 8 2 3 7 4 6 3 4 9 6 8 5 9 7 2 1 2 7 3 6 1 4 8 9 5 6 4 
9 5 2 7 6 8 3 1 4 8 4 1 5 9 3 2 7 6 6 3 7 4 1 2 5 8 9 1 2 9 5 8 4 6 3 7 7 8 5 1 3 6 9 4 2 3 6 4 2 7 9 1 5 8 5 1 8 9 2 7 4 6 3 4 9 6 8 5 3 7 2 1 2 7 3 6 4 1 8 9 5 3 2 
9 5 2 7 6 8 3 1 4 8 4 1 3 9 5 2 7 6 6 3 7 4 1 2 5 8 9 1 2 9 5 8 4 6 3 7 7 8 5 1 3 6 9 4 2 3 6 4 2 7 9 1 5 8 5 1 8 9 2 7 4 6 3 4 9 6 8 5 3 7 2 1 2 7 3 6 1 4 8 9 5 3 2 
9 5 2 7 6 8 3 1 4 8 4 1 5 9 3 2 7 6 6 3 7 4 1 2 5 8 9 1 2 9 5 8 4 6 3 7 7 8 5 1 3 6 9 4 2 3 6 4 9 7 2 1 5 8 5 1 9 8 2 7 4 6 3 4 8 6 3 5 9 7 2 1 2 7 3 6 4 1 8 9 5 5 3 
9 5 2 7 6 8 3 1 4 8 4 1 3 9 5 2 7 6 6 3 7 4 2 1 5 8 9 1 2 9 5 8 4 6 3 7 7 8 5 1 3 6 9 4 2 3 6 4 2 7 9 1 5 8 5 1 8 9 2 7 4 6 3 4 9 6 8 5 3 7 2 1 2 7 3 6 1 4 8 9 5 3 2 
9 5 2 7 6 8 3 1 4 8 4 1 3 9 5 2 7 6 6 3 7 4 1 2 5 8 9 1 2 9 5 8 4 6 3 7 7 8 5 1 3 6 9 4 2 3 6 4 2 7 9 1 5 8 5 1 8 9 2 7 4 6 3 4 9 6 3 5 8 7 2 1 2 7 3 6 4 1 8 9 5 3 2 
9 5 2 7 6 8 3 1 4 8 4 1 5 9 3 2 7 6 6 3 7 4 2 1 5 8 9 1 2 5 9 8 5 6 3 7 7 8 9 1 4 6 9 4 2 3 6 4 2 7 3 1 5 8 5 1 8 9 2 7 4 6 3 4 9 6 3 5 8 7 2 1 2 7 3 6 1 4 8 9 5 9 6 
9 5 2 7 6 8 3 1 4 8 4 1 3 9 5 2 7 6 6 3 7 4 1 2 5 8 9 1 2 9 5 8 4 6 3 7 7 8 5 1 3 6 9 4 2 3 6 4 9 7 2 1 5 8 5 1 8 9 2 7 4 6 3 4 9 6 8 5 3 7 2 1 2 7 3 6 4 1 8 9 5 3 2 
9 5 2 7 6 8 3 1 4 8 4 1 3 9 5 2 7 6 6 3 7 4 2 1 5 8 9 1 2 9 5 8 4 6 3 7 7 8 5 1 3 6 9 4 2 3 6 4 2 7 9 1 5 8 5 1 8 9 2 7 4 6 3 4 9 6 8 5 3 7 2 1 2 7 3 6 4 1 8 9 5 3 2 
9 5 2 7 6 8 3 1 4 8 4 1 5 9 3 2 7 6 6 3 7 4 2 1 5 8 9 1 2 5 5 8 4 6 3 7 7 9 8 1 3 6 9 4 2 3 6 4 2 7 9 1 5 8 5 1 9 3 2 7 4 6 3 4 8 6 9 5 8 7 2 1 2 7 3 6 4 1 8 9 5 9 6 
9 5 2 7 6 8 3 1 4 8 4 1 3 9 5 2 7 6 6 3 7 4 2 1 5 8 9 1 2 5 5 8 9 6 3 7 7 9 8 1 4 6 9 4 2 3 6 4 2 7 3 1 5 8 5 1 9 2 3 7 4 6 3 4 8 6 8 5 9 7 2 1 2 7 3 6 1 4 8 9 5 9 5 
9 5 2 7 6 8 3 1 4 8 4 1 5 9 3 2 7 6 6 3 7 4 1 2 5 8 9 1 2 9 5 8 9 6 3 7 7 8 5 1 4 6 9 4 2 3 6 4 3 7 2 1 5 8 5 1 9 8 2 7 4 6 3 4 8 6 9 5 3 7 2 1 2 7 3 6 1 4 8 9 5 10 6 
9 5 2 7 6 8 3 1 4 8 4 1 5 9 3 2 7 6 6 3 7 4 2 1 5 8 9 1 2 9 5 8 4 6 3 7 7 8 5 1 3 6 9 4 2 3 6 4 9 7 2 1 5 8 5 1 8 8 2 7 4 6 3 4 9 6 3 5 9 7 2 1 2 7 3 6 1 4 8 9 5 6 4 
9 5 2 7 6 8 3 1 4 8 4 1 3 9 5 2 7 6 6 3 7 4 1 2 5 8 9 1 2 9 5 8 4 6 3 7 7 8 5 1 3 6 9 4 2 3 6 4 2 7 9 1 5 8 5 1 8 8 2 7 4 6 3 4 9 6 9 5 3 7 2 1 2 7 3 6 4 1 8 9 5 3 2 
9 5 2 3 6 8 3 1 4 8 4 1 7 9 5 2 7 6 6 3 7 4 2 1 5 8 9 1 2 5 5 8 4 6 3 7 7 8 9 1 3 6 9 4 2 3 6 4 9 7 2 1 5 8 5 1 8 2 3 7 4 6 3 4 9 6 8 5 9 7 2 1 2 7 3 6 1 4 8 9 5 9 5 
9 5 2 7 6 8 3 1 4 8 4 1 5 9 3 2 7 6 6 3 7 4 2 1 5 8 9 1 2 9 5 8 4 6 3 7 7 8 5 1 3 6 9 4 2 3 6 4 9 7 2 1 5 8 5 1 8 3 2 7 4 6 3 4 9 6 8 5 9 7 2 1 2 7 3 6 4 1 8 9 5 6 4 
9 5 2 7 6 8 3 1 4 8 4 1 5 9 3 2 7 6 6 3 7 4 1 2 5 8 9 1 2 5 5 8 4 6 3 7 7 9 8 1 3 6 9 4 2 3 6 4 2 7 9 1 5 8 5 1 9 9 2 7 4 6 3 4 8 6 8 5 3 7 2 1 2 7 3 6 4 1 8 9 5 7 4 
9 5 2 7 6 8 3 1 4 8 4 1 5 9 3 2 7 6 6 3 7 4 1 2 5 8 9 1 2 5 5 8 4 6 3 7 7 8 9 1 3 6 9 4 2 3 6 4 2 7 9 1 5 8 5 1 8 8 2 7 4 6 3 4 9 6 9 5 3 7 2 1 2 7 3 6 4 1 8 9 5 7 4 
9 5 2 7 6 8 3 1 4 8 4 1 3 9 5 2 7 6 6 3 7 4 2 1 5 8 9 1 2 9 5 8 9 6 3 7 7 8 5 1 4 6 9 4 2 3 6 4 2 7 3 1 5 8 5 1 8 9 2 7 4 6 3 4 9 6 8 5 3 7 2 1 2 7 3 6 1 4 8 9 5 6 3 
9 5 2 7 6 8 3 1 4 8 4 1 3 9 5 2 7 6 6 3 7 4 2 1 5 8 9 1 2 5 5 8 9 6 3 7 7 8 9 1 4 6 9 4 2 3 6 4 2 7 3 1 5 8 5 1 8 9 3 7 4 6 3 4 9 6 8 5 2 7 2 1 2 7 3 6 1 4 8 9 5 7 4 
9 5 2 7 6 8 3 1 4 8 4 1 3 9 5 2 7 6 6 3 7 4 1 2 5 8 9 1 2 9 5 8 4 6 3 7 7 8 5 1 3 6 9 4 2 3 6 4 9 7 2 1 5 8 5 1 8 8 2 7 4 6 3 4 9 6 9 5 3 7 2 1 2 7 3 6 1 4 8 9 5 7 4 
9 5 2 7 6 8 3 1 4 8 4 1 3 9 5 2 7 6 6 3 7 4 2 1 5 8 9 1 2 9 5 8 4 6 3 7 7 8 5 1 3 6 9 4 2 3 6 4 9 7 2 1 5 8 5 1 8 9 2 7 4 6 3 4 9 6 8 5 3 7 2 1 2 7 3 6 4 1 8 9 5 4 2 
9 5 2 7 6 8 3 1 4 8 4 1 5 9 3 2 7 6 6 3 7 4 2 1 5 8 9 1 2 9 9 8 5 6 3 7 7 8 5 1 4 6 9 4 2 3 6 4 3 7 2 1 5 8 5 1 9 8 2 7 4 6 3 4 8 6 3 5 9 7 2 1 2 7 3 6 4 1 8 9 5 10 6 
9 5 2 7 6 8 3 1 4 8 4 1 5 9 3 2 7 6 6 3 7 4 1 2 5 8 9 1 2 5 5 8 4 6 3 7 7 9 8 1 3 6 9 4 2 3 6 4 2 7 9 1 5 8 5 1 9 8 2 7 4 6 3 4 8 6 9 5 3 7 2 1 2 7 3 6 1 4 8 9 5 7 4 
9 5 2 8 6 3 3 1 4 8 4 1 7 9 5 2 7 6 6 3 7 4 1 2 5 8 9 1 2 9 5 8 9 6 3 7 7 8 5 1 4 6 9 4 2 3 6 4 3 7 2 1 5 8 5 1 8 9 2 7 4 6 3 4 9 6 8 5 3 7 2 1 2 7 3 6 1 4 8 9 5 10 6 
9 5 2 7 6 8 3 1 4 8 4 1 5 9 3 2 7 6 6 3 7 4 2 1 5 8 9 1 2 5 5 8 4 6 3 7 7 9 8 1 3 6 9 4 2 3 6 4 9 7 2 1 5 8 5 1 9 3 2 7 4 6 3 4 8 6 8 5 9 7 2 1 2 7 3 6 1 4 8 9 5 8 4 
9 5 2 8 6 3 3 1 4 8 4 1 7 9 5 2 7 6 6 3 7 4 2 1 5 8 9 1 2 5 5 8 9 6 3 7 7 9 8 1 4 6 9 4 2 3 6 4 3 7 2 1 5 8 5 1 9 9 2 7 4 6 3 4 8 6 3 5 8 7 2 1 2 7 3 6 1 4 8 9 5 11 6 
9 5 2 6 3 8 3 1 4 8 4 1 7 9 5 2 7 6 6 3 7 4 2 1 5 8 9 1 2 9 5 8 4 6 3 7 7 8 5 1 3 6 9 4 2 3 6 4 9 7 2 1 5 8 5 1 8 2 6 7 4 6 3 4 9 6 8 5 9 7 2 1 2 7 3 3 4 1 8 9 5 8 4 
9 5 2 7 6 8 3 1 4 8 4 1 5 9 3 2 7 6 6 3 7 4 2 1 5 8 9 1 2 5 5 8 4 6 3 7 7 9 8 1 3 6 9 4 2 3 6 4 9 7 2 1 5 8 5 1 9 8 2 7 4 6 3 4 8 6 9 5 3 7 2 1 2 7 3 6 4 1 8 9 5 8 4 
9 5 2 7 6 8 3 1 4 8 4 1 3 9 5 2 7 6 6 3 7 4 2 1 5 8 9 1 2 5 5 8 9 6 3 7 7 8 3 1 4 6 9 4 2 9 6 4 2 7 3 1 5 8 5 1 8 9 2 7 4 6 3 4 9 6 8 5 3 7 2 1 2 7 3 6 1 4 8 9 5 7 3 
9 5 2 7 6 8 3 1 4 8 4 1 3 9 5 2 7 6 6 3 7 4 2 1 5 8 9 1 2 5 5 8 9 6 3 7 7 3 8 1 4 6 9 4 2 9 6 4 3 7 2 1 5 8 5 1 8 9 2 7 4 6 3 4 9 6 8 5 3 7 2 1 2 7 3 6 4 1 8 9 5 10 5 
9 5 2 7 6 8 3 1 4 8 4 1 3 9 5 2 7 6 6 3 7 4 1 2 5 8 9 1 2 9 9 8 5 6 3 7 7 8 5 1 4 6 9 4 2 3 6 4 3 7 2 1 5 8 5 1 9 9 2 7 4 6 3 4 8 6 8 5 3 7 2 1 2 7 3 6 4 1 8 9 5 13 6 
9 5 2 7 6 8 3 1 4 8 4 1 5 9 3 2 7 6 6 3 7 4 2 1 5 8 9 1 2 5 9 8 5 6 3 7 7 8 9 1 4 6 9 4 2 3 6 4 3 7 2 1 5 8 5 1 8 9 2 7 4 6 3 4 9 6 8 5 3 7 2 1 2 7 3 6 1 4 8 9 5 8 4 

