MonoObjective Genetic Algorithm
Number of Evaluations = 0
Mutation Probability = 0.0100000000000000002
Crossover Probability = 0.5
Population Size = 100
Survival Selection Type = 16

Time =  300.105510999999979

Current Evaluation = 187200
Front Size = 100
6 7 2 4 8 9 1 3 5 9 5 3 6 1 7 2 8 4 4 1 8 2 3 5 6 9 7 7 9 1 5 6 4 3 2 8 5 2 6 8 9 3 4 7 1 3 8 4 1 7 2 9 5 6 8 4 7 3 2 6 5 1 9 2 6 9 7 5 1 8 4 3 1 3 5 9 4 8 7 6 2 1 6 
9 5 2 4 8 6 1 3 9 6 7 3 1 7 5 2 8 4 4 1 8 2 3 9 5 6 7 3 9 1 5 1 4 4 8 2 5 2 6 8 6 3 9 7 1 7 8 4 9 2 7 3 5 6 8 4 7 3 9 2 6 1 5 3 6 9 7 5 1 8 4 2 2 5 1 6 4 8 7 9 3 12 36 
9 7 2 4 8 5 1 6 3 6 5 3 1 7 9 2 8 4 4 1 8 2 3 6 5 9 7 7 9 1 5 6 4 3 2 8 5 2 6 8 2 3 4 7 1 3 8 4 9 1 7 9 5 6 2 4 7 3 9 8 6 1 5 3 6 9 7 5 1 8 4 2 8 1 5 6 4 2 7 3 9 5 26 
9 5 2 4 8 7 1 6 3 6 7 3 9 1 5 2 8 4 4 1 8 2 3 6 5 9 7 7 9 1 5 6 4 3 2 8 5 2 6 8 9 3 4 7 1 3 8 4 1 7 2 9 5 6 8 4 7 3 5 9 6 1 2 2 6 9 7 2 1 8 4 5 1 3 5 6 4 8 7 3 9 3 20 
2 7 5 9 8 4 1 6 9 9 6 3 1 5 7 2 8 4 4 1 8 2 3 6 5 3 7 6 9 1 5 1 7 2 4 8 5 3 2 8 6 3 9 7 1 7 8 4 4 9 2 3 5 6 8 5 7 3 5 6 4 1 5 4 6 9 7 2 1 8 2 3 2 3 1 9 4 8 6 9 7 622 34 
6 7 2 4 8 9 1 3 5 9 1 3 1 5 7 2 6 4 4 5 8 2 3 6 9 8 7 3 9 1 5 7 4 4 2 8 5 2 6 8 6 3 9 7 1 7 8 4 1 9 2 3 5 6 2 4 7 3 9 5 6 1 2 3 6 9 7 2 1 8 4 5 8 5 1 6 4 8 7 3 9 15 27 
6 5 2 6 8 4 1 9 3 9 7 3 1 7 9 2 8 4 4 1 8 2 3 5 5 6 7 3 9 1 5 6 4 4 8 2 5 2 6 8 9 3 9 7 1 7 8 4 7 1 2 3 5 6 8 4 7 3 2 8 6 1 5 2 6 9 7 5 1 8 4 3 1 3 5 9 4 6 7 2 9 14 24 
6 7 2 4 8 5 1 3 9 9 5 3 9 1 7 2 6 4 4 1 8 2 3 6 5 8 7 3 9 1 5 7 4 4 2 8 5 2 6 8 6 3 9 7 1 7 8 4 1 2 9 3 5 6 8 4 7 3 9 2 6 1 5 2 6 9 7 5 1 8 4 3 1 3 5 6 4 8 7 9 2 5 20 
9 2 6 4 8 7 1 3 5 8 7 3 6 1 5 2 8 4 4 1 5 2 3 9 6 9 7 3 9 1 5 6 4 4 2 8 5 2 6 8 9 3 9 7 1 7 8 4 1 7 2 3 5 6 2 4 7 3 5 8 5 1 2 3 6 9 7 2 1 8 4 3 1 5 8 9 4 6 7 6 9 14 24 
9 2 6 4 8 5 1 9 3 8 7 3 6 1 7 2 6 4 4 1 5 2 3 9 5 8 7 7 9 1 5 7 4 3 8 2 5 2 6 8 6 3 4 7 1 3 8 4 1 9 2 9 5 6 2 4 7 3 2 6 6 1 9 3 6 9 7 5 1 8 4 5 1 5 8 9 4 8 7 2 3 17 26 
6 5 2 4 8 7 1 9 3 9 7 3 6 1 5 2 8 4 4 1 8 2 3 9 5 6 7 7 9 1 5 6 4 3 2 8 5 2 6 8 9 3 4 7 1 3 8 4 1 7 2 9 5 6 2 4 7 3 5 8 6 1 9 3 6 9 7 2 1 8 4 5 8 1 5 9 4 6 7 3 2 3 15 
6 7 2 4 8 5 1 9 3 9 5 3 7 1 6 2 8 4 4 1 8 2 3 9 5 6 7 7 9 1 5 6 4 3 2 8 5 2 6 8 9 3 4 7 1 3 8 4 1 2 7 9 5 6 8 4 7 3 9 2 6 1 5 2 6 9 7 5 1 8 4 3 1 3 5 6 4 8 7 2 9 5 17 
9 7 2 4 8 5 1 3 9 6 5 3 9 1 7 2 8 4 4 1 8 2 3 6 5 6 7 7 9 1 5 6 4 3 2 8 5 2 6 8 9 3 4 7 1 3 8 4 1 7 2 9 5 6 8 4 7 3 2 9 6 1 5 2 6 9 7 5 1 8 4 3 1 3 5 6 4 8 7 9 2 3 13 
6 5 2 4 8 7 1 3 9 9 7 3 6 1 5 2 8 4 4 1 8 2 3 9 5 6 7 7 9 1 5 6 4 3 2 8 5 2 6 8 9 3 4 7 1 3 8 4 1 7 2 9 5 6 8 4 7 3 2 8 6 1 5 2 6 9 7 5 1 8 4 3 1 3 5 9 4 6 7 9 2 3 11 
9 7 2 4 8 5 1 6 3 6 5 3 1 9 7 2 8 4 4 1 8 2 3 6 5 9 7 3 9 1 5 7 4 4 8 2 5 2 6 8 6 3 9 7 1 7 8 4 9 1 2 3 5 6 8 4 7 3 2 9 6 1 5 2 6 9 7 5 1 8 4 3 1 3 5 6 4 8 7 2 9 5 17 
9 2 6 4 8 7 1 3 5 7 1 3 9 1 5 2 8 4 4 5 8 2 3 6 9 6 7 6 9 1 5 7 4 3 2 8 5 7 2 8 6 3 4 7 1 3 8 4 1 9 2 9 5 6 2 4 7 3 6 2 6 1 5 3 6 9 7 5 1 8 4 2 8 5 1 9 4 8 7 3 9 118 23 
9 7 2 4 8 6 1 3 5 6 5 3 1 7 9 2 8 4 4 1 8 2 3 5 6 9 7 7 9 1 5 6 4 3 2 8 5 2 6 8 9 3 4 7 1 3 8 4 1 2 7 9 5 6 8 4 7 3 6 2 5 1 9 2 6 9 7 5 1 8 4 3 1 3 5 9 4 8 7 6 2 3 10 
9 7 2 4 8 6 1 3 5 6 5 3 7 1 9 2 8 4 4 1 8 2 3 5 9 6 7 3 9 1 5 7 4 4 2 8 5 2 6 8 6 3 9 7 1 7 8 4 9 1 2 3 5 6 2 4 7 3 2 8 5 1 9 3 6 9 7 5 1 8 4 3 1 5 8 6 4 9 7 6 2 14 21 
9 2 6 4 8 7 1 3 5 1 7 3 6 1 9 2 8 4 4 5 8 2 3 5 6 9 7 7 9 1 5 7 4 3 2 8 5 2 6 8 6 3 4 7 1 3 8 4 1 9 2 9 5 6 2 4 7 3 5 6 5 1 9 3 6 9 7 2 1 8 4 2 8 1 5 9 4 8 7 6 3 12 19 
9 5 2 4 8 7 1 6 3 6 7 3 9 1 5 2 8 4 4 1 8 2 3 6 5 9 7 7 9 1 5 6 4 3 2 8 5 2 6 8 9 3 4 7 1 3 8 4 1 7 2 9 5 6 2 4 7 3 5 8 6 1 9 3 6 9 7 2 1 8 4 5 8 1 5 6 4 9 7 3 2 3 8 
6 5 2 4 8 7 1 3 9 9 7 3 1 5 6 2 8 4 4 1 8 2 3 9 5 6 7 3 9 1 5 7 4 4 2 8 5 2 6 8 6 3 9 7 1 7 8 4 9 1 2 3 5 6 8 4 7 3 9 5 6 1 2 3 6 9 7 2 1 8 4 5 2 1 5 6 4 8 7 9 3 5 16 
6 7 2 4 8 9 1 3 5 9 5 3 6 1 7 2 8 4 4 1 8 2 3 5 6 9 7 3 9 1 5 7 4 4 2 8 5 2 6 8 6 3 9 7 1 7 8 4 1 9 2 3 5 6 8 4 7 3 2 6 5 1 9 2 6 9 7 5 1 8 4 3 1 3 5 9 4 8 7 6 2 3 8 
9 7 2 4 8 5 1 6 3 6 5 3 9 1 7 2 8 4 4 1 8 2 3 6 5 9 7 7 9 1 5 6 4 3 2 8 5 2 6 8 9 3 4 7 1 3 8 4 1 7 2 9 5 6 8 4 7 3 2 9 6 1 5 3 6 9 7 5 1 8 4 2 1 2 5 6 4 8 7 3 9 3 8 
6 2 5 4 8 7 1 9 3 9 7 3 6 1 5 2 8 4 4 1 8 2 3 9 5 6 7 7 9 1 5 6 4 3 2 8 5 2 6 8 9 3 4 7 1 3 8 4 1 7 2 9 5 6 8 4 7 3 2 6 6 1 9 3 6 9 7 5 1 8 4 2 1 5 2 9 4 8 7 3 5 5 12 
9 7 2 4 8 6 1 3 5 6 5 3 9 1 7 2 8 4 4 1 8 2 3 5 6 9 7 7 9 1 5 6 4 3 2 8 5 2 6 8 9 3 4 7 1 3 8 4 1 7 2 9 5 6 8 4 7 3 2 9 5 1 2 2 6 9 7 5 1 8 4 3 1 3 5 6 4 8 7 6 9 3 8 
9 7 2 6 8 4 1 3 5 6 5 3 1 7 9 2 8 4 4 1 8 2 3 5 6 9 7 7 9 1 5 6 4 3 2 8 5 2 6 8 9 3 4 7 1 3 8 4 7 1 2 9 5 6 8 4 7 3 2 6 5 1 9 2 6 9 7 5 1 8 4 3 1 3 5 9 4 8 7 6 2 3 7 
6 5 2 4 8 7 1 9 5 9 7 3 6 1 5 2 8 4 4 1 8 2 3 9 6 3 7 7 9 1 5 6 4 3 2 8 5 2 6 8 9 3 4 7 1 3 8 4 1 7 2 9 5 6 8 4 7 3 2 6 5 1 9 2 6 9 7 5 1 8 4 3 1 3 5 9 4 8 7 6 2 3 7 
6 5 2 4 8 7 1 3 9 9 7 3 9 1 5 2 6 4 4 1 8 2 3 6 5 8 7 7 9 1 5 6 4 3 2 8 5 2 6 8 9 3 4 7 1 3 8 4 1 7 2 9 5 6 8 4 7 3 2 9 6 1 5 2 6 9 7 5 1 8 4 3 1 3 5 6 4 8 7 9 2 3 7 
9 5 2 4 8 7 1 6 3 6 7 3 9 1 5 2 8 4 4 1 8 2 3 6 5 9 7 3 9 1 5 6 4 4 2 8 5 2 6 8 2 3 9 7 1 7 8 4 1 7 9 3 5 6 2 4 7 3 9 8 6 1 5 3 6 9 7 5 1 8 4 2 8 1 5 6 4 2 7 3 9 6 13 
9 5 2 4 8 7 1 6 3 6 7 3 9 1 5 2 8 4 4 1 8 2 3 6 5 9 7 7 9 1 5 6 4 3 2 8 5 2 6 8 9 3 4 7 1 3 8 4 1 7 2 9 5 6 8 4 7 3 2 9 6 1 5 3 6 9 7 5 1 8 4 2 2 1 5 6 4 8 7 3 9 3 6 
9 2 5 4 8 7 1 6 3 8 7 3 6 1 5 2 9 4 4 1 6 2 3 9 5 8 7 7 9 1 5 6 4 3 2 8 5 2 6 8 9 3 4 7 1 3 8 4 1 7 2 9 5 6 2 4 7 3 5 8 6 1 9 3 6 9 7 2 1 8 4 5 1 5 8 9 4 6 7 3 2 4 11 
6 7 2 4 8 5 1 9 3 9 5 3 1 6 7 2 8 4 4 1 8 2 3 9 5 6 7 3 9 1 5 7 4 4 2 8 5 2 6 8 6 3 9 7 1 7 8 4 1 9 2 3 5 6 8 4 7 3 9 2 6 1 5 3 6 9 7 5 1 8 4 2 2 1 5 6 4 8 7 3 9 9 15 
9 7 2 4 8 6 1 3 9 6 5 3 9 1 7 2 8 4 4 1 8 2 3 5 5 6 7 3 9 1 5 6 4 4 2 8 5 2 6 8 2 3 9 7 1 7 8 4 1 7 9 3 5 6 8 4 7 3 9 2 6 1 5 3 6 9 7 5 1 8 4 2 2 1 5 6 4 8 7 9 3 8 14 
9 2 5 4 8 7 1 6 9 6 7 3 9 1 5 2 8 4 4 1 8 2 3 6 5 3 7 3 9 1 5 6 4 4 2 8 5 2 6 8 9 3 9 7 1 7 8 4 1 7 2 3 5 6 8 4 7 3 2 9 6 1 5 3 6 9 7 5 1 8 4 2 1 5 2 6 4 8 7 9 3 8 14 
9 5 2 4 8 7 1 3 5 6 7 3 9 1 6 2 8 4 4 1 8 2 3 5 6 9 7 3 9 1 5 7 4 3 2 8 5 2 6 8 6 3 4 7 1 7 8 4 1 2 9 9 5 6 8 4 7 3 9 2 6 1 5 2 6 9 7 5 1 8 4 3 1 3 5 6 4 8 7 2 9 9 15 
6 7 2 4 8 9 1 6 3 9 5 3 1 7 6 2 8 4 4 1 8 2 3 5 5 9 7 3 9 1 5 6 4 3 8 2 5 2 6 8 9 3 4 7 1 7 8 4 7 1 2 9 5 6 8 4 7 3 2 8 6 1 9 2 6 9 7 5 1 8 4 5 1 3 5 6 4 9 7 3 2 12 16 
6 7 2 4 8 7 1 3 5 9 5 3 9 1 5 2 8 4 4 1 8 2 3 6 9 6 7 7 9 1 5 7 4 3 2 8 5 2 6 8 6 3 4 7 1 3 8 4 1 9 2 9 5 6 8 4 7 3 5 9 6 1 2 3 6 9 7 2 1 8 4 5 2 1 5 6 4 8 7 9 3 12 16 
9 7 2 4 8 6 1 3 5 6 5 3 9 1 7 2 8 4 4 1 8 2 3 5 9 6 7 7 9 1 5 6 4 3 8 2 5 2 6 8 9 3 4 7 1 3 8 4 1 7 2 9 5 6 2 4 7 3 5 8 6 1 9 3 6 9 7 2 1 8 4 5 8 1 5 6 4 9 7 2 3 6 13 
9 7 2 4 8 5 1 3 9 6 5 3 1 7 6 2 8 4 4 1 8 2 3 9 5 6 7 3 9 1 5 6 4 4 2 8 5 2 6 8 2 3 9 7 1 7 8 4 9 1 7 3 5 6 8 4 7 3 9 2 6 1 5 2 6 9 7 5 1 8 4 3 1 3 5 6 4 8 7 9 2 6 13 
9 2 6 4 8 5 1 3 5 8 7 3 1 9 7 2 9 4 4 1 5 2 3 6 6 8 7 3 9 1 5 7 4 3 2 8 5 2 6 8 6 3 4 7 1 7 8 4 1 9 2 9 5 6 8 4 7 3 6 8 6 1 2 3 6 9 7 5 1 8 4 5 2 1 5 9 4 2 7 3 9 26 21 
6 7 2 4 8 5 1 9 3 9 5 3 1 7 6 2 8 4 4 1 8 2 3 9 5 6 7 7 9 1 5 6 4 3 2 8 5 2 6 8 9 3 4 7 1 3 8 4 7 1 2 9 5 6 8 4 7 3 2 9 6 1 5 3 6 9 7 5 1 8 4 2 2 1 5 6 4 8 7 3 9 5 12 
9 7 2 4 8 5 1 3 9 6 5 3 1 7 9 2 6 4 4 1 8 2 3 6 5 8 7 7 9 1 5 6 4 3 2 8 5 2 6 8 2 3 4 7 1 3 8 4 9 1 7 9 5 6 8 4 7 3 5 9 6 1 2 3 6 9 7 2 1 8 4 5 2 1 5 6 4 8 7 9 3 10 14 
9 7 2 4 8 6 1 3 5 6 1 3 7 1 5 2 9 4 4 5 8 2 3 9 6 8 7 7 9 1 5 6 4 3 2 8 5 2 6 8 9 3 4 7 1 3 8 4 1 2 7 9 5 6 8 4 7 3 6 2 5 1 9 3 6 9 7 5 1 8 4 2 2 1 5 9 4 8 7 6 3 7 13 
6 5 2 4 8 7 1 3 9 9 7 3 1 5 6 2 8 4 4 1 8 2 3 9 5 6 7 7 9 1 5 7 4 3 2 8 5 2 6 8 6 3 4 7 1 3 8 4 9 1 2 9 5 6 2 4 7 3 9 8 6 1 5 3 6 9 7 2 1 8 4 2 1 5 8 6 4 5 7 3 9 11 15 
9 7 2 4 8 7 1 3 5 6 1 3 1 9 5 2 8 4 4 5 8 2 3 6 9 6 7 7 9 1 5 7 4 3 2 8 5 2 6 8 6 3 4 7 1 3 8 4 9 1 2 9 5 6 8 4 7 3 2 9 6 1 5 3 6 9 7 5 1 8 4 2 1 5 2 6 4 8 7 3 9 13 16 
9 7 2 6 8 4 1 9 3 6 5 3 7 1 9 2 6 4 4 1 8 2 3 5 5 8 7 3 9 1 5 6 4 4 2 8 5 2 6 8 9 3 9 7 1 7 8 4 1 7 2 3 5 6 8 4 7 3 5 8 6 1 9 3 6 9 7 2 1 8 4 5 2 5 1 6 4 9 7 3 2 17 19 
9 7 2 4 8 5 1 6 3 6 5 3 9 1 7 2 8 4 4 1 8 2 3 6 5 9 7 7 9 1 5 6 4 3 2 8 5 2 6 8 9 3 4 7 1 3 8 4 1 7 2 9 5 6 8 4 7 3 5 9 6 1 2 3 6 9 7 2 1 8 4 5 2 1 5 6 4 8 7 3 9 3 6 
9 5 2 4 8 7 1 6 3 6 7 3 9 1 5 2 8 4 4 1 8 2 3 6 5 9 7 7 9 1 5 6 4 3 2 8 5 2 6 8 9 3 4 7 1 3 8 4 1 7 2 9 5 6 8 4 7 3 2 9 6 1 5 2 6 9 7 5 1 8 4 3 1 3 5 6 4 8 7 9 2 3 6 
9 5 2 4 8 7 1 3 5 6 7 3 6 1 9 2 8 4 4 1 8 2 3 5 6 9 7 7 9 1 5 6 4 3 2 8 5 2 6 8 9 3 4 7 1 3 8 4 1 7 2 9 5 6 8 4 7 3 2 6 5 1 9 2 6 9 7 5 1 8 4 3 1 3 5 9 4 8 7 6 2 3 6 
6 5 2 4 8 7 1 9 3 9 7 3 6 1 5 2 8 4 4 1 8 2 3 9 5 6 7 3 9 1 5 7 4 3 2 8 5 2 6 8 6 3 4 7 1 7 8 4 1 2 9 9 5 6 8 4 7 3 9 2 6 1 9 2 6 9 7 5 1 8 4 5 1 3 5 6 4 8 7 3 2 9 13 
9 7 2 4 8 5 1 6 3 6 5 3 9 1 7 2 8 4 4 1 8 2 3 6 5 9 7 7 9 1 5 6 4 3 8 2 5 2 6 8 9 3 4 7 1 3 8 4 1 7 2 9 5 6 8 4 7 3 2 9 6 1 5 2 6 9 7 5 1 8 4 3 1 3 5 6 4 8 7 2 9 3 6 
6 7 2 4 8 5 1 3 9 9 5 3 1 7 6 2 8 4 4 1 8 2 3 9 5 6 7 7 9 1 5 6 4 3 2 8 5 2 6 8 9 3 4 7 1 3 8 4 1 2 7 9 5 6 8 4 7 3 9 2 6 1 5 2 6 9 7 5 1 8 4 3 1 3 5 6 4 8 7 9 2 3 6 
9 2 5 4 8 9 1 6 3 6 7 3 1 7 5 2 9 4 4 1 8 2 3 6 5 8 7 7 9 1 5 6 4 4 8 2 5 2 6 8 9 3 9 7 1 3 8 4 1 7 2 3 5 6 2 4 7 3 2 6 5 1 9 3 6 9 7 5 1 8 4 3 8 5 1 9 4 8 7 6 2 21 20 
6 7 2 4 8 5 1 9 3 9 5 3 6 1 7 2 8 4 4 1 8 2 3 9 5 6 7 3 9 1 5 7 4 4 2 8 5 2 6 8 6 3 9 7 1 7 8 4 1 9 2 3 5 6 2 4 7 3 5 8 6 1 9 3 6 9 7 2 1 8 4 5 8 1 5 9 4 6 7 3 2 5 12 
9 2 6 4 8 7 1 3 5 8 7 3 9 1 6 2 8 4 4 1 5 2 3 5 9 6 7 7 9 1 5 6 4 3 2 8 5 2 6 8 9 3 4 7 1 3 8 4 1 7 2 9 5 6 2 4 7 3 5 8 6 1 5 3 6 9 7 2 1 8 4 3 1 5 8 6 4 9 7 9 2 11 15 
9 7 2 6 8 4 1 3 5 6 5 3 9 1 7 2 8 4 4 1 8 2 3 5 6 9 7 7 9 1 5 6 4 3 2 8 5 2 6 8 9 3 4 7 1 3 8 4 1 7 2 9 5 6 8 4 7 3 2 6 5 1 9 2 6 9 7 5 1 8 4 3 1 3 5 9 4 8 7 6 2 3 5 
6 2 5 4 8 9 1 9 3 9 7 3 1 7 5 2 8 4 4 1 8 2 3 6 5 6 7 3 9 1 5 6 4 4 2 8 5 2 6 8 2 3 9 7 1 7 8 4 9 1 7 3 5 6 8 4 7 3 9 5 6 1 2 3 6 9 7 2 1 8 4 5 2 5 1 6 4 8 7 3 9 12 15 
6 7 2 9 8 4 1 3 5 9 5 3 1 7 6 2 8 4 4 1 8 2 3 5 6 9 7 7 9 1 5 6 4 3 8 2 5 2 6 8 9 3 4 7 1 3 8 4 7 1 2 9 5 6 8 4 7 3 2 9 6 1 5 2 6 9 7 5 1 8 4 3 1 3 5 6 4 8 7 2 9 6 12 
9 7 2 4 8 6 1 3 5 6 5 3 9 1 7 2 8 4 4 1 8 2 3 5 9 6 7 7 9 1 5 6 4 3 2 8 5 2 6 8 9 3 4 7 1 3 8 4 1 7 2 9 5 6 8 4 7 3 2 9 6 1 5 2 6 9 7 5 1 8 4 3 1 3 5 6 4 8 7 9 2 3 4 
6 5 2 4 8 7 1 9 3 9 7 3 6 1 5 2 8 4 4 1 8 2 3 9 5 6 7 7 9 1 5 6 4 3 2 8 5 2 6 8 9 3 4 7 1 3 8 4 1 7 2 9 5 6 8 4 7 3 2 6 9 1 5 2 6 9 7 5 1 8 4 3 1 3 5 9 4 8 7 6 2 4 5 
6 7 2 4 8 5 1 3 9 9 5 3 6 1 7 2 8 4 4 1 8 2 3 9 5 6 7 7 9 1 5 6 4 3 2 8 5 2 6 8 9 3 4 7 1 3 8 4 1 7 2 9 5 6 8 4 7 3 2 8 6 1 5 2 6 9 7 5 1 8 4 3 1 3 5 9 4 6 7 9 2 3 4 
9 5 2 4 8 7 1 6 3 6 7 3 9 1 5 2 8 4 4 1 8 2 3 6 5 9 7 7 9 1 5 6 4 3 2 8 5 2 6 8 9 3 4 7 1 3 8 4 1 7 2 9 5 6 8 4 7 3 2 8 6 1 9 2 6 9 7 5 1 8 4 5 1 3 5 6 4 9 7 3 2 4 5 
9 7 2 4 8 6 1 3 5 6 5 3 9 1 7 2 8 4 4 1 8 2 3 5 6 9 7 7 9 1 5 6 4 3 2 8 5 2 6 8 9 3 4 7 1 3 8 4 1 7 2 9 5 6 8 4 7 3 2 8 5 1 9 2 6 9 7 5 1 8 4 3 1 3 5 6 4 9 7 6 2 3 4 
6 5 2 4 8 7 1 9 3 9 7 3 1 6 5 2 8 4 4 1 8 2 3 9 5 6 7 3 9 1 5 6 4 4 8 2 5 2 6 8 2 3 9 7 1 7 8 4 9 1 7 3 5 6 8 4 7 3 9 2 6 1 5 2 6 9 7 5 1 8 4 3 1 3 5 6 4 8 7 2 9 8 12 
6 5 2 4 8 7 1 6 3 9 7 3 1 6 5 2 8 4 4 1 8 2 3 9 5 9 7 7 9 1 5 1 4 3 2 8 5 2 6 8 6 3 4 7 1 3 8 4 9 2 7 9 5 6 8 4 7 3 9 2 6 1 5 3 6 9 7 5 1 8 4 2 1 2 5 6 4 8 7 3 9 10 14 
6 2 5 4 8 7 1 3 5 9 7 3 6 1 9 2 8 4 4 1 8 2 3 5 6 9 7 7 9 1 5 6 4 3 2 8 5 2 6 8 9 3 4 7 1 3 8 4 1 7 2 9 5 6 8 4 7 3 9 5 6 1 2 3 6 9 7 2 1 8 4 5 1 5 2 6 4 8 7 9 3 11 14 
6 5 2 4 8 5 1 3 9 9 7 3 1 9 7 2 6 4 4 1 8 2 3 6 5 8 7 3 9 1 5 7 4 3 2 8 5 2 6 8 6 3 4 7 1 7 8 4 9 1 2 9 5 6 8 4 7 3 5 9 6 1 5 3 6 9 7 2 1 8 4 3 2 1 5 6 4 8 7 9 2 13 14 
6 7 2 4 8 5 1 9 3 9 5 3 1 6 7 2 8 4 4 1 8 2 3 9 5 6 7 3 9 1 5 6 4 4 2 8 5 2 6 8 9 3 9 7 1 7 8 4 1 7 2 3 5 6 8 4 7 3 2 6 6 1 9 2 6 9 7 5 1 8 4 5 1 3 5 9 4 8 7 3 2 9 12 
9 5 2 4 8 7 1 6 3 6 7 3 1 5 9 2 8 4 4 1 8 2 3 6 5 9 7 7 9 1 5 7 4 3 8 2 5 2 6 8 6 3 4 7 1 3 8 4 9 1 2 9 5 6 8 4 7 3 9 5 4 1 9 3 6 9 7 2 1 8 2 5 2 1 5 6 4 8 7 6 3 14 18 
9 5 2 4 8 7 1 6 3 6 7 3 9 1 5 2 8 4 4 1 8 2 3 6 5 9 7 7 9 1 5 6 4 3 2 8 5 2 6 8 9 3 4 7 1 3 8 4 1 7 2 9 5 6 8 4 7 3 2 9 6 1 5 2 6 9 7 5 1 8 4 2 1 3 5 6 4 8 7 3 9 3 3 
6 2 5 4 8 7 1 3 9 9 7 3 6 1 5 2 8 4 4 1 8 2 3 9 5 6 7 3 9 1 5 6 4 4 2 8 5 2 6 8 9 3 9 7 1 7 8 4 1 7 2 3 5 6 8 4 7 3 2 6 9 1 5 3 6 9 7 5 1 8 4 3 1 5 2 9 4 8 7 6 2 10 12 
9 5 2 4 8 7 1 3 9 6 7 3 9 1 5 2 8 4 4 1 8 2 3 6 5 6 7 3 9 1 5 6 4 4 2 8 5 2 6 8 9 3 9 7 1 7 8 4 1 7 2 3 5 6 8 4 7 3 5 9 6 1 5 2 6 9 7 2 1 8 4 3 3 1 5 6 4 8 7 9 2 10 12 
6 7 2 4 8 7 1 3 5 9 1 3 9 1 5 2 8 4 4 5 8 2 3 6 6 9 7 7 9 1 5 6 4 3 2 8 5 2 6 8 9 3 4 7 1 3 8 4 1 7 2 9 5 6 2 4 7 3 5 8 5 1 9 3 6 9 7 2 1 8 4 3 1 5 8 6 4 9 7 6 2 11 13 
9 7 2 4 8 5 1 6 3 6 5 3 9 1 7 2 8 4 4 1 8 2 3 6 5 9 7 7 9 1 5 6 4 3 2 8 5 2 6 8 9 3 4 7 1 3 8 4 1 7 2 9 5 6 8 4 7 3 2 9 6 1 5 2 6 9 7 5 1 8 4 3 1 3 5 6 4 8 7 9 2 3 3 
9 5 2 4 8 7 1 6 9 6 7 3 9 1 5 2 8 4 4 1 8 2 3 6 5 3 7 7 9 1 5 6 4 3 2 8 5 2 6 8 9 3 4 7 1 3 8 4 1 7 2 9 5 6 8 4 7 3 2 9 6 1 5 2 6 9 7 5 1 8 4 3 1 3 5 6 4 8 7 9 2 3 2 
6 7 2 9 8 4 1 6 3 9 5 3 7 1 6 2 8 4 4 1 8 2 3 5 5 9 7 3 9 1 5 7 4 3 2 8 5 2 6 8 6 3 4 7 1 7 8 4 1 2 9 9 5 6 8 4 7 3 9 2 6 1 5 2 6 9 7 5 1 8 4 2 1 3 5 6 4 8 7 3 9 10 12 
9 2 6 4 8 7 1 3 5 8 7 3 6 1 9 2 9 4 4 1 5 2 3 5 6 8 7 7 9 1 5 6 4 3 8 2 5 2 6 8 9 3 4 7 1 3 8 4 1 7 2 9 5 6 2 4 7 3 5 6 5 1 9 3 6 9 7 2 1 8 4 3 1 5 8 9 4 8 7 6 2 11 13 
9 5 2 4 8 7 1 6 3 6 7 3 9 1 5 2 8 4 4 1 8 2 3 6 5 9 7 7 9 1 5 6 4 3 2 8 5 2 6 8 9 3 4 7 1 3 8 4 1 7 2 9 5 6 8 4 7 3 2 9 6 1 5 2 6 9 7 5 1 8 4 3 1 3 5 6 4 8 7 2 9 3 2 
9 5 2 4 8 7 1 6 3 6 7 3 1 5 9 2 8 4 4 1 8 2 3 6 5 9 7 3 9 1 5 7 4 4 2 8 5 2 6 8 6 3 9 7 1 7 8 4 9 1 2 3 5 6 8 4 7 3 9 5 6 1 2 3 6 9 7 2 1 8 4 5 1 2 5 6 4 8 7 3 9 5 11 
9 7 2 4 8 6 1 3 5 6 5 3 7 1 9 2 8 4 4 1 8 2 3 5 6 9 7 7 9 1 5 6 4 3 2 8 5 2 6 8 9 3 4 7 1 3 8 4 1 2 7 9 5 6 2 4 7 3 6 8 5 1 9 3 6 9 7 5 1 8 4 2 8 1 5 9 4 2 7 6 3 5 10 
9 7 2 4 8 6 1 3 5 6 5 3 7 1 9 2 8 4 4 1 8 2 3 5 6 9 7 7 9 1 5 6 4 3 2 8 5 2 6 8 9 3 4 7 1 3 8 4 1 2 7 9 5 6 8 4 7 3 6 2 5 1 9 2 6 9 7 5 1 8 4 3 1 3 5 9 4 8 7 6 2 3 2 
9 2 5 4 8 6 1 9 3 8 7 3 9 1 7 2 6 4 4 1 6 2 3 5 5 8 7 3 9 1 5 6 4 4 8 2 5 2 6 8 2 3 9 7 1 7 8 4 1 7 9 3 5 6 2 4 7 3 9 2 6 1 5 3 6 9 7 5 1 8 4 2 1 5 8 6 4 8 7 3 9 14 17 
6 7 2 9 8 4 1 3 5 9 1 3 1 7 5 2 8 4 4 5 8 2 3 6 9 6 7 7 9 1 5 1 4 3 8 2 5 2 6 8 6 3 4 7 1 3 8 4 7 2 9 9 5 6 8 4 7 3 9 2 6 1 5 2 6 9 7 5 1 8 4 3 3 5 1 6 4 8 7 2 9 14 15 
6 2 5 4 8 7 1 9 5 9 7 3 1 9 6 2 8 4 4 1 8 2 3 5 6 3 7 3 9 1 5 6 4 4 2 8 5 2 6 8 2 3 9 7 1 7 8 4 9 1 7 3 5 6 8 4 7 3 2 8 5 1 9 3 6 9 7 5 1 8 4 3 1 5 2 6 4 9 7 6 2 15 17 
6 5 2 4 8 7 1 3 9 9 7 3 1 5 6 2 8 4 4 1 8 2 3 9 5 6 7 7 9 1 5 6 4 3 2 8 5 2 6 8 9 3 4 7 1 3 8 4 7 1 2 9 5 6 8 4 7 3 9 5 6 1 2 3 6 9 7 2 1 8 4 5 1 2 5 6 4 8 7 9 3 5 10 
9 7 2 4 8 9 1 6 3 6 5 3 1 7 5 2 8 4 4 1 8 2 3 6 5 9 7 3 9 1 5 6 4 3 8 2 5 2 6 8 2 3 4 7 1 7 8 4 9 1 7 9 5 6 8 4 7 3 9 5 6 1 2 2 6 9 7 2 1 8 4 5 1 3 5 6 4 8 7 3 9 13 13 
9 7 2 4 8 6 1 3 9 6 5 3 9 1 7 2 8 4 4 1 8 2 3 5 5 6 7 7 9 1 5 6 4 3 2 8 5 2 6 8 9 3 4 7 1 3 8 4 1 7 2 9 5 6 8 4 7 3 2 9 6 1 5 2 6 9 7 5 1 8 4 3 1 3 5 6 4 8 7 9 2 3 2 
6 5 2 4 8 7 1 3 9 9 7 3 9 1 5 2 6 4 4 1 8 2 3 6 5 8 7 7 9 1 5 6 4 3 2 8 5 2 6 8 9 3 4 7 1 3 8 4 1 2 7 9 5 6 2 4 7 3 9 8 6 1 5 3 6 9 7 5 1 8 4 2 8 1 5 6 4 2 7 9 3 7 11 
9 7 2 6 8 4 1 3 5 6 5 3 9 1 7 2 8 4 4 1 8 2 3 5 6 9 7 3 9 1 5 7 4 4 2 8 5 2 6 8 6 3 9 7 1 7 8 4 9 1 2 3 5 6 8 4 7 3 2 9 6 1 5 3 6 9 7 5 1 8 4 2 2 1 5 6 4 8 7 9 3 12 12 
6 5 2 4 8 7 1 3 9 9 7 3 6 1 5 2 8 4 4 1 8 2 3 9 5 6 7 7 9 1 5 6 4 3 2 8 5 2 6 8 9 3 4 7 1 3 8 4 1 7 2 9 5 6 8 4 7 3 2 6 9 1 5 2 6 9 7 5 1 8 4 3 1 3 5 9 4 8 7 6 2 3 2 
9 2 5 4 8 7 1 3 5 6 7 3 1 5 9 2 8 4 4 1 8 2 3 6 6 9 7 3 9 1 5 6 4 4 2 8 5 2 6 8 9 3 9 7 1 7 8 4 1 7 2 3 5 6 2 4 7 3 6 5 5 1 9 3 6 9 7 2 1 8 4 3 8 5 1 9 4 8 7 6 2 14 14 
6 7 2 4 8 9 1 3 5 9 5 3 1 7 6 2 8 4 4 1 8 2 3 5 9 6 7 3 9 1 5 6 4 4 2 8 5 2 6 8 9 3 9 7 1 7 8 4 1 2 7 3 5 6 8 4 7 3 2 8 6 1 5 3 6 9 7 5 1 8 4 2 2 5 1 9 4 6 7 3 9 15 17 
9 7 2 4 8 5 1 9 3 6 5 3 1 7 9 2 8 4 4 1 8 2 3 6 5 6 7 7 9 1 5 6 4 4 8 2 5 2 6 8 9 3 9 7 1 3 8 4 7 1 2 3 5 6 2 4 7 3 2 8 6 1 5 3 6 9 7 5 1 8 4 3 8 1 5 9 4 6 7 2 9 15 13 
9 2 5 4 8 9 1 9 3 6 7 3 1 7 5 2 8 4 4 1 8 2 3 6 5 6 7 3 9 1 5 7 4 4 8 2 5 2 6 8 6 3 9 7 1 7 8 4 1 2 9 3 5 6 2 4 7 3 9 2 6 1 9 3 6 9 7 5 1 8 4 5 8 5 1 6 4 8 7 3 2 20 15 
6 5 2 4 8 7 1 3 9 9 7 3 9 1 5 2 6 4 4 1 8 2 3 6 5 8 7 7 9 1 5 6 4 3 2 8 5 2 6 8 9 3 4 7 1 3 8 4 1 7 2 9 5 6 8 4 7 3 5 9 6 1 2 3 6 9 7 2 1 8 4 5 2 1 5 6 4 8 7 9 3 5 8 
9 7 2 4 8 5 1 6 3 6 5 3 1 7 9 2 8 4 4 1 8 2 3 6 5 9 7 3 9 1 5 6 4 4 8 2 5 2 6 8 2 3 9 7 1 7 8 4 9 1 7 3 5 6 8 4 7 3 9 2 6 1 5 3 6 9 7 5 1 8 4 2 1 2 5 6 4 8 7 3 9 8 11 
6 7 2 4 8 9 1 3 5 9 1 3 1 5 7 2 6 4 4 5 8 2 3 6 9 8 7 7 9 1 5 7 4 3 8 2 5 2 6 8 6 3 4 7 1 3 8 4 1 9 2 9 5 6 2 4 7 3 6 5 4 1 9 3 6 9 7 2 1 8 2 5 8 5 1 9 4 8 7 6 3 19 14 
6 7 2 4 8 5 1 9 3 9 5 3 6 1 7 2 8 4 4 1 8 2 3 9 5 6 7 7 9 1 5 6 4 3 2 8 5 2 6 8 9 3 4 7 1 3 8 4 1 7 2 9 5 6 8 4 7 3 5 6 6 1 9 3 6 9 7 2 1 8 4 5 2 1 5 9 4 8 7 3 2 5 8 
6 2 5 4 8 7 1 3 9 9 7 3 6 1 5 2 8 4 4 1 8 2 3 9 5 6 7 7 9 1 5 6 4 3 2 8 5 2 6 8 9 3 4 7 1 3 8 4 1 2 7 9 5 6 8 4 7 3 9 2 6 1 5 3 6 9 7 5 1 8 4 2 1 5 2 6 4 8 7 9 3 6 10 
9 7 2 6 8 4 1 3 5 6 5 3 1 9 7 2 8 4 4 1 8 2 3 5 6 9 7 3 9 1 5 7 4 4 2 8 5 2 6 8 6 3 9 7 1 7 8 4 9 1 2 3 5 6 8 4 7 3 2 6 5 1 9 2 6 9 7 5 1 8 4 3 1 3 5 9 4 8 7 6 2 5 8 

