MonoObjective Genetic Algorithm
Number of Evaluations = 0
Mutation Probability = 0.0100000000000000002
Crossover Probability = 0.5
Population Size = 100
Survival Selection Type = 16

Time =  300.08442100000002

Current Evaluation = 185500
Front Size = 100
6 7 2 4 8 9 1 3 5 9 5 3 6 1 7 2 8 4 4 1 8 2 3 5 6 9 7 7 9 1 5 6 4 3 2 8 5 2 6 8 9 3 4 7 1 3 8 4 1 7 2 9 5 6 8 4 7 3 2 6 5 1 9 2 6 9 7 5 1 8 4 3 1 3 5 9 4 8 7 6 2 1 6 
9 2 5 4 8 7 1 6 3 8 7 3 6 1 5 2 9 4 4 1 6 2 3 9 5 8 7 7 9 1 5 6 4 3 2 8 5 2 6 8 9 3 4 7 1 3 8 4 1 7 2 9 5 6 2 4 7 3 5 8 6 1 9 3 6 9 7 2 1 8 4 5 1 5 8 9 4 6 7 3 2 4 25 
6 7 2 4 8 5 1 3 9 9 5 3 1 7 6 2 8 4 4 1 8 2 3 9 5 6 7 3 9 1 5 6 4 4 2 8 5 2 6 8 2 3 9 7 1 7 8 4 9 1 7 3 5 6 8 4 7 3 9 2 6 1 5 2 6 9 7 5 1 8 4 3 1 3 5 6 4 8 7 9 2 4 23 
9 2 5 4 8 7 1 6 3 6 7 3 1 9 5 2 8 4 4 1 8 2 3 6 5 9 7 3 9 1 5 7 4 4 2 8 5 2 6 8 6 3 9 7 1 7 8 4 9 1 2 3 5 6 8 4 7 3 2 9 6 1 5 3 6 9 7 5 1 8 4 2 1 5 2 6 4 8 7 3 9 5 23 
6 5 2 4 8 7 1 3 9 9 7 3 6 1 5 2 8 4 4 1 8 2 3 9 5 6 7 3 9 1 5 7 4 4 2 8 5 2 6 8 6 3 9 7 1 7 8 4 1 9 2 3 5 6 8 4 7 3 5 6 6 1 2 3 6 9 7 2 1 8 4 5 2 1 5 9 4 8 7 9 3 7 21 
9 2 6 4 8 7 1 3 5 8 7 3 9 1 5 2 6 4 4 5 1 2 3 6 9 8 7 3 9 1 5 7 4 3 8 2 5 2 6 8 6 3 4 7 1 7 8 4 1 9 2 9 5 6 8 4 7 3 2 9 6 1 5 2 6 9 7 5 1 8 4 3 1 3 5 6 4 8 7 2 9 11 23 
6 5 2 4 8 7 1 3 9 9 7 3 1 9 5 2 6 4 4 1 8 2 3 6 5 8 7 7 9 1 5 1 4 3 2 8 5 2 6 8 6 3 4 7 1 3 8 4 9 7 2 9 5 6 8 4 7 3 2 9 6 1 5 2 6 9 7 5 1 8 4 3 3 5 1 6 4 8 7 9 2 9 21 
2 7 6 9 8 4 1 6 3 9 5 3 1 7 6 2 8 4 4 1 8 2 3 5 5 9 7 1 9 6 5 6 4 4 2 8 5 3 2 8 2 3 9 7 1 7 8 4 9 1 7 3 5 6 8 4 7 3 5 8 5 1 9 3 6 9 7 2 1 8 4 2 1 5 2 9 4 6 7 6 3 125 25 
9 7 2 6 8 4 1 3 5 6 5 3 1 7 9 2 8 4 4 1 8 2 3 5 9 6 7 7 9 1 5 1 4 3 8 2 5 2 6 8 6 3 4 7 1 3 8 4 7 9 2 9 5 6 2 4 7 3 5 8 6 1 9 3 6 9 7 2 1 8 4 5 1 5 8 9 4 6 7 2 3 12 24 
9 7 2 4 8 5 1 6 3 6 5 3 9 1 7 2 8 4 4 1 8 2 3 6 5 9 7 7 9 1 5 6 4 3 2 8 5 2 6 8 9 3 4 7 1 3 8 4 1 7 2 9 5 6 8 4 7 3 5 9 6 1 2 3 6 9 7 2 1 8 4 5 2 1 5 6 4 8 7 3 9 3 20 
9 5 2 4 8 7 1 6 3 6 7 3 9 1 5 2 8 4 4 1 8 2 3 6 5 9 7 3 9 1 5 7 4 4 8 2 5 2 6 8 6 3 9 7 1 7 8 4 1 2 9 3 5 6 8 4 7 3 9 2 6 1 5 2 6 9 7 5 1 8 4 3 1 3 5 6 4 8 7 2 9 5 16 
9 5 2 4 8 7 1 6 3 8 7 3 1 5 6 2 9 4 4 1 6 2 3 9 5 8 7 7 9 1 5 7 4 3 2 8 5 2 6 8 6 3 4 7 1 3 8 4 9 1 2 9 5 6 8 4 7 3 9 2 6 1 5 2 6 9 7 5 1 8 4 2 1 3 5 6 4 8 7 3 9 10 19 
9 2 6 7 8 4 1 3 9 8 7 3 1 6 9 2 8 4 4 1 5 2 3 5 5 6 7 3 9 1 5 1 4 4 8 2 5 2 6 8 6 3 9 7 1 7 8 4 9 7 2 3 5 6 8 4 7 3 2 6 9 1 2 3 6 9 7 5 1 8 4 5 1 5 2 9 4 8 7 6 3 24 22 
9 5 2 4 8 7 1 3 5 8 7 3 6 1 5 2 9 4 4 1 6 2 3 9 6 8 7 7 9 1 5 1 7 2 4 8 5 2 6 8 6 3 9 7 1 3 8 4 4 9 2 3 5 6 8 5 7 3 5 8 4 1 5 4 6 9 7 2 1 8 2 3 2 3 1 9 4 6 6 9 7 428 26 
9 7 2 4 8 6 1 3 5 6 1 3 1 5 7 2 9 4 4 5 8 2 3 9 6 8 7 7 9 1 5 7 4 4 2 8 5 2 6 8 6 3 9 7 1 3 8 4 9 1 2 3 5 6 8 4 7 3 6 5 5 1 9 2 6 9 7 2 1 8 4 3 1 3 5 9 4 8 7 6 2 11 20 
6 5 2 4 8 7 1 3 9 9 7 3 6 1 5 2 8 4 4 1 8 2 3 9 5 6 7 7 9 1 5 6 4 3 2 8 5 2 6 8 9 3 4 7 1 3 8 4 1 7 2 9 5 6 8 4 7 3 2 8 6 1 5 2 6 9 7 5 1 8 4 3 1 3 5 9 4 6 7 9 2 3 13 
9 7 2 4 8 6 1 3 5 6 5 3 1 7 9 2 8 4 4 1 8 2 3 5 6 9 7 7 9 1 5 6 4 3 2 8 5 2 6 8 2 3 4 7 1 3 8 4 9 1 7 9 5 6 8 4 7 3 9 8 5 1 2 2 6 9 7 5 1 8 4 3 1 3 5 6 4 2 7 6 9 5 16 
9 7 2 4 8 5 1 3 9 6 5 3 9 1 7 2 8 4 4 1 8 2 3 6 5 6 7 7 9 1 5 6 4 3 2 8 5 2 6 8 9 3 4 7 1 3 8 4 1 7 2 9 5 6 8 4 7 3 2 9 6 1 5 2 6 9 7 5 1 8 4 3 1 3 5 6 4 8 7 9 2 3 11 
9 2 5 4 8 7 1 6 3 6 7 3 9 1 5 2 8 4 4 1 8 2 3 6 5 9 7 7 9 1 5 6 4 3 2 8 5 2 6 8 9 3 4 7 1 3 8 4 1 7 2 9 5 6 8 4 7 3 2 9 6 1 5 3 6 9 7 5 1 8 4 2 1 5 2 6 4 8 7 3 9 3 11 
7 2 6 9 8 4 1 3 5 9 5 3 7 1 6 2 8 4 4 1 8 2 3 5 6 9 7 3 9 1 5 6 4 4 2 8 5 2 6 8 9 3 9 7 1 7 8 4 1 7 2 3 5 6 8 4 7 3 5 9 5 1 2 3 6 9 7 2 1 8 4 3 1 5 2 6 4 8 7 6 9 14 21 
9 2 6 4 8 7 1 9 5 1 7 3 1 5 6 2 8 4 4 5 8 2 3 9 6 3 7 7 9 1 5 6 4 3 2 8 5 2 6 8 9 3 4 7 1 3 8 4 1 7 2 9 5 6 8 4 7 3 9 5 5 1 2 2 6 9 7 2 1 8 4 3 3 1 5 6 4 8 7 6 9 12 20 
9 2 6 4 8 5 1 3 5 1 7 3 9 1 7 2 8 4 4 5 8 2 3 6 6 9 7 3 9 1 5 6 4 4 2 8 5 2 6 8 2 3 9 7 1 7 8 4 1 7 9 3 5 6 8 4 7 3 6 2 5 1 9 2 6 9 7 5 1 8 4 3 3 1 5 9 4 8 7 6 2 13 20 
9 5 2 4 8 7 1 3 5 6 7 3 1 5 6 2 8 4 4 1 8 2 3 9 9 6 7 7 9 1 5 6 4 3 2 8 5 2 6 8 2 3 4 7 1 3 8 4 9 1 7 9 5 6 2 4 7 3 6 5 6 1 5 3 6 9 7 2 1 8 4 3 8 5 1 9 4 8 7 2 9 21 21 
6 7 2 4 8 5 1 9 3 9 5 3 1 7 6 2 8 4 4 1 8 2 3 9 5 6 7 7 9 1 5 6 4 3 2 8 5 2 6 8 9 3 4 7 1 3 8 4 7 1 2 9 5 6 8 4 7 3 2 9 6 1 5 3 6 9 7 5 1 8 4 2 1 2 5 6 4 8 7 3 9 5 15 
9 2 6 4 8 7 1 3 5 1 7 3 9 1 6 2 6 4 4 5 8 2 3 5 9 8 7 7 9 1 5 6 4 3 2 8 5 2 6 8 9 3 4 7 1 3 8 4 1 7 2 9 5 6 2 4 7 3 2 8 6 1 5 3 6 9 7 5 1 8 4 2 8 1 5 6 4 9 7 9 3 12 18 
9 2 5 4 8 3 1 6 5 8 7 3 7 5 9 2 8 4 4 1 6 2 1 6 3 9 7 3 9 1 5 2 4 3 2 8 5 2 6 8 6 3 4 7 1 7 8 4 9 1 7 9 5 6 8 4 7 3 6 5 6 1 5 2 6 9 7 2 1 8 4 3 1 3 5 9 4 8 7 2 9 128 21 
9 7 2 4 8 7 1 9 3 6 5 3 1 5 6 2 8 4 4 1 8 2 3 9 5 6 7 3 9 1 5 6 4 4 8 2 5 2 6 8 9 3 9 7 1 7 8 4 1 7 2 3 5 6 2 4 7 3 9 5 6 1 9 3 6 9 7 2 1 8 4 5 8 1 5 6 4 8 7 3 2 16 20 
9 2 5 4 8 7 1 3 5 6 7 3 6 1 9 2 8 4 4 1 8 2 3 5 6 9 7 3 9 1 5 7 4 4 2 8 5 2 6 8 6 3 9 7 1 7 8 4 1 9 2 3 5 6 8 4 7 3 2 6 5 1 9 3 6 9 7 5 1 8 4 2 1 5 2 9 4 8 7 6 3 7 15 
9 7 2 6 8 4 1 6 3 8 5 3 7 1 9 2 9 4 4 1 6 2 3 5 5 8 7 3 9 1 5 6 4 4 8 2 5 2 6 8 9 3 9 7 1 7 8 4 1 7 2 3 5 6 2 4 7 3 2 8 6 1 5 3 6 9 7 5 1 8 4 2 1 5 8 9 4 6 7 3 9 16 20 
7 2 6 4 8 5 1 3 9 9 5 3 9 1 7 2 8 4 4 1 8 2 3 6 5 6 7 3 9 1 5 7 4 3 8 2 5 2 6 8 6 3 4 7 1 7 8 4 1 9 2 9 5 6 8 4 7 3 5 8 6 1 9 2 6 9 7 2 1 8 4 3 3 1 5 6 4 9 7 2 5 16 19 
9 7 2 4 8 6 1 3 5 6 5 3 9 1 7 2 8 4 4 1 8 2 3 5 9 6 7 3 9 1 5 7 4 4 2 8 5 2 6 8 6 3 9 7 1 7 8 4 1 2 9 3 5 6 8 4 7 3 9 8 5 1 2 2 6 9 7 5 1 8 4 3 1 3 5 6 4 2 7 6 9 7 15 
6 5 2 4 8 7 1 3 9 9 7 3 9 1 5 2 6 4 4 1 8 2 3 6 5 8 7 3 9 1 5 7 4 4 2 8 5 2 6 8 6 3 9 7 1 7 8 4 1 9 2 3 5 6 8 4 7 3 2 9 6 1 5 2 6 9 7 5 1 8 4 3 1 3 5 6 4 8 7 9 2 5 13 
6 5 2 4 8 7 1 3 5 9 7 3 1 5 6 2 8 4 4 1 8 2 3 9 6 9 7 3 9 1 5 7 4 4 2 8 5 2 6 8 6 3 9 7 1 7 8 4 9 1 2 3 5 6 8 4 7 3 9 5 5 1 2 2 6 9 7 2 1 8 4 3 1 3 5 6 4 8 7 6 9 8 15 
9 7 2 4 8 6 1 3 5 6 5 3 1 7 9 2 8 4 4 1 8 2 3 5 6 9 7 7 9 1 5 6 4 3 2 8 5 2 6 8 9 3 4 7 1 3 8 4 1 2 7 9 5 6 8 4 7 3 6 2 5 1 9 2 6 9 7 5 1 8 4 3 1 3 5 9 4 8 7 6 2 3 9 
9 7 2 4 8 6 1 3 5 8 5 3 1 9 7 2 6 4 4 1 6 2 3 5 9 8 7 3 9 1 5 7 4 3 2 8 5 2 6 8 6 3 4 7 1 7 8 4 9 1 2 9 5 6 8 4 7 3 2 8 6 1 5 2 6 9 7 5 1 8 4 3 1 3 5 6 4 9 7 2 9 11 16 
9 5 2 4 8 7 1 6 3 6 7 3 9 1 5 2 8 4 4 1 8 2 3 6 5 9 7 7 9 1 5 6 4 3 8 2 5 2 6 8 9 3 4 7 1 3 8 4 1 7 2 9 5 6 8 4 7 3 2 9 6 1 5 2 6 9 7 5 1 8 4 3 1 3 5 6 4 8 7 2 9 3 9 
9 7 2 6 8 4 1 3 5 6 5 3 1 9 7 2 8 4 4 1 8 2 3 5 6 9 7 3 9 1 5 7 4 4 2 8 5 2 6 8 6 3 9 7 1 7 8 4 9 1 2 3 5 6 8 4 7 3 2 8 5 1 9 2 6 9 7 5 1 8 4 3 1 3 5 9 4 6 7 6 2 7 14 
6 5 2 4 8 7 1 9 3 9 7 3 6 1 5 2 8 4 4 1 8 2 3 9 5 6 7 7 9 1 5 6 4 3 2 8 5 2 6 8 9 3 4 7 1 3 8 4 1 7 2 9 5 6 8 4 7 3 5 6 6 1 9 2 6 9 7 2 1 8 4 5 1 3 5 9 4 8 7 3 2 4 9 
6 2 5 4 8 7 1 9 3 9 7 3 6 1 5 2 8 4 4 1 8 2 3 9 5 6 7 3 9 1 5 7 4 4 2 8 5 2 6 8 6 3 9 7 1 7 8 4 1 2 9 3 5 6 2 4 7 3 9 8 6 1 5 3 6 9 7 5 1 8 4 2 1 5 8 6 4 2 7 3 9 8 15 
6 7 2 4 8 5 1 3 9 9 5 3 1 7 6 2 8 4 4 1 8 2 3 9 5 6 7 7 9 1 5 6 4 3 2 8 5 2 6 8 2 3 4 7 1 3 8 4 9 1 7 9 5 6 2 4 7 3 9 8 6 1 5 3 6 9 7 5 1 8 4 2 8 1 5 6 4 2 7 9 3 5 13 
9 5 2 4 8 7 1 6 3 6 7 3 9 1 5 2 8 4 4 1 8 2 3 6 5 9 7 7 9 1 5 7 4 3 2 8 5 2 6 8 6 3 4 7 1 3 8 4 1 2 9 9 5 6 2 4 7 3 9 8 6 1 5 3 6 9 7 5 1 8 4 2 8 1 5 6 4 2 7 3 9 6 13 
6 7 2 4 8 5 1 3 9 9 5 3 1 7 6 2 8 4 4 1 8 2 3 9 5 6 7 7 9 1 5 6 4 3 2 8 5 2 6 8 9 3 4 7 1 3 8 4 1 2 7 9 5 6 8 4 7 3 9 2 6 1 5 2 6 9 7 5 1 8 4 3 1 3 5 6 4 8 7 9 2 3 8 
6 7 2 4 8 9 1 3 5 9 5 3 6 1 7 2 8 4 4 1 8 2 3 5 6 9 7 3 9 1 5 7 4 4 2 8 5 2 6 8 6 3 9 7 1 7 8 4 1 9 2 3 5 6 8 4 7 3 2 6 5 1 9 2 6 9 7 5 1 8 4 3 1 3 5 9 4 8 7 6 2 3 8 
9 7 2 4 8 6 1 3 5 6 5 3 9 1 7 2 8 4 4 1 8 2 3 5 6 9 7 7 9 1 5 6 4 3 2 8 5 2 6 8 9 3 4 7 1 3 8 4 1 7 2 9 5 6 8 4 7 3 2 9 5 1 2 2 6 9 7 5 1 8 4 3 1 3 5 6 4 8 7 6 9 3 8 
9 2 6 4 8 7 1 3 5 1 7 3 1 6 5 2 8 4 4 5 8 2 3 9 6 9 7 3 9 1 5 7 4 4 2 8 5 2 6 8 6 3 9 7 1 7 8 4 9 1 2 3 5 6 2 4 7 3 5 8 6 1 9 3 6 9 7 2 1 8 4 5 8 1 5 9 4 6 7 2 3 13 18 
9 7 2 4 8 6 1 9 3 8 5 3 9 1 7 2 6 4 4 1 6 2 3 5 5 8 7 7 9 1 5 6 4 3 2 8 5 2 6 8 9 3 4 7 1 3 8 4 1 7 2 9 5 6 2 4 7 3 2 8 6 1 9 3 6 9 7 5 1 8 4 2 1 5 8 6 4 9 7 3 5 8 15 
9 2 6 7 8 4 1 3 5 1 7 3 6 1 9 2 8 4 4 5 8 2 3 5 9 6 7 7 9 1 5 6 4 3 2 8 5 2 6 8 9 3 4 7 1 3 8 4 1 2 7 9 5 6 2 4 7 3 5 6 5 1 9 3 6 9 7 2 1 8 4 3 8 1 5 9 4 8 7 6 2 14 18 
9 7 2 4 8 6 1 3 5 6 5 3 1 7 9 2 8 4 4 1 8 2 3 5 9 6 7 3 9 1 5 6 4 4 2 8 5 2 6 8 2 3 9 7 1 7 8 4 9 1 7 3 5 6 2 4 7 3 9 8 6 1 5 3 6 9 7 5 1 8 4 2 1 5 8 6 4 2 7 9 3 9 15 
6 5 2 4 8 7 1 3 9 9 7 3 9 1 5 2 6 4 4 1 8 2 3 6 5 8 7 7 9 1 5 6 4 3 2 8 5 2 6 8 9 3 4 7 1 3 8 4 1 7 2 9 5 6 8 4 7 3 2 9 6 1 5 2 6 9 7 5 1 8 4 3 1 3 5 6 4 8 7 9 2 3 7 
6 5 2 4 8 7 1 3 9 9 7 3 1 5 6 2 8 4 4 1 8 2 3 9 5 6 7 7 9 1 5 6 4 3 2 8 5 2 6 8 9 3 4 7 1 3 8 4 7 1 2 9 5 6 8 4 7 3 2 9 6 1 5 2 6 9 7 5 1 8 4 3 1 3 5 6 4 8 7 9 2 4 8 
9 5 2 4 8 7 1 3 5 6 7 3 6 1 9 2 8 4 4 1 8 2 3 5 6 9 7 7 9 1 5 6 4 3 2 8 5 2 6 8 9 3 4 7 1 3 8 4 1 7 2 9 5 6 8 4 7 3 2 6 5 1 9 2 6 9 7 5 1 8 4 3 1 3 5 9 4 8 7 6 2 3 6 
9 2 6 4 8 7 1 3 5 8 7 3 9 1 5 2 6 4 4 1 5 2 3 6 9 8 7 7 9 1 5 6 4 3 2 8 5 2 6 8 9 3 4 7 1 3 8 4 1 7 2 9 5 6 2 4 7 3 9 8 5 1 2 3 6 9 7 5 1 8 4 3 1 5 8 6 4 2 7 6 9 11 15 
9 5 2 4 8 7 1 6 3 6 7 3 9 1 5 2 8 4 4 1 8 2 3 6 5 9 7 7 9 1 5 6 4 3 2 8 5 2 6 8 9 3 4 7 1 3 8 4 1 7 2 9 5 6 8 4 7 3 5 9 6 1 2 3 6 9 7 2 1 8 4 5 1 2 5 6 4 8 7 3 9 3 6 
9 2 6 4 8 5 1 3 5 8 7 3 1 6 7 2 9 4 4 5 1 2 3 9 6 8 7 3 9 1 5 6 4 4 8 2 5 2 6 8 2 3 9 7 1 7 8 4 1 7 9 3 5 6 8 4 7 3 9 2 6 1 5 3 6 9 7 5 1 8 4 2 2 1 5 6 4 8 7 3 9 19 18 
6 7 2 4 8 7 1 9 3 9 5 3 1 9 5 2 6 4 4 1 8 2 3 6 5 8 7 7 9 1 5 6 4 3 8 2 5 2 6 8 2 3 4 7 1 3 8 4 7 1 9 9 5 6 8 4 7 3 6 2 5 1 9 2 6 9 7 5 1 8 4 3 1 3 5 9 4 8 7 6 2 14 17 
9 7 2 4 8 5 1 6 3 6 5 3 9 1 7 2 8 4 4 1 8 2 3 6 5 9 7 7 9 1 5 6 4 3 2 8 5 2 6 8 9 3 4 7 1 3 8 4 1 7 2 9 5 6 8 4 7 3 2 9 6 1 5 2 6 9 7 5 1 8 4 2 1 3 5 6 4 8 7 3 9 3 6 
6 5 2 4 8 7 1 3 9 9 7 3 6 1 5 2 8 4 4 1 8 2 3 9 5 6 7 7 9 1 5 6 4 3 2 8 5 2 6 8 9 3 4 7 1 3 8 4 1 2 7 9 5 6 8 4 7 3 9 2 6 1 5 2 6 9 7 5 1 8 4 3 1 3 5 6 4 8 7 9 2 4 6 
6 2 5 4 8 5 1 6 3 9 7 3 9 1 7 2 8 4 4 1 8 2 3 6 5 9 7 3 9 1 5 6 4 4 2 8 5 2 6 8 2 3 9 7 1 7 8 4 1 7 9 3 5 6 8 4 7 3 9 2 6 1 5 3 6 9 7 5 1 8 4 2 1 5 2 6 4 8 7 9 3 12 15 
6 2 5 4 8 7 1 9 3 9 7 3 1 5 6 2 8 4 4 1 8 2 3 9 5 6 7 3 9 1 5 7 4 4 2 8 5 2 6 8 6 3 9 7 1 7 8 4 9 1 2 3 5 6 8 4 7 3 9 5 6 1 2 3 6 9 7 2 1 8 4 5 1 5 2 6 4 8 7 3 9 5 12 
6 5 2 4 8 7 1 3 9 9 7 3 9 1 6 2 8 4 4 1 8 2 3 5 5 6 7 7 9 1 5 6 4 3 2 8 5 2 6 8 9 3 4 7 1 3 8 4 1 7 2 9 5 6 8 4 7 3 5 9 6 1 2 3 6 9 7 2 1 8 4 5 2 1 5 6 4 8 7 9 3 5 11 
9 7 2 4 8 5 1 6 3 6 5 3 1 7 9 2 8 4 4 1 8 2 3 6 5 9 7 7 9 1 5 6 4 3 2 8 5 2 6 8 9 3 4 7 1 3 8 4 7 1 2 9 5 6 8 4 7 3 5 6 6 1 9 2 6 9 7 2 1 8 4 5 1 3 5 9 4 8 7 3 2 6 12 
9 7 2 4 8 5 1 6 3 6 5 3 1 7 9 2 8 4 4 1 8 2 3 6 5 9 7 7 9 1 5 6 4 3 2 8 5 2 6 8 2 3 4 7 1 3 8 4 9 1 7 9 5 6 8 4 7 3 9 2 6 1 5 3 6 9 7 5 1 8 4 2 1 2 5 6 4 8 7 3 9 5 11 
9 2 5 4 8 6 1 9 3 6 7 3 1 5 7 2 8 4 4 1 8 2 3 9 5 6 7 7 9 1 5 6 4 3 2 8 5 2 6 8 9 3 4 7 1 3 8 4 1 7 2 9 5 6 8 4 7 3 9 5 6 1 2 3 6 9 7 2 1 8 4 5 1 5 2 6 4 8 7 3 9 7 12 
9 7 2 4 8 7 1 3 5 6 5 3 1 5 6 2 9 4 4 1 8 2 3 9 6 8 7 7 9 1 5 6 4 4 2 8 5 2 6 8 9 3 9 7 1 3 8 4 1 7 2 3 5 6 8 4 7 3 9 5 6 1 2 3 6 9 7 2 1 8 4 5 1 2 5 6 4 8 7 9 3 15 15 
6 2 5 4 8 6 1 3 9 9 7 3 1 7 5 2 8 4 4 1 8 2 3 9 5 6 7 3 9 1 5 6 4 3 2 8 5 2 6 8 2 3 4 7 1 7 8 4 1 7 9 9 5 6 8 4 7 3 9 2 6 1 5 3 6 9 7 5 1 8 4 2 1 2 5 6 4 8 7 3 9 17 15 
6 7 2 4 8 9 1 3 5 9 5 3 1 7 6 2 8 4 4 1 8 2 3 5 9 6 7 7 9 1 5 6 4 3 8 2 5 2 6 8 9 3 4 7 1 3 8 4 7 1 2 9 5 6 8 4 7 3 2 9 6 1 5 2 6 9 7 5 1 8 4 3 1 3 5 6 4 8 7 2 9 6 11 
6 2 5 4 8 7 1 9 3 9 7 3 6 1 5 2 8 4 4 1 8 2 3 9 5 6 7 3 9 1 5 7 4 4 8 2 5 2 6 8 6 3 9 7 1 7 8 4 1 9 2 3 5 6 2 4 7 3 5 8 6 1 9 3 6 9 7 2 1 8 4 5 8 5 1 9 4 6 7 2 3 8 14 
6 7 2 4 8 5 1 3 9 9 5 3 7 1 6 2 8 4 4 1 8 2 3 9 5 6 7 7 9 1 5 6 4 3 2 8 5 2 6 8 9 3 4 7 1 3 8 4 1 7 2 9 5 6 8 4 7 3 2 9 6 1 5 3 6 9 7 5 1 8 4 2 2 1 5 6 4 8 7 9 3 5 9 
9 7 2 4 8 6 1 3 5 6 5 3 1 5 7 2 9 4 4 1 8 2 3 9 6 8 7 7 9 1 5 6 4 3 2 8 5 2 6 8 9 3 4 7 1 3 8 4 7 1 2 9 5 6 2 4 7 3 6 8 5 1 9 3 6 9 7 2 1 8 4 3 8 1 5 9 4 5 7 6 2 9 14 
6 7 2 4 8 9 1 3 5 9 5 3 1 7 6 2 8 4 4 1 8 2 3 5 6 9 7 7 9 1 5 6 4 4 2 8 5 2 6 8 2 3 9 7 1 3 8 4 9 1 7 3 5 6 8 4 7 3 6 2 5 1 9 2 6 9 7 5 1 8 4 3 1 3 5 9 4 8 7 6 2 6 10 
6 5 2 4 8 6 1 9 3 9 7 3 1 7 5 2 8 4 4 1 8 2 3 9 5 6 7 7 9 1 5 6 4 3 2 8 5 2 6 8 2 3 4 7 1 3 8 4 9 1 7 9 5 6 8 4 7 3 9 8 6 1 2 2 6 9 7 5 1 8 4 5 1 3 5 6 4 2 7 3 9 8 13 
6 5 2 4 8 7 1 3 9 9 7 3 9 1 6 2 8 4 4 1 8 2 3 5 5 6 7 7 9 1 5 6 4 3 2 8 5 2 6 8 9 3 4 7 1 3 8 4 1 7 2 9 5 6 8 4 7 3 2 9 6 1 5 2 6 9 7 5 1 8 4 3 1 3 5 6 4 8 7 9 2 3 4 
9 7 2 4 8 6 1 3 5 6 5 3 1 9 7 2 8 4 4 1 8 2 3 5 9 6 7 3 9 1 5 7 4 4 2 8 5 2 6 8 6 3 9 7 1 7 8 4 9 1 2 3 5 6 8 4 7 3 2 9 6 1 5 3 6 9 7 5 1 8 4 2 2 1 5 6 4 8 7 3 9 8 13 
6 5 2 4 8 7 1 3 5 9 7 3 6 1 5 2 8 4 4 1 8 2 3 9 6 9 7 7 9 1 5 6 4 3 2 8 5 2 6 8 9 3 4 7 1 3 8 4 1 7 2 9 5 6 8 4 7 3 2 6 5 1 9 2 6 9 7 5 1 8 4 3 1 3 5 9 4 8 7 6 2 3 4 
9 7 2 4 8 5 1 6 9 6 5 3 9 1 7 2 8 4 4 1 8 2 3 6 5 3 7 3 9 1 5 7 4 4 2 8 5 2 6 8 6 3 9 7 1 7 8 4 1 9 2 3 5 6 8 4 7 3 2 9 6 1 5 2 6 9 7 5 1 8 4 3 1 3 5 6 4 8 7 9 2 5 9 
9 7 2 6 8 4 1 9 3 6 5 3 1 7 5 2 8 4 4 1 8 2 3 9 5 6 7 7 9 1 5 6 4 3 2 8 5 2 6 8 9 3 4 7 1 3 8 4 1 2 7 9 5 6 8 4 7 3 2 6 6 1 9 3 6 9 7 5 1 8 4 2 2 1 5 9 4 8 7 3 5 10 14 
9 5 2 4 8 7 1 3 9 6 7 3 9 1 5 2 8 4 4 1 8 2 3 6 5 6 7 7 9 1 5 6 4 3 2 8 5 2 6 8 9 3 4 7 1 3 8 4 1 7 2 9 5 6 8 4 7 3 2 9 6 1 5 2 6 9 7 5 1 8 4 3 1 3 5 6 4 8 7 9 2 3 4 
9 7 2 4 8 6 1 3 5 6 5 3 9 1 7 2 8 4 4 1 8 2 3 5 9 6 7 7 9 1 5 6 4 4 8 2 5 2 6 8 2 3 9 7 1 3 8 4 9 1 7 3 5 6 8 4 7 3 9 2 6 1 5 2 6 9 7 5 1 8 4 3 1 3 5 6 4 8 7 2 9 10 14 
9 5 2 4 8 7 1 3 9 6 7 3 9 1 6 2 8 4 4 1 8 2 3 5 5 6 7 3 9 1 5 7 4 4 2 8 5 2 6 8 6 3 9 7 1 7 8 4 1 9 2 3 5 6 8 4 7 3 2 9 6 1 5 3 6 9 7 5 1 8 4 2 2 1 5 6 4 8 7 9 3 8 11 
6 7 2 4 8 5 1 3 9 9 5 3 6 1 7 2 8 4 4 1 8 2 3 9 5 6 7 7 9 1 5 6 4 3 2 8 5 2 6 8 9 3 4 7 1 3 8 4 1 7 2 9 5 6 8 4 7 3 2 9 6 1 5 2 6 9 7 5 1 8 4 3 1 3 5 6 4 8 7 9 2 3 4 
6 2 5 4 8 5 1 6 3 9 7 3 9 1 7 2 8 4 4 1 8 2 3 6 5 9 7 3 9 1 5 7 4 3 2 8 5 2 6 8 6 3 4 7 1 7 8 4 1 2 9 9 5 6 8 4 7 3 5 8 6 1 2 3 6 9 7 2 1 8 4 5 1 2 5 9 4 6 7 9 3 20 15 
9 5 2 4 8 6 1 6 3 6 7 3 1 7 5 2 8 4 4 1 8 2 3 9 5 9 7 7 9 1 5 1 4 3 2 8 5 2 6 8 6 3 4 7 1 3 8 4 9 2 7 9 5 6 8 4 7 3 9 2 6 1 5 2 6 9 7 5 1 8 4 3 1 3 5 6 4 8 7 2 9 9 12 
6 7 2 4 8 7 1 9 3 9 5 3 1 5 6 2 8 4 4 1 8 2 3 9 5 6 7 7 9 1 5 7 4 3 2 8 5 2 6 8 6 3 4 7 1 3 8 4 9 1 2 9 5 6 8 4 7 3 9 5 6 1 2 2 6 9 7 2 1 8 4 5 1 3 5 6 4 8 7 3 9 8 11 
6 7 2 4 8 5 1 3 9 9 5 3 1 7 6 2 8 4 4 1 8 2 3 9 5 6 7 7 9 1 5 6 4 3 2 8 5 2 6 8 9 3 4 7 1 3 8 4 7 1 2 9 5 6 8 4 7 3 2 9 6 1 5 2 6 9 7 5 1 8 4 3 1 3 5 6 4 8 7 9 2 3 4 
9 7 2 4 8 6 1 3 5 6 5 3 7 1 9 2 8 4 4 1 8 2 3 5 6 9 7 3 9 1 5 7 4 3 2 8 5 2 6 8 6 3 4 7 1 7 8 4 1 9 2 9 5 6 8 4 7 3 6 5 9 1 2 2 6 9 7 2 1 8 4 5 1 3 5 9 4 8 7 6 3 11 14 
6 5 2 4 8 7 1 3 9 9 7 3 6 1 5 2 8 4 4 1 8 2 3 9 5 6 7 7 9 1 5 6 4 3 2 8 5 2 6 8 9 3 4 7 1 3 8 4 1 7 2 9 5 6 8 4 7 3 2 6 9 1 5 2 6 9 7 5 1 8 4 3 1 3 5 9 4 8 7 6 2 3 4 
6 7 2 4 8 9 1 3 5 9 5 3 1 7 6 2 8 4 4 1 8 2 3 5 6 9 7 7 9 1 5 6 4 3 2 8 5 2 6 8 9 3 4 7 1 3 8 4 1 2 7 9 5 6 2 4 7 3 5 8 5 1 9 3 6 9 7 2 1 8 4 3 1 5 8 6 4 9 7 6 2 10 13 
9 2 6 4 8 7 1 3 9 8 7 3 9 1 5 2 6 4 4 5 1 2 3 6 5 8 7 7 9 1 5 7 4 4 2 8 5 2 6 8 6 3 9 7 1 3 8 4 1 9 2 3 5 6 8 4 7 3 5 9 6 1 2 3 6 9 7 2 1 8 4 5 2 1 5 6 4 8 7 9 3 12 14 
6 2 5 4 8 7 1 3 9 9 7 3 9 1 5 2 6 4 4 1 8 2 3 6 5 8 7 7 9 1 5 6 4 3 2 8 5 2 6 8 9 3 4 7 1 3 8 4 1 7 2 9 5 6 8 4 7 3 5 9 6 1 2 3 6 9 7 2 1 8 4 5 1 5 2 6 4 8 7 9 3 5 9 
6 2 5 4 8 7 1 3 9 9 7 3 6 1 5 2 8 4 4 1 8 2 3 9 5 6 7 7 9 1 5 6 4 3 2 8 5 2 6 8 9 3 4 7 1 3 8 4 1 7 2 9 5 6 2 4 7 3 5 8 6 1 2 3 6 9 7 2 1 8 4 5 1 5 8 9 4 6 7 9 3 6 9 
9 7 2 4 8 5 1 9 3 6 5 3 6 1 7 2 8 4 4 1 8 2 3 9 5 6 7 3 9 1 5 6 4 4 2 8 5 2 6 8 9 3 9 7 1 7 8 4 1 7 2 3 5 6 8 4 7 3 6 2 9 1 5 2 6 9 7 5 1 8 4 3 1 3 5 9 4 8 7 6 2 11 13 
9 7 2 4 8 5 1 3 5 6 5 3 6 1 7 2 8 4 4 1 8 2 3 9 6 9 7 7 9 1 5 6 4 3 2 8 5 2 6 8 9 3 4 7 1 3 8 4 1 7 2 9 5 6 8 4 7 3 6 2 9 1 5 3 6 9 7 5 1 8 4 2 2 1 5 9 4 8 7 6 3 10 12 
6 2 5 4 8 7 1 9 3 9 7 3 6 1 5 2 8 4 4 1 8 2 3 9 5 6 7 7 9 1 5 6 4 4 2 8 5 2 6 8 9 3 9 7 1 3 8 4 1 7 2 3 5 6 8 4 7 3 5 6 6 1 2 3 6 9 7 2 1 8 4 5 1 5 2 9 4 8 7 3 9 8 10 
9 2 6 4 8 7 1 3 5 1 7 3 1 9 5 2 6 4 4 5 8 2 3 6 9 8 7 3 9 1 5 7 4 4 2 8 5 2 6 8 6 3 9 7 1 7 8 4 9 1 2 3 5 6 8 4 7 3 2 9 6 1 5 3 6 9 7 5 1 8 4 2 2 1 5 6 4 8 7 9 3 10 12 
6 7 2 9 8 4 1 9 3 9 5 3 1 7 6 2 8 4 4 1 8 2 3 5 5 6 7 7 9 1 5 6 4 4 2 8 5 2 6 8 2 3 9 7 1 3 8 4 7 1 9 3 5 6 8 4 7 3 9 2 6 1 5 2 6 9 7 5 1 8 4 2 1 3 5 6 4 8 7 3 9 10 12 
6 2 5 4 8 7 1 9 3 9 7 3 9 1 5 2 6 4 4 1 8 2 3 6 5 8 7 7 9 1 5 7 4 3 2 8 5 2 6 8 6 3 4 7 1 3 8 4 1 2 9 9 5 6 8 4 7 3 9 2 5 1 2 2 6 9 7 5 1 8 4 3 1 3 5 6 4 8 7 6 9 13 14 
9 7 2 4 8 6 1 3 5 6 5 3 7 1 9 2 8 4 4 1 8 2 3 5 6 9 7 7 9 1 5 6 4 3 2 8 5 2 6 8 9 3 4 7 1 3 8 4 1 7 2 9 5 6 8 4 7 3 2 6 5 1 9 2 6 9 7 5 1 8 4 3 1 3 5 9 4 8 7 6 2 3 4 
9 2 6 4 8 6 1 3 5 1 7 3 1 7 9 2 8 4 4 5 8 2 3 5 6 9 7 3 9 1 5 6 4 4 2 8 5 2 6 8 2 3 9 7 1 7 8 4 1 7 9 3 5 6 8 4 7 3 9 8 6 1 5 2 6 9 7 5 1 8 4 2 3 1 5 6 4 2 7 9 3 20 14 
6 7 2 4 8 5 1 6 3 9 5 3 1 6 7 2 8 4 4 1 8 2 3 9 5 9 7 7 9 1 5 1 4 4 2 8 5 2 6 8 6 3 9 7 1 3 8 4 9 7 2 3 5 6 8 4 7 3 9 2 6 1 5 2 6 9 7 5 1 8 4 2 1 3 5 6 4 8 7 3 9 11 12 
9 7 2 4 8 6 1 3 5 6 5 3 1 9 7 2 8 4 4 1 8 2 3 5 6 9 7 3 9 1 5 6 4 4 2 8 5 2 6 8 2 3 9 7 1 7 8 4 1 7 9 3 5 6 8 4 7 3 6 2 5 1 9 2 6 9 7 5 1 8 4 3 3 5 1 9 4 8 7 6 2 9 11 

