MonoObjective Genetic Algorithm
Number of Evaluations = 0
Mutation Probability = 0.0100000000000000002
Crossover Probability = 0.5
Population Size = 100
Survival Selection Type = 16

Time =  300.095944999999972

Current Evaluation = 187500
Front Size = 100
6 7 2 4 8 9 1 3 5 9 5 3 6 1 7 2 8 4 4 1 8 2 3 5 6 9 7 7 9 1 5 6 4 3 2 8 5 2 6 8 9 3 4 7 1 3 8 4 1 7 2 9 5 6 8 4 7 3 2 6 5 1 9 2 6 9 7 5 1 8 4 3 1 3 5 9 4 8 7 6 2 1 7 
9 5 2 4 8 7 1 6 3 8 7 3 1 5 6 2 9 4 4 1 6 2 3 9 5 8 7 3 9 1 5 7 4 4 2 8 5 2 6 8 6 3 9 7 1 7 8 4 9 1 2 3 5 6 8 4 7 3 9 5 6 1 2 3 6 9 7 2 1 8 4 5 2 1 5 6 4 8 7 3 9 7 36 
9 7 2 4 8 5 1 6 3 6 5 3 1 7 9 2 8 4 4 1 8 2 3 6 5 9 7 7 9 1 5 6 4 3 2 8 5 2 6 8 9 3 4 7 1 3 8 4 1 2 7 9 5 6 2 4 7 3 9 8 6 1 5 3 6 9 7 5 1 8 4 2 8 1 5 6 4 2 7 3 9 5 25 
6 7 2 4 8 5 1 3 9 9 5 3 1 6 7 2 8 4 4 1 8 2 3 9 5 6 7 3 9 1 5 7 4 4 2 8 5 2 6 8 6 3 9 7 1 7 8 4 1 2 9 3 5 6 8 4 7 3 9 2 6 1 5 2 6 9 7 5 1 8 4 3 3 5 1 6 4 8 7 9 2 9 25 
9 2 5 4 8 7 1 6 3 6 7 3 9 1 5 2 8 4 4 1 8 2 3 6 5 9 7 7 9 1 5 6 4 3 2 8 5 2 6 8 9 3 4 7 1 3 8 4 1 7 2 9 5 6 8 4 7 3 5 9 6 1 2 3 6 9 7 2 1 8 4 5 1 5 2 6 4 8 7 3 9 3 19 
9 7 2 6 8 4 1 3 5 6 5 3 1 9 7 2 8 4 4 1 8 2 3 5 6 9 7 3 9 1 5 6 4 4 2 8 5 2 6 8 2 3 9 7 1 7 8 4 1 7 9 3 5 6 2 4 7 3 6 8 5 1 9 3 6 9 7 5 1 8 4 2 8 1 5 9 4 2 7 6 3 9 22 
9 7 2 4 8 6 1 3 5 6 5 3 1 7 9 2 8 4 4 1 8 2 3 5 6 9 7 7 9 1 5 6 4 4 8 2 5 2 6 8 2 3 9 7 1 3 8 4 9 1 7 3 5 6 8 4 7 3 9 2 6 1 5 2 6 9 7 5 1 8 4 3 1 3 5 6 4 8 7 2 9 7 21 
9 7 2 6 8 4 1 6 3 6 1 3 7 1 5 2 9 4 4 5 8 2 3 9 5 8 7 3 9 1 5 6 4 4 2 8 5 2 6 8 9 3 9 7 1 7 8 4 1 2 7 3 5 6 8 4 7 3 2 8 6 1 9 2 6 9 7 5 1 8 4 3 1 3 5 9 4 6 7 2 5 15 24 
6 5 2 9 8 4 1 9 3 9 7 3 1 7 6 2 8 4 4 1 8 2 3 5 5 6 7 7 9 6 5 1 4 3 2 8 5 3 2 8 6 3 4 7 1 1 8 4 9 7 2 9 5 6 2 4 7 3 5 8 6 1 5 3 6 9 7 2 1 8 4 2 1 5 8 9 4 6 7 3 9 119 26 
2 7 5 9 8 4 1 6 9 9 6 3 1 5 7 2 8 4 4 1 8 2 3 6 5 3 7 6 9 1 5 1 7 2 4 8 5 3 2 8 6 3 9 7 1 7 8 4 4 9 2 3 5 6 8 5 7 3 5 6 4 1 5 4 6 9 7 2 1 8 2 3 2 3 1 9 4 8 6 9 7 622 31 
6 5 2 4 8 7 1 9 3 9 7 3 6 1 5 2 8 4 4 1 8 2 3 9 5 6 7 3 9 1 5 7 4 4 2 8 5 2 6 8 6 3 9 7 1 7 8 4 1 9 2 3 5 6 2 4 7 3 5 8 6 1 9 3 6 9 7 2 1 8 4 5 8 1 5 9 4 6 7 3 2 5 19 
9 7 2 4 8 5 1 6 3 8 5 3 6 1 7 2 9 4 4 1 6 2 3 9 5 8 7 7 9 1 5 6 4 3 2 8 5 2 6 8 9 3 4 7 1 3 8 4 1 7 2 9 5 6 2 4 7 3 5 8 6 1 9 3 6 9 7 2 1 8 4 5 1 5 8 9 4 6 7 3 2 4 18 
9 2 6 4 8 7 1 3 5 8 7 3 1 5 9 2 6 4 4 1 5 2 3 6 9 8 7 3 9 1 5 6 4 4 2 8 5 2 6 8 9 3 9 7 1 7 8 4 1 7 2 3 5 6 8 4 7 3 2 9 5 1 9 2 6 9 7 5 1 8 4 2 1 3 5 6 4 8 7 6 3 17 23 
9 2 5 4 8 7 1 6 5 6 7 3 6 1 9 2 8 4 4 1 8 2 3 5 9 3 7 3 9 1 5 7 4 4 2 8 5 2 6 8 6 3 9 7 1 7 8 4 1 2 9 3 5 6 8 4 7 3 6 8 5 1 2 2 6 9 7 5 1 8 4 3 3 5 1 9 4 2 7 6 9 15 22 
6 2 5 4 8 7 1 3 5 9 7 3 1 5 6 2 8 4 4 1 8 2 3 9 6 9 7 7 9 1 5 7 4 3 2 8 5 2 6 8 6 3 4 7 1 3 8 4 9 1 2 9 5 6 2 4 7 3 9 8 5 1 9 3 6 9 7 2 1 8 4 3 1 5 8 6 4 5 7 6 2 13 21 
9 7 2 4 8 7 1 3 5 6 1 3 9 1 5 2 8 4 4 5 8 2 3 6 9 6 7 7 9 6 5 1 4 4 2 8 5 3 2 8 6 3 9 7 1 1 8 4 9 7 2 3 5 6 8 4 7 3 5 6 6 1 5 2 6 9 7 2 1 8 4 3 3 1 5 9 4 8 7 9 2 119 26 
9 7 2 4 8 7 1 3 5 8 5 3 1 6 5 2 6 4 4 1 6 2 3 9 9 8 7 7 9 6 5 1 4 4 2 8 5 3 2 8 6 3 9 7 1 1 8 4 7 9 2 3 5 6 2 4 7 3 6 8 5 1 9 3 6 9 7 5 1 8 4 3 1 5 8 9 4 2 7 6 2 120 23 
6 7 2 9 8 4 1 3 5 9 5 3 1 7 6 2 8 4 4 1 8 2 3 5 9 6 7 3 9 1 5 1 4 3 2 8 5 2 6 8 6 3 4 7 1 7 8 4 7 9 2 9 5 6 8 4 7 3 5 8 6 1 5 2 6 9 7 2 1 8 4 3 1 3 5 6 4 9 7 9 2 14 21 
6 5 2 3 8 4 1 9 3 9 7 3 7 5 9 2 6 4 4 1 8 2 1 6 5 8 7 7 9 1 5 7 4 3 4 8 5 2 6 8 6 3 9 7 1 3 8 4 1 9 2 2 5 6 8 4 7 3 5 9 9 1 5 2 6 9 7 2 1 8 4 3 1 3 5 6 4 8 6 2 7 324 26 
6 2 5 4 8 7 1 6 3 9 7 3 9 1 5 2 8 4 4 1 8 2 3 6 5 9 7 3 9 1 5 6 4 4 8 2 5 2 6 8 2 3 9 7 1 7 8 4 1 7 9 3 5 6 2 4 7 3 9 8 6 1 5 3 6 9 7 5 1 8 4 3 1 5 8 6 4 2 7 2 9 13 20 
9 7 2 4 8 5 1 6 3 6 5 3 1 9 7 2 8 4 4 1 8 2 3 6 5 9 7 3 9 1 5 7 4 4 2 8 5 2 6 8 6 3 9 7 1 7 8 4 9 1 2 3 5 6 8 4 7 3 2 9 6 1 5 3 6 9 7 5 1 8 4 2 1 2 5 6 4 8 7 3 9 5 17 
6 5 2 4 8 7 1 3 9 9 7 3 9 1 5 2 6 4 4 1 8 2 3 6 5 8 7 7 9 1 5 6 4 3 2 8 5 2 6 8 9 3 4 7 1 3 8 4 1 7 2 9 5 6 8 4 7 3 2 9 6 1 5 2 6 9 7 5 1 8 4 3 1 3 5 6 4 8 7 9 2 3 15 
6 5 2 4 8 7 1 3 9 9 7 3 6 1 5 2 8 4 4 1 8 2 3 9 5 6 7 7 9 1 5 6 4 3 2 8 5 2 6 8 9 3 4 7 1 3 8 4 1 7 2 9 5 6 8 4 7 3 5 6 9 1 2 3 6 9 7 2 1 8 4 5 2 1 5 9 4 8 7 6 3 5 16 
9 7 2 4 8 6 1 3 5 6 5 3 9 1 7 2 8 4 4 1 8 2 3 5 9 6 7 3 9 1 5 6 4 4 2 8 5 2 6 8 9 3 9 7 1 7 8 4 1 7 2 3 5 6 8 4 7 3 2 9 6 1 5 2 6 9 7 5 1 8 4 3 1 3 5 6 4 8 7 9 2 6 16 
9 2 5 4 8 6 1 3 9 8 7 3 1 7 5 2 6 4 4 1 6 2 3 9 5 8 7 3 9 1 5 6 4 4 2 8 5 2 6 8 2 3 9 7 1 7 8 4 9 1 7 3 5 6 8 4 7 3 9 8 6 1 2 2 6 9 7 5 1 8 4 5 1 3 5 6 4 2 7 9 3 13 19 
6 7 2 4 8 9 1 3 5 9 5 3 7 1 6 2 8 4 4 1 8 2 3 5 6 9 7 3 9 1 5 7 4 4 2 8 5 2 6 8 6 3 9 7 1 7 8 4 1 2 9 3 5 6 8 4 7 3 6 2 5 1 9 3 6 9 7 5 1 8 4 2 2 5 1 9 4 8 7 6 3 9 16 
6 7 2 4 8 9 1 6 3 9 1 3 7 1 5 2 8 4 4 5 8 2 3 6 5 9 7 7 9 1 5 6 4 3 8 2 5 2 6 8 9 3 4 7 1 3 8 4 1 2 7 9 5 6 8 4 7 3 6 2 6 1 9 2 6 9 7 5 1 8 4 3 1 3 5 9 4 8 7 2 5 10 17 
9 2 6 4 8 7 1 3 5 8 7 3 6 1 5 2 8 4 4 1 5 2 3 9 6 9 7 3 9 1 5 7 4 4 2 8 5 2 6 8 6 3 9 7 1 7 8 4 1 9 2 3 5 6 2 4 7 3 5 8 5 1 9 3 6 9 7 2 1 8 4 2 1 5 8 9 4 6 7 6 3 11 16 
6 7 2 4 8 5 1 3 9 9 5 3 1 7 6 2 8 4 4 1 8 2 3 9 5 6 7 7 9 1 5 6 4 3 2 8 5 2 6 8 2 3 4 7 1 3 8 4 9 1 7 9 5 6 8 4 7 3 9 2 6 1 5 2 6 9 7 5 1 8 4 3 1 3 5 6 4 8 7 9 2 3 15 
9 7 2 4 8 3 1 9 5 6 5 3 7 5 9 2 6 4 4 1 8 2 1 6 3 8 7 3 9 1 5 7 4 3 2 8 5 2 6 8 6 3 4 7 1 7 8 4 1 2 9 9 5 6 8 4 7 3 6 5 6 1 5 2 6 9 7 2 1 8 4 3 1 3 5 9 4 8 7 2 9 121 21 
9 2 5 3 8 4 1 3 5 8 7 3 7 5 9 2 8 4 4 1 6 2 1 6 6 9 7 7 9 1 5 2 6 3 4 8 5 2 6 8 4 3 9 7 1 3 8 4 9 1 7 2 5 6 8 4 7 3 2 6 9 1 5 2 6 9 7 5 1 8 4 3 1 3 5 9 4 8 6 2 7 429 20 
9 7 2 4 8 5 1 6 3 6 5 3 9 1 7 2 8 4 4 1 8 2 3 6 5 9 7 7 9 1 5 6 4 3 8 2 5 2 6 8 9 3 4 7 1 3 8 4 1 7 2 9 5 6 8 4 7 3 2 9 6 1 5 2 6 9 7 5 1 8 4 3 1 3 5 6 4 8 7 2 9 3 14 
6 2 5 4 8 7 1 3 9 9 7 3 1 5 6 2 8 4 4 1 8 2 3 9 5 6 7 7 9 1 5 6 4 3 2 8 5 2 6 8 9 3 4 7 1 3 8 4 7 1 2 9 5 6 8 4 7 3 9 5 6 1 2 3 6 9 7 2 1 8 4 5 1 5 2 6 4 8 7 9 3 5 15 
9 5 2 4 8 7 1 6 3 6 7 3 9 1 5 2 8 4 4 1 8 2 3 6 5 9 7 7 9 1 5 6 4 3 2 8 5 2 6 8 9 3 4 7 1 3 8 4 1 7 2 9 5 6 2 4 7 3 5 8 6 1 9 3 6 9 7 2 1 8 4 5 8 1 5 6 4 9 7 3 2 3 10 
6 5 2 4 8 9 1 9 3 9 7 3 1 7 6 2 8 4 4 1 8 2 3 5 5 6 7 3 9 1 5 6 4 4 2 8 5 2 6 8 9 3 9 7 1 7 8 4 1 2 7 3 5 6 8 4 7 3 6 2 9 1 2 2 6 9 7 5 1 8 4 3 3 1 5 9 4 8 7 6 5 16 19 
6 5 2 4 8 7 1 9 3 9 7 3 6 1 5 2 8 4 4 1 8 2 3 9 5 6 7 7 9 1 5 7 4 3 8 2 5 2 6 8 6 3 4 7 1 3 8 4 1 2 9 9 5 6 2 4 7 3 9 8 6 1 5 3 6 9 7 5 1 8 4 2 8 1 5 6 4 2 7 9 3 12 17 
9 5 2 4 8 7 1 6 9 6 7 3 9 1 5 2 8 4 4 1 8 2 3 6 5 3 7 3 9 1 5 7 4 4 2 8 5 2 6 8 6 3 9 7 1 7 8 4 1 2 9 3 5 6 8 4 7 3 9 2 6 1 5 2 6 9 7 5 1 8 4 3 1 3 5 6 4 8 7 9 2 5 14 
9 5 2 4 8 7 1 9 3 8 7 3 1 5 9 2 6 4 4 1 6 2 3 6 5 8 7 7 9 1 5 1 4 3 2 8 5 2 6 8 6 3 4 7 1 3 8 4 9 7 2 9 5 6 2 4 7 3 2 9 6 1 5 3 6 9 7 5 1 8 4 2 1 5 8 6 4 8 7 3 9 13 18 
6 7 2 4 8 5 1 3 9 9 5 3 6 1 7 2 8 4 4 1 8 2 3 9 5 6 7 7 9 1 5 6 4 3 2 8 5 2 6 8 9 3 4 7 1 3 8 4 1 7 2 9 5 6 2 4 7 3 2 8 6 1 5 3 6 9 7 5 1 8 4 2 8 1 5 9 4 6 7 9 3 5 14 
9 7 2 4 8 6 1 3 5 6 5 3 1 7 9 2 8 4 4 1 8 2 3 5 6 9 7 7 9 1 5 6 4 3 2 8 5 2 6 8 9 3 4 7 1 3 8 4 1 2 7 9 5 6 8 4 7 3 6 2 5 1 9 2 6 9 7 5 1 8 4 3 1 3 5 9 4 8 7 6 2 3 10 
9 2 5 4 8 5 1 3 5 6 7 3 1 7 6 2 8 4 4 1 8 2 3 9 6 9 7 3 9 1 5 7 4 3 8 2 5 2 6 8 6 3 4 7 1 7 8 4 1 2 9 9 5 6 8 4 7 3 9 8 6 1 5 3 6 9 7 5 1 8 4 2 1 5 2 6 4 2 7 3 9 22 19 
6 2 5 4 8 9 1 3 5 9 7 3 1 7 6 2 8 4 4 1 8 2 3 5 6 9 7 3 9 1 5 6 4 4 2 8 5 2 6 8 2 3 9 7 1 7 8 4 9 1 7 3 5 6 2 4 7 3 6 8 5 1 9 3 6 9 7 5 1 8 4 2 1 5 8 9 4 2 7 6 3 11 15 
6 2 5 4 8 7 1 9 3 9 7 3 6 1 5 2 8 4 4 1 8 2 3 9 5 6 7 7 9 1 5 6 4 3 2 8 5 2 6 8 9 3 4 7 1 3 8 4 1 7 2 9 5 6 2 4 7 3 5 8 6 1 9 3 6 9 7 2 1 8 4 5 8 5 1 9 4 6 7 3 2 4 12 
9 5 2 4 8 7 1 6 3 6 7 3 9 1 5 2 8 4 4 1 8 2 3 6 5 9 7 7 9 1 5 6 4 3 2 8 5 2 6 8 9 3 4 7 1 3 8 4 1 7 2 9 5 6 8 4 7 3 2 9 6 1 5 3 6 9 7 5 1 8 4 2 2 1 5 6 4 8 7 3 9 3 9 
6 7 2 4 8 5 1 9 3 9 5 3 6 1 7 2 8 4 4 1 8 2 3 9 5 6 7 3 9 1 5 6 4 4 2 8 5 2 6 8 2 3 9 7 1 7 8 4 1 7 9 3 5 6 2 4 7 3 9 8 6 1 5 3 6 9 7 5 1 8 4 2 8 1 5 6 4 2 7 3 9 8 14 
6 7 2 4 8 5 1 3 9 9 5 3 6 1 7 2 8 4 4 1 8 2 3 9 5 6 7 7 9 1 5 6 4 3 2 8 5 2 6 8 9 3 4 7 1 3 8 4 1 7 2 9 5 6 8 4 7 3 2 9 6 1 5 2 6 9 7 5 1 8 4 3 1 3 5 6 4 8 7 9 2 3 8 
9 5 2 6 8 4 1 3 5 6 7 3 1 9 7 2 8 4 4 1 8 2 3 5 9 6 7 7 9 1 5 7 4 3 2 8 5 2 6 8 6 3 4 7 1 3 8 4 9 1 2 9 5 6 2 4 7 3 5 8 5 1 9 3 6 9 7 2 1 8 4 3 8 1 5 9 4 6 7 6 2 15 17 
6 7 2 4 8 7 1 3 5 9 1 3 9 1 5 2 8 4 4 5 8 2 3 6 6 9 7 3 9 1 5 7 4 4 8 2 5 2 6 8 6 3 9 7 1 7 8 4 1 2 9 3 5 6 2 4 7 3 5 8 5 1 9 3 6 9 7 2 1 8 4 3 1 5 8 6 4 9 7 6 2 17 17 
6 5 2 4 8 7 1 9 3 9 7 3 1 5 6 2 8 4 4 1 8 2 3 9 5 6 7 7 9 1 5 6 4 4 2 8 5 2 6 8 9 3 9 7 1 3 8 4 1 7 2 3 5 6 8 4 7 3 9 5 6 1 2 2 6 9 7 2 1 8 4 5 1 3 5 6 4 8 7 3 9 8 14 
6 7 2 4 8 9 1 3 5 9 5 3 6 1 7 2 8 4 4 1 8 2 3 5 6 9 7 3 9 1 5 7 4 4 2 8 5 2 6 8 6 3 9 7 1 7 8 4 1 9 2 3 5 6 8 4 7 3 2 6 5 1 9 2 6 9 7 5 1 8 4 3 1 3 5 9 4 8 7 6 2 3 8 
9 5 2 4 8 7 1 3 5 6 7 3 9 1 5 2 8 4 4 1 8 2 3 6 6 9 7 7 9 1 5 6 4 4 8 2 5 2 6 8 2 3 9 7 1 3 8 4 1 7 9 3 5 6 8 4 7 3 2 9 5 1 2 2 6 9 7 5 1 8 4 3 1 3 5 6 4 8 7 6 9 12 15 
6 7 2 4 8 5 1 9 3 9 5 3 6 1 7 2 8 4 4 1 8 2 3 9 5 6 7 7 9 1 5 6 4 3 2 8 5 2 6 8 9 3 4 7 1 3 8 4 1 7 2 9 5 6 8 4 7 3 5 6 6 1 9 2 6 9 7 2 1 8 4 5 1 3 5 9 4 8 7 3 2 4 9 
6 7 2 4 8 5 1 9 3 9 5 3 1 6 7 2 8 4 4 1 8 2 3 9 5 6 7 3 9 1 5 7 4 4 8 2 5 2 6 8 6 3 9 7 1 7 8 4 1 9 2 3 5 6 2 4 7 3 2 8 6 1 9 3 6 9 7 5 1 8 4 5 8 1 5 6 4 9 7 2 3 12 14 
9 2 6 4 8 5 1 3 9 1 7 3 1 7 6 2 8 4 4 5 8 2 3 9 5 6 7 7 9 1 5 1 4 3 8 2 5 2 6 8 6 3 4 7 1 3 8 4 9 2 7 9 5 6 2 4 7 3 9 8 6 1 5 3 6 9 7 5 1 8 4 2 8 1 5 6 4 2 7 9 3 13 14 
9 7 2 6 8 4 1 3 5 6 5 3 1 7 9 2 8 4 4 1 8 2 3 5 6 9 7 7 9 1 5 6 4 3 8 2 5 2 6 8 9 3 4 7 1 3 8 4 7 1 2 9 5 6 2 4 7 3 9 8 5 1 9 3 6 9 7 5 1 8 4 3 8 1 5 6 4 2 7 6 2 14 15 
6 5 2 4 8 7 1 3 5 9 7 3 1 6 5 2 8 4 4 1 8 2 3 9 6 9 7 7 9 1 5 7 4 3 2 8 5 2 6 8 6 3 4 7 1 3 8 4 9 1 2 9 5 6 8 4 7 3 6 2 6 1 5 3 6 9 7 5 1 8 4 2 2 1 5 9 4 8 7 3 9 18 15 
9 2 6 6 8 4 1 3 5 8 7 3 1 7 9 2 9 4 4 1 5 2 3 5 6 8 7 7 9 1 5 7 4 4 2 8 5 2 6 8 6 3 9 7 1 3 8 4 1 9 2 3 5 6 2 4 7 3 2 6 5 1 2 3 6 9 7 5 1 8 4 3 1 5 8 9 4 8 7 6 9 21 17 
9 7 2 4 8 5 1 6 3 6 5 3 9 1 7 2 8 4 4 1 8 2 3 6 5 9 7 7 9 1 5 6 4 3 2 8 5 2 6 8 9 3 4 7 1 3 8 4 1 7 2 9 5 6 8 4 7 3 5 9 6 1 2 3 6 9 7 2 1 8 4 5 2 1 5 6 4 8 7 3 9 3 8 
9 7 2 4 8 6 1 3 5 6 5 3 9 1 7 2 8 4 4 1 8 2 3 5 6 9 7 7 9 1 5 6 4 3 2 8 5 2 6 8 9 3 4 7 1 3 8 4 1 7 2 9 5 6 8 4 7 3 2 9 5 1 2 2 6 9 7 5 1 8 4 3 1 3 5 6 4 8 7 6 9 3 8 
9 7 2 4 8 5 1 6 3 6 5 3 9 1 7 2 8 4 4 1 8 2 3 6 5 9 7 7 9 1 5 6 4 3 2 8 5 2 6 8 9 3 4 7 1 3 8 4 1 7 2 9 5 6 8 4 7 3 2 8 6 1 9 2 6 9 7 5 1 8 4 5 1 3 5 6 4 9 7 3 2 4 8 
6 5 2 4 8 7 1 3 9 9 7 3 1 9 6 2 8 4 4 1 8 2 3 5 5 6 7 3 9 1 5 7 4 4 2 8 5 2 6 8 6 3 9 7 1 7 8 4 9 1 2 3 5 6 8 4 7 3 2 9 6 1 5 2 6 9 7 5 1 8 4 3 1 3 5 6 4 8 7 9 2 5 13 
9 7 2 6 8 4 1 3 5 6 5 3 1 7 9 2 8 4 4 1 8 2 3 5 6 9 7 7 9 1 5 6 4 3 2 8 5 2 6 8 9 3 4 7 1 3 8 4 7 1 2 9 5 6 8 4 7 3 2 6 5 1 9 2 6 9 7 5 1 8 4 3 1 3 5 9 4 8 7 6 2 3 7 
6 7 2 4 8 5 1 9 3 9 5 3 9 1 7 2 6 4 4 1 8 2 3 6 5 8 7 3 9 1 5 7 4 4 2 8 5 2 6 8 6 3 9 7 1 7 8 4 1 9 2 3 5 6 8 4 7 3 5 9 6 1 2 3 6 9 7 2 1 8 4 5 1 2 5 6 4 8 7 3 9 7 13 
6 7 2 4 8 5 1 9 3 9 5 3 9 1 7 2 6 4 4 1 8 2 3 6 5 8 7 7 9 1 5 6 4 3 2 8 5 2 6 8 9 3 4 7 1 3 8 4 1 7 2 9 5 6 8 4 7 3 2 9 6 1 5 3 6 9 7 5 1 8 4 2 1 2 5 6 4 8 7 3 9 5 11 
6 5 2 4 8 7 1 3 9 9 7 3 6 1 5 2 8 4 4 1 8 2 3 9 5 6 7 7 9 1 5 6 4 3 2 8 5 2 6 8 9 3 4 7 1 3 8 4 1 7 2 9 5 6 8 4 7 3 2 8 6 1 5 2 6 9 7 5 1 8 4 3 1 3 5 9 4 6 7 9 2 3 7 
9 5 2 4 8 7 1 6 3 6 7 3 9 1 5 2 8 4 4 1 8 2 3 6 5 9 7 3 9 1 5 7 4 4 8 2 5 2 6 8 6 3 9 7 1 7 8 4 1 9 2 3 5 6 8 4 7 3 2 9 6 1 5 2 6 9 7 5 1 8 4 3 1 3 5 6 4 8 7 2 9 5 10 
9 7 2 4 8 5 1 3 9 6 5 3 1 7 9 2 8 4 4 1 8 2 3 6 5 6 7 7 9 1 5 6 4 3 2 8 5 2 6 8 9 3 4 7 1 3 8 4 1 2 7 9 5 6 8 4 7 3 5 9 6 1 2 2 6 9 7 2 1 8 4 5 1 3 5 6 4 8 7 9 3 8 13 
9 7 2 4 8 5 1 6 3 6 5 3 9 1 7 2 8 4 4 1 8 2 3 6 5 9 7 3 9 1 5 7 4 4 2 8 5 2 6 8 6 3 9 7 1 7 8 4 1 2 9 3 5 6 8 4 7 3 9 8 6 1 2 2 6 9 7 5 1 8 4 5 1 3 5 6 4 2 7 3 9 6 12 
9 5 2 4 8 7 1 6 3 6 7 3 1 5 9 2 8 4 4 1 8 2 3 6 5 9 7 7 9 1 5 6 4 3 2 8 5 2 6 8 9 3 4 7 1 3 8 4 7 1 2 9 5 6 8 4 7 3 9 5 6 1 2 3 6 9 7 2 1 8 4 5 2 1 5 6 4 8 7 3 9 5 10 
9 5 2 4 8 7 1 6 3 6 7 3 9 1 5 2 8 4 4 1 8 2 3 6 5 9 7 7 9 1 5 6 4 3 2 8 5 2 6 8 9 3 4 7 1 3 8 4 1 7 2 9 5 6 8 4 7 3 2 9 6 1 5 2 6 9 7 5 1 8 4 3 1 3 5 6 4 8 7 9 2 3 6 
6 7 2 4 8 9 1 3 5 9 5 3 1 7 6 2 8 4 4 1 8 2 3 5 6 9 7 3 9 1 5 6 4 4 2 8 5 2 6 8 2 3 9 7 1 7 8 4 9 1 7 3 5 6 8 4 7 3 9 8 5 1 2 2 6 9 7 5 1 8 4 3 1 3 5 6 4 2 7 6 9 6 12 
6 2 5 4 8 7 1 3 9 9 7 3 9 1 5 2 6 4 4 1 8 2 3 6 5 8 7 3 9 1 5 7 4 4 2 8 5 2 6 8 6 3 9 7 1 7 8 4 1 2 9 3 5 6 2 4 7 3 9 8 6 1 2 3 6 9 7 5 1 8 4 5 1 5 8 6 4 2 7 9 3 10 13 
9 7 2 4 8 5 1 6 9 6 5 3 9 1 7 2 8 4 4 1 8 2 3 6 5 3 7 7 9 1 5 6 4 3 2 8 5 2 6 8 9 3 4 7 1 3 8 4 1 7 2 9 5 6 8 4 7 3 2 9 6 1 5 2 6 9 7 5 1 8 4 3 1 3 5 6 4 8 7 9 2 3 6 
6 7 2 4 8 5 1 3 9 9 5 3 7 1 6 2 8 4 4 1 8 2 3 9 5 6 7 7 9 1 5 6 4 3 2 8 5 2 6 8 9 3 4 7 1 3 8 4 1 2 7 9 5 6 8 4 7 3 9 2 6 1 5 2 6 9 7 5 1 8 4 3 1 3 5 6 4 8 7 9 2 3 5 
6 7 2 4 8 5 1 9 3 9 5 3 1 7 6 2 8 4 4 1 8 2 3 9 5 6 7 3 9 1 5 6 4 4 2 8 5 2 6 8 2 3 9 7 1 7 8 4 9 1 7 3 5 6 8 4 7 3 9 2 6 1 5 3 6 9 7 5 1 8 4 2 1 2 5 6 4 8 7 3 9 6 11 
9 7 2 4 8 6 1 3 5 6 5 3 9 1 7 2 8 4 4 1 8 2 3 5 9 6 7 7 9 1 5 6 4 3 2 8 5 2 6 8 9 3 4 7 1 3 8 4 1 7 2 9 5 6 8 4 7 3 2 9 6 1 5 2 6 9 7 5 1 8 4 3 1 3 5 6 4 8 7 9 2 3 5 
6 7 2 4 8 9 1 3 5 9 5 3 6 1 7 2 8 4 4 1 8 2 3 5 9 6 7 7 9 1 5 7 4 3 2 8 5 2 6 8 6 3 4 7 1 3 8 4 1 9 2 9 5 6 8 4 7 3 2 9 6 1 5 3 6 9 7 5 1 8 4 2 2 1 5 6 4 8 7 9 3 10 12 
9 7 2 4 8 5 1 6 3 6 5 3 9 1 7 2 8 4 4 1 8 2 3 6 5 9 7 7 9 1 5 6 4 3 2 8 5 2 6 8 9 3 4 7 1 3 8 4 1 7 2 9 5 6 8 4 7 3 2 9 6 1 5 3 6 9 7 5 1 8 4 2 1 2 5 6 4 8 7 3 9 3 5 
6 7 2 4 8 5 1 3 9 9 5 3 6 1 7 2 8 4 4 1 8 2 3 9 5 6 7 3 9 1 5 7 4 4 2 8 5 2 6 8 6 3 9 7 1 7 8 4 1 9 2 3 5 6 8 4 7 3 2 8 6 1 5 2 6 9 7 5 1 8 4 3 1 3 5 9 4 6 7 9 2 5 10 
6 7 2 4 8 5 1 3 9 9 5 3 9 1 7 2 6 4 4 1 8 2 3 6 5 8 7 7 9 1 5 6 4 3 2 8 5 2 6 8 9 3 4 7 1 3 8 4 1 7 2 9 5 6 8 4 7 3 2 9 6 1 5 2 6 9 7 5 1 8 4 3 1 3 5 6 4 8 7 9 2 3 4 
6 2 5 4 8 7 1 3 9 9 7 3 9 1 5 2 6 4 4 1 8 2 3 6 5 8 7 7 9 1 5 7 4 3 2 8 5 2 6 8 6 3 4 7 1 3 8 4 1 9 2 9 5 6 2 4 7 3 5 8 6 1 9 3 6 9 7 2 1 8 4 5 1 5 8 6 4 9 7 3 2 11 13 
6 7 2 4 8 5 1 3 9 9 5 3 1 7 6 2 8 4 4 1 8 2 3 9 5 6 7 3 9 1 5 6 4 4 2 8 5 2 6 8 2 3 9 7 1 7 8 4 9 1 7 3 5 6 8 4 7 3 9 2 6 1 5 2 6 9 7 5 1 8 4 3 1 3 5 6 4 8 7 9 2 4 5 
6 5 2 4 8 7 1 3 9 9 7 3 9 1 6 2 8 4 4 1 8 2 3 5 5 6 7 7 9 1 5 6 4 3 2 8 5 2 6 8 9 3 4 7 1 3 8 4 1 7 2 9 5 6 8 4 7 3 5 9 6 1 2 3 6 9 7 2 1 8 4 5 1 2 5 6 4 8 7 9 3 5 9 
6 2 5 4 8 7 1 3 9 9 7 3 6 1 5 2 8 4 4 1 8 2 3 9 5 6 7 7 9 1 5 6 4 3 2 8 5 2 6 8 9 3 4 7 1 3 8 4 1 7 2 9 5 6 8 4 7 3 2 6 9 1 5 3 6 9 7 5 1 8 4 2 1 5 2 9 4 8 7 6 3 5 9 
9 7 2 4 8 6 1 3 5 6 5 3 9 1 7 2 8 4 4 1 8 2 3 5 9 6 7 7 9 1 5 7 4 3 2 8 5 2 6 8 6 3 4 7 1 3 8 4 1 9 2 9 5 6 2 4 7 3 5 8 6 1 9 3 6 9 7 2 1 8 4 5 1 5 8 9 4 6 7 3 2 12 13 
6 5 2 4 8 7 1 9 3 9 7 3 1 6 5 2 8 4 4 1 8 2 3 9 5 6 7 3 9 1 5 7 4 4 2 8 5 2 6 8 6 3 9 7 1 7 8 4 9 1 2 3 5 6 8 4 7 3 2 9 6 1 5 3 6 9 7 5 1 8 4 2 2 1 5 6 4 8 7 3 9 7 11 
9 5 2 4 8 7 1 6 3 6 7 3 1 5 9 2 9 4 4 1 8 2 3 6 5 8 7 7 9 1 5 6 4 3 2 8 5 2 6 8 9 3 4 7 1 3 8 4 1 7 2 9 5 6 8 4 7 3 6 5 6 1 9 2 6 9 7 2 1 8 4 5 1 3 5 9 4 8 7 3 2 8 11 
6 5 2 4 8 7 1 3 9 9 7 3 9 1 6 2 8 4 4 1 8 2 3 5 5 6 7 7 9 1 5 6 4 3 2 8 5 2 6 8 9 3 4 7 1 3 8 4 1 7 2 9 5 6 8 4 7 3 2 9 6 1 5 2 6 9 7 5 1 8 4 3 1 3 5 6 4 8 7 9 2 3 4 
6 2 5 4 8 7 1 3 9 9 7 3 1 5 6 2 8 4 4 1 8 2 3 9 5 6 7 3 9 1 5 7 4 4 2 8 5 2 6 8 6 3 9 7 1 7 8 4 9 1 2 3 5 6 8 4 7 3 9 5 6 1 2 3 6 9 7 2 1 8 4 5 1 5 2 6 4 8 7 9 3 5 8 
9 5 2 4 8 7 1 3 5 6 7 3 6 1 9 2 8 4 4 1 8 2 3 5 6 9 7 3 9 1 5 6 4 4 2 8 5 2 6 8 9 3 9 7 1 7 8 4 1 7 2 3 5 6 8 4 7 3 2 6 5 1 9 2 6 9 7 5 1 8 4 3 1 3 5 9 4 8 7 6 2 6 9 
9 7 2 4 8 5 1 6 3 6 5 3 9 1 7 2 8 4 4 1 8 2 3 6 5 9 7 3 9 1 5 6 4 4 2 8 5 2 6 8 2 3 9 7 1 7 8 4 1 7 9 3 5 6 8 4 7 3 9 2 6 1 5 3 6 9 7 5 1 8 4 2 1 2 5 6 4 8 7 3 9 6 9 
9 7 2 4 8 5 1 3 9 6 5 3 9 1 7 2 8 4 4 1 8 2 3 6 5 6 7 7 9 1 5 6 4 3 2 8 5 2 6 8 2 3 4 7 1 3 8 4 1 7 9 9 5 6 2 4 7 3 9 8 6 1 5 3 6 9 7 5 1 8 4 3 8 1 5 6 4 2 7 9 2 9 11 
6 7 2 4 8 5 1 6 3 9 5 3 6 1 7 2 8 4 4 1 8 2 3 9 5 9 7 7 9 1 5 7 4 3 2 8 5 2 6 8 6 3 4 7 1 3 8 4 9 1 2 9 5 6 2 4 7 3 9 8 6 1 2 3 6 9 7 5 1 8 4 5 8 1 5 6 4 2 7 3 9 13 13 
6 2 5 4 8 7 1 3 5 9 7 3 6 1 5 2 8 4 4 1 8 2 3 9 6 9 7 3 9 1 5 6 4 4 8 2 5 2 6 8 9 3 9 7 1 7 8 4 1 7 2 3 5 6 2 4 7 3 5 8 5 1 9 3 6 9 7 2 1 8 4 3 8 5 1 9 4 6 7 6 2 14 13 
6 5 2 4 8 7 1 3 9 9 7 3 9 1 6 2 8 4 4 1 8 2 3 5 5 6 7 3 9 1 5 6 4 4 2 8 5 2 6 8 2 3 9 7 1 7 8 4 1 7 9 3 5 6 8 4 7 3 9 2 6 1 5 2 6 9 7 5 1 8 4 3 1 3 5 6 4 8 7 9 2 6 9 
6 7 2 4 8 5 1 3 9 9 5 3 6 1 7 2 8 4 4 1 8 2 3 9 5 6 7 7 9 1 5 6 4 3 2 8 5 2 6 8 9 3 4 7 1 3 8 4 1 7 2 9 5 6 8 4 7 3 2 6 9 1 5 2 6 9 7 5 1 8 4 3 1 3 5 9 4 8 7 6 2 3 4 
6 5 2 4 8 7 1 3 9 9 7 3 6 1 5 2 8 4 4 1 8 2 3 9 5 6 7 7 9 1 5 6 4 3 2 8 5 2 6 8 9 3 4 7 1 3 8 4 1 7 2 9 5 6 8 4 7 3 2 9 6 1 5 2 6 9 7 5 1 8 4 3 1 3 5 6 4 8 7 9 2 3 3 
9 7 2 4 8 5 1 6 3 6 5 3 9 1 7 2 8 4 4 1 8 2 3 6 5 9 7 7 9 1 5 6 4 3 2 8 5 2 6 8 9 3 4 7 1 3 8 4 1 7 2 9 5 6 8 4 7 3 2 9 6 1 5 2 6 9 7 5 1 8 4 3 1 3 5 6 4 8 7 9 2 3 2 
9 7 2 4 8 5 1 6 3 6 5 3 9 1 7 2 8 4 4 1 8 2 3 6 5 9 7 7 9 1 5 6 4 3 2 8 5 2 6 8 9 3 4 7 1 3 8 4 1 7 2 9 5 6 8 4 7 3 5 9 6 1 2 3 6 9 7 2 1 8 4 5 1 2 5 6 4 8 7 3 9 3 2 
6 5 2 4 8 7 1 3 9 9 7 3 6 1 5 2 8 4 4 1 8 2 3 9 5 6 7 3 9 1 5 6 4 4 2 8 5 2 6 8 9 3 9 7 1 7 8 4 1 7 2 3 5 6 8 4 7 3 5 6 6 1 2 2 6 9 7 2 1 8 4 5 1 3 5 9 4 8 7 9 3 8 10 

