0.1 0.1 2500 358.379267 3.583793e+02
0.1 0.1 2500 427.905738 4.279057e+02
0.1 0.1 2500 398.242398 3.982424e+02
0.1 0.1 2500 389.458474 3.894585e+02
0.1 0.1 2500 373.575145 3.735751e+02
0.1 0.1 2500 345.135157 3.451352e+02
0.1 0.1 2500 374.925774 3.749258e+02
0.1 0.1 2500 365.166668 3.651667e+02
0.1 0.1 2500 402.742424 4.027424e+02
0.1 0.1 2500 399.445536 3.994455e+02
0.1 0.1 2500 389.118868 3.891189e+02
0.1 0.1 2500 356.008879 3.560089e+02
0.1 0.1 2500 407.092570 4.070926e+02
0.1 0.1 2500 365.333619 3.653336e+02
0.1 0.1 2500 403.236738 4.032367e+02
0.1 0.1 2500 370.775376 3.707754e+02
0.1 0.1 2500 417.433488 4.174335e+02
0.1 0.1 2500 387.614735 3.876147e+02
0.1 0.1 2500 352.132672 3.521327e+02
0.1 0.1 2500 375.053153 3.750532e+02
0.1 0.1 2500 374.943534 3.749435e+02
0.1 0.1 2500 391.855008 3.918550e+02
0.1 0.1 2500 388.892157 3.888922e+02
0.1 0.1 2500 400.216238 4.002162e+02
0.1 0.1 2500 432.134425 4.321344e+02
0.1 0.1 2500 377.021476 3.770215e+02
0.1 0.1 2500 374.832936 3.748329e+02
0.1 0.1 2500 429.021285 4.290213e+02
0.1 0.1 2500 371.481927 3.714819e+02
0.1 0.1 2500 383.735441 3.837354e+02
3.451352e+02 4.321344e+02 3.860970e+02 3.856751e+02 2.225431e+01
0.1 0.2 2500 236.003777 2.360038e+02
0.1 0.2 2500 267.645091 2.676451e+02
0.1 0.2 2500 254.875219 2.548752e+02
0.1 0.2 2500 242.755243 2.427552e+02
0.1 0.2 2500 259.465173 2.594652e+02
0.1 0.2 2500 264.345188 2.643452e+02
0.1 0.2 2500 276.511118 2.765111e+02
0.1 0.2 2500 226.726362 2.267264e+02
0.1 0.2 2500 304.305315 3.043053e+02
0.1 0.2 2500 312.687448 3.126874e+02
0.1 0.2 2500 251.996083 2.519961e+02
0.1 0.2 2500 285.600528 2.856005e+02
0.1 0.2 2500 278.409865 2.784099e+02
0.1 0.2 2500 277.156589 2.771566e+02
0.1 0.2 2500 256.130163 2.561302e+02
0.1 0.2 2500 217.686549 2.176865e+02
0.1 0.2 2500 271.764554 2.717646e+02
0.1 0.2 2500 281.312748 2.813127e+02
0.1 0.2 2500 243.568239 2.435682e+02
0.1 0.2 2500 303.439559 3.034396e+02
0.1 0.2 2500 247.736209 2.477362e+02
0.1 0.2 2500 253.544756 2.535448e+02
0.1 0.2 2500 264.554990 2.645550e+02
0.1 0.2 2500 293.996701 2.939967e+02
0.1 0.2 2500 254.941419 2.549414e+02
0.1 0.2 2500 288.523021 2.885230e+02
0.1 0.2 2500 286.086478 2.860865e+02
0.1 0.2 2500 275.968160 2.759682e+02
0.1 0.2 2500 262.003298 2.620033e+02
0.1 0.2 2500 228.978635 2.289786e+02
2.176865e+02 3.126874e+02 2.656239e+02 2.644501e+02 2.321223e+01
0.1 0.3 2500 225.304355 2.253044e+02
0.1 0.3 2500 187.143302 1.871433e+02
0.1 0.3 2500 211.218703 2.112187e+02
0.1 0.3 2500 190.565940 1.905659e+02
0.1 0.3 2500 218.198447 2.181984e+02
0.1 0.3 2500 222.320008 2.223200e+02
0.1 0.3 2500 201.141118 2.011411e+02
0.1 0.3 2500 190.031545 1.900315e+02
0.1 0.3 2500 212.484147 2.124841e+02
0.1 0.3 2500 185.395940 1.853959e+02
0.1 0.3 2500 200.831054 2.008311e+02
0.1 0.3 2500 208.029227 2.080292e+02
0.1 0.3 2500 212.180223 2.121802e+02
0.1 0.3 2500 201.966023 2.019660e+02
0.1 0.3 2500 302.537469 3.025375e+02
0.1 0.3 2500 202.389961 2.023900e+02
0.1 0.3 2500 194.557594 1.945576e+02
0.1 0.3 2500 234.167329 2.341673e+02
0.1 0.3 2500 193.428654 1.934287e+02
0.1 0.3 2500 199.375059 1.993751e+02
0.1 0.3 2500 189.922100 1.899221e+02
0.1 0.3 2500 202.404081 2.024041e+02
0.1 0.3 2500 189.108520 1.891085e+02
0.1 0.3 2500 207.355086 2.073551e+02
0.1 0.3 2500 188.370703 1.883707e+02
0.1 0.3 2500 244.821281 2.448213e+02
0.1 0.3 2500 220.192262 2.201923e+02
0.1 0.3 2500 206.007313 2.060073e+02
0.1 0.3 2500 210.435271 2.104353e+02
0.1 0.3 2500 212.192353 2.121924e+02
1.853959e+02 3.025375e+02 2.088025e+02 2.042057e+02 2.243387e+01
0.1 0.4 2500 330.636479 3.306365e+02
0.1 0.4 2500 328.665664 3.286657e+02
0.1 0.4 2500 381.335040 3.813350e+02
0.1 0.4 2500 341.495691 3.414957e+02
0.1 0.4 2500 347.659448 3.476594e+02
0.1 0.4 2500 362.675959 3.626760e+02
0.1 0.4 2500 367.114789 3.671148e+02
0.1 0.4 2500 360.997927 3.609979e+02
0.1 0.4 2500 377.758809 3.777588e+02
0.1 0.4 2500 343.000042 3.430000e+02
0.1 0.4 2500 367.949188 3.679492e+02
0.1 0.4 2500 345.842455 3.458425e+02
0.1 0.4 2500 367.765693 3.677657e+02
0.1 0.4 2500 343.818499 3.438185e+02
0.1 0.4 2500 366.919080 3.669191e+02
0.1 0.4 2500 349.585853 3.495859e+02
0.1 0.4 2500 359.598516 3.595985e+02
0.1 0.4 2500 374.181958 3.741820e+02
0.1 0.4 2500 369.117279 3.691173e+02
0.1 0.4 2500 356.730592 3.567306e+02
0.1 0.4 2500 357.090924 3.570909e+02
0.1 0.4 2500 361.197782 3.611978e+02
0.1 0.4 2500 339.958524 3.399585e+02
0.1 0.4 2500 320.091425 3.200914e+02
0.1 0.4 2500 355.429345 3.554293e+02
0.1 0.4 2500 331.323952 3.313240e+02
0.1 0.4 2500 348.536774 3.485368e+02
0.1 0.4 2500 349.061625 3.490616e+02
0.1 0.4 2500 331.900403 3.319004e+02
0.1 0.4 2500 346.431973 3.464320e+02
3.200914e+02 3.813350e+02 3.527957e+02 3.525076e+02 1.528555e+01
0.1 0.5 2500 367.752704 3.677527e+02
0.1 0.5 2500 371.377305 3.713773e+02
0.1 0.5 2500 378.471543 3.784715e+02
0.1 0.5 2500 357.653095 3.576531e+02
0.1 0.5 2500 377.588134 3.775881e+02
0.1 0.5 2500 395.902054 3.959021e+02
0.1 0.5 2500 401.669585 4.016696e+02
0.1 0.5 2500 407.902950 4.079030e+02
0.1 0.5 2500 384.426442 3.844264e+02
0.1 0.5 2500 391.366539 3.913665e+02
0.1 0.5 2500 415.962940 4.159629e+02
0.1 0.5 2500 393.930957 3.939310e+02
0.1 0.5 2500 398.677440 3.986774e+02
0.1 0.5 2500 416.352044 4.163520e+02
0.1 0.5 2500 404.581383 4.045814e+02
0.1 0.5 2500 357.313505 3.573135e+02
0.1 0.5 2500 414.023375 4.140234e+02
0.1 0.5 2500 419.819273 4.198193e+02
0.1 0.5 2500 371.737349 3.717373e+02
0.1 0.5 2500 395.179348 3.951793e+02
0.1 0.5 2500 400.523070 4.005231e+02
0.1 0.5 2500 368.841571 3.688416e+02
0.1 0.5 2500 428.630851 4.286309e+02
0.1 0.5 2500 383.563821 3.835638e+02
0.1 0.5 2500 376.540104 3.765401e+02
0.1 0.5 2500 367.091265 3.670913e+02
0.1 0.5 2500 415.527329 4.155273e+02
0.1 0.5 2500 380.435200 3.804352e+02
0.1 0.5 2500 380.341582 3.803416e+02
0.1 0.5 2500 420.584895 4.205849e+02
3.573135e+02 4.286309e+02 3.914589e+02 3.926487e+02 1.980958e+01
0.1 0.6 2500 501.602349 5.016023e+02
0.1 0.6 2500 487.959326 4.879593e+02
0.1 0.6 2500 465.606633 4.656066e+02
0.1 0.6 2500 489.873442 4.898734e+02
0.1 0.6 2500 455.339871 4.553399e+02
0.1 0.6 2500 485.005409 4.850054e+02
0.1 0.6 2500 470.583270 4.705833e+02
0.1 0.6 2500 495.068744 4.950687e+02
0.1 0.6 2500 460.674586 4.606746e+02
0.1 0.6 2500 511.077438 5.110774e+02
0.1 0.6 2500 514.367382 5.143674e+02
0.1 0.6 2500 472.296991 4.722970e+02
0.1 0.6 2500 468.246221 4.682462e+02
0.1 0.6 2500 494.479608 4.944796e+02
0.1 0.6 2500 481.312030 4.813120e+02
0.1 0.6 2500 498.012467 4.980125e+02
0.1 0.6 2500 454.028134 4.540281e+02
0.1 0.6 2500 453.844781 4.538448e+02
0.1 0.6 2500 464.918282 4.649183e+02
0.1 0.6 2500 443.255084 4.432551e+02
0.1 0.6 2500 484.292047 4.842920e+02
0.1 0.6 2500 460.133773 4.601338e+02
0.1 0.6 2500 485.095086 4.850951e+02
0.1 0.6 2500 466.188789 4.661888e+02
0.1 0.6 2500 456.050706 4.560507e+02
0.1 0.6 2500 482.691162 4.826912e+02
0.1 0.6 2500 480.335059 4.803351e+02
0.1 0.6 2500 511.159947 5.111599e+02
0.1 0.6 2500 475.097791 4.750978e+02
0.1 0.6 2500 509.356480 5.093565e+02
4.432551e+02 5.143674e+02 4.792651e+02 4.808235e+02 1.917018e+01
0.1 0.7 2500 563.626644 5.636266e+02
0.1 0.7 2500 600.722991 6.007230e+02
0.1 0.7 2500 621.385730 6.213857e+02
0.1 0.7 2500 587.146153 5.871462e+02
0.1 0.7 2500 595.520152 5.955202e+02
0.1 0.7 2500 586.601579 5.866016e+02
0.1 0.7 2500 595.395853 5.953959e+02
0.1 0.7 2500 620.956556 6.209566e+02
0.1 0.7 2500 584.182591 5.841826e+02
0.1 0.7 2500 499.306493 4.993065e+02
0.1 0.7 2500 641.441823 6.414418e+02
0.1 0.7 2500 592.838602 5.928386e+02
0.1 0.7 2500 589.777172 5.897772e+02
0.1 0.7 2500 624.156377 6.241564e+02
0.1 0.7 2500 581.370836 5.813708e+02
0.1 0.7 2500 597.438348 5.974383e+02
0.1 0.7 2500 621.949619 6.219496e+02
0.1 0.7 2500 601.440258 6.014403e+02
0.1 0.7 2500 543.993238 5.439932e+02
0.1 0.7 2500 581.578843 5.815788e+02
0.1 0.7 2500 590.145546 5.901455e+02
0.1 0.7 2500 561.452424 5.614524e+02
0.1 0.7 2500 548.416949 5.484169e+02
0.1 0.7 2500 540.827384 5.408274e+02
0.1 0.7 2500 581.905742 5.819057e+02
0.1 0.7 2500 638.357630 6.383576e+02
0.1 0.7 2500 580.861686 5.808617e+02
0.1 0.7 2500 561.560465 5.615605e+02
0.1 0.7 2500 612.495548 6.124955e+02
0.1 0.7 2500 619.414499 6.194145e+02
4.993065e+02 6.414418e+02 5.888756e+02 5.899614e+02 3.053635e+01
0.1 0.8 2500 694.605333 6.946053e+02
0.1 0.8 2500 642.948504 6.429485e+02
0.1 0.8 2500 677.135987 6.771360e+02
0.1 0.8 2500 667.325266 6.673253e+02
0.1 0.8 2500 647.664232 6.476642e+02
0.1 0.8 2500 721.431785 7.214318e+02
0.1 0.8 2500 668.623304 6.686233e+02
0.1 0.8 2500 659.069689 6.590697e+02
0.1 0.8 2500 676.536206 6.765362e+02
0.1 0.8 2500 609.912708 6.099127e+02
0.1 0.8 2500 684.296522 6.842965e+02
0.1 0.8 2500 670.997195 6.709972e+02
0.1 0.8 2500 681.433975 6.814340e+02
0.1 0.8 2500 658.974269 6.589743e+02
0.1 0.8 2500 691.575014 6.915750e+02
0.1 0.8 2500 698.130537 6.981305e+02
0.1 0.8 2500 661.506649 6.615066e+02
0.1 0.8 2500 695.329442 6.953294e+02
0.1 0.8 2500 711.692286 7.116923e+02
0.1 0.8 2500 629.932398 6.299324e+02
0.1 0.8 2500 650.429034 6.504290e+02
0.1 0.8 2500 660.212395 6.602124e+02
0.1 0.8 2500 677.624902 6.776249e+02
0.1 0.8 2500 660.135704 6.601357e+02
0.1 0.8 2500 668.901856 6.689019e+02
0.1 0.8 2500 671.405460 6.714055e+02
0.1 0.8 2500 642.553850 6.425539e+02
0.1 0.8 2500 707.289938 7.072899e+02
0.1 0.8 2500 645.780569 6.457806e+02
0.1 0.8 2500 671.282669 6.712827e+02
6.099127e+02 7.214318e+02 6.701579e+02 6.699495e+02 2.412094e+01
0.1 0.9 2500 739.290297 7.392903e+02
0.1 0.9 2500 676.343210 6.763432e+02
0.1 0.9 2500 705.370488 7.053705e+02
0.1 0.9 2500 726.551657 7.265517e+02
0.1 0.9 2500 729.909489 7.299095e+02
0.1 0.9 2500 724.966988 7.249670e+02
0.1 0.9 2500 687.117645 6.871176e+02
0.1 0.9 2500 730.304359 7.303044e+02
0.1 0.9 2500 731.041885 7.310419e+02
0.1 0.9 2500 734.702514 7.347025e+02
0.1 0.9 2500 671.513533 6.715135e+02
0.1 0.9 2500 675.486630 6.754866e+02
0.1 0.9 2500 706.947277 7.069473e+02
0.1 0.9 2500 745.191905 7.451919e+02
0.1 0.9 2500 747.908792 7.479088e+02
0.1 0.9 2500 750.353363 7.503534e+02
0.1 0.9 2500 720.665776 7.206658e+02
0.1 0.9 2500 664.112275 6.641123e+02
0.1 0.9 2500 715.438971 7.154390e+02
0.1 0.9 2500 751.305175 7.513052e+02
0.1 0.9 2500 721.771955 7.217720e+02
0.1 0.9 2500 709.686567 7.096866e+02
0.1 0.9 2500 717.720800 7.177208e+02
0.1 0.9 2500 734.363526 7.343635e+02
0.1 0.9 2500 707.268748 7.072687e+02
0.1 0.9 2500 724.677149 7.246771e+02
0.1 0.9 2500 675.794116 6.757941e+02
0.1 0.9 2500 683.902141 6.839021e+02
0.1 0.9 2500 712.498504 7.124985e+02
0.1 0.9 2500 741.917976 7.419180e+02
6.641123e+02 7.513052e+02 7.154708e+02 7.212189e+02 2.505269e+01
0.1 1.0 2500 707.863507 7.078635e+02
0.1 1.0 2500 689.286805 6.892868e+02
0.1 1.0 2500 696.180710 6.961807e+02
0.1 1.0 2500 752.439125 7.524391e+02
0.1 1.0 2500 727.169481 7.271695e+02
0.1 1.0 2500 693.318634 6.933186e+02
0.1 1.0 2500 732.709110 7.327091e+02
0.1 1.0 2500 733.814480 7.338145e+02
0.1 1.0 2500 772.312428 7.723124e+02
0.1 1.0 2500 695.859316 6.958593e+02
0.1 1.0 2500 725.580935 7.255809e+02
0.1 1.0 2500 738.049326 7.380493e+02
0.1 1.0 2500 739.053037 7.390530e+02
0.1 1.0 2500 698.673448 6.986734e+02
0.1 1.0 2500 727.320001 7.273200e+02
0.1 1.0 2500 715.003542 7.150035e+02
0.1 1.0 2500 688.853771 6.888538e+02
0.1 1.0 2500 732.386422 7.323864e+02
0.1 1.0 2500 701.728783 7.017288e+02
0.1 1.0 2500 674.147656 6.741477e+02
0.1 1.0 2500 711.714593 7.117146e+02
0.1 1.0 2500 736.624110 7.366241e+02
0.1 1.0 2500 653.389199 6.533892e+02
0.1 1.0 2500 717.086722 7.170867e+02
0.1 1.0 2500 688.638924 6.886389e+02
0.1 1.0 2500 718.006358 7.180064e+02
0.1 1.0 2500 701.756831 7.017568e+02
0.1 1.0 2500 764.005270 7.640053e+02
0.1 1.0 2500 782.586731 7.825867e+02
0.1 1.0 2500 742.202544 7.422025e+02
6.533892e+02 7.825867e+02 7.185921e+02 7.175465e+02 2.849340e+01
0.2 0.1 2500 383.047873 3.830479e+02
0.2 0.1 2500 418.536923 4.185369e+02
0.2 0.1 2500 401.508672 4.015087e+02
0.2 0.1 2500 384.066506 3.840665e+02
0.2 0.1 2500 450.287437 4.502874e+02
0.2 0.1 2500 353.308761 3.533088e+02
0.2 0.1 2500 386.262497 3.862625e+02
0.2 0.1 2500 414.609531 4.146095e+02
0.2 0.1 2500 412.373035 4.123730e+02
0.2 0.1 2500 389.149374 3.891494e+02
0.2 0.1 2500 438.651375 4.386514e+02
0.2 0.1 2500 397.344591 3.973446e+02
0.2 0.1 2500 364.455830 3.644558e+02
0.2 0.1 2500 393.767360 3.937674e+02
0.2 0.1 2500 377.745449 3.777454e+02
0.2 0.1 2500 379.312827 3.793128e+02
0.2 0.1 2500 411.842675 4.118427e+02
0.2 0.1 2500 407.274739 4.072747e+02
0.2 0.1 2500 412.231747 4.122317e+02
0.2 0.1 2500 391.085070 3.910851e+02
0.2 0.1 2500 443.213485 4.432135e+02
0.2 0.1 2500 386.070761 3.860708e+02
0.2 0.1 2500 391.238987 3.912390e+02
0.2 0.1 2500 429.921914 4.299219e+02
0.2 0.1 2500 386.103772 3.861038e+02
0.2 0.1 2500 390.744577 3.907446e+02
0.2 0.1 2500 392.187711 3.921877e+02
0.2 0.1 2500 416.812967 4.168130e+02
0.2 0.1 2500 398.710335 3.987103e+02
0.2 0.1 2500 386.245745 3.862457e+02
3.533088e+02 4.502874e+02 3.996038e+02 3.929775e+02 2.180202e+01
0.2 0.2 2500 247.358102 2.473581e+02
0.2 0.2 2500 273.441092 2.734411e+02
0.2 0.2 2500 268.675953 2.686760e+02
0.2 0.2 2500 308.386066 3.083861e+02
0.2 0.2 2500 259.924278 2.599243e+02
0.2 0.2 2500 270.832202 2.708322e+02
0.2 0.2 2500 267.984708 2.679847e+02
0.2 0.2 2500 294.216920 2.942169e+02
0.2 0.2 2500 281.261828 2.812618e+02
0.2 0.2 2500 288.099606 2.880996e+02
0.2 0.2 2500 273.542423 2.735424e+02
0.2 0.2 2500 272.169996 2.721700e+02
0.2 0.2 2500 289.342128 2.893421e+02
0.2 0.2 2500 302.157472 3.021575e+02
0.2 0.2 2500 256.396843 2.563968e+02
0.2 0.2 2500 292.513093 2.925131e+02
0.2 0.2 2500 280.084546 2.800845e+02
0.2 0.2 2500 255.107168 2.551072e+02
0.2 0.2 2500 277.879829 2.778798e+02
0.2 0.2 2500 266.194698 2.661947e+02
0.2 0.2 2500 259.839694 2.598397e+02
0.2 0.2 2500 243.798430 2.437984e+02
0.2 0.2 2500 300.587200 3.005872e+02
0.2 0.2 2500 260.034832 2.600348e+02
0.2 0.2 2500 262.207668 2.622077e+02
0.2 0.2 2500 263.638174 2.636382e+02
0.2 0.2 2500 293.703484 2.937035e+02
0.2 0.2 2500 291.069274 2.910693e+02
0.2 0.2 2500 248.970656 2.489707e+02
0.2 0.2 2500 284.742384 2.847424e+02
2.437984e+02 3.083861e+02 2.744720e+02 2.728055e+02 1.698581e+01
0.2 0.3 2500 207.181081 2.071811e+02
0.2 0.3 2500 222.826400 2.228264e+02
0.2 0.3 2500 221.087382 2.210874e+02
0.2 0.3 2500 228.666935 2.286669e+02
0.2 0.3 2500 203.175688 2.031757e+02
0.2 0.3 2500 212.292516 2.122925e+02
0.2 0.3 2500 239.611536 2.396115e+02
0.2 0.3 2500 210.912424 2.109124e+02
0.2 0.3 2500 226.633524 2.266335e+02
0.2 0.3 2500 198.420686 1.984207e+02
0.2 0.3 2500 218.121710 2.181217e+02
0.2 0.3 2500 232.842137 2.328421e+02
0.2 0.3 2500 264.762681 2.647627e+02
0.2 0.3 2500 189.819796 1.898198e+02
0.2 0.3 2500 211.691575 2.116916e+02
0.2 0.3 2500 279.414206 2.794142e+02
0.2 0.3 2500 248.462669 2.484627e+02
0.2 0.3 2500 214.962591 2.149626e+02
0.2 0.3 2500 208.929989 2.089300e+02
0.2 0.3 2500 213.635991 2.136360e+02
0.2 0.3 2500 238.311493 2.383115e+02
0.2 0.3 2500 210.635836 2.106358e+02
0.2 0.3 2500 194.193473 1.941935e+02
0.2 0.3 2500 174.966572 1.749666e+02
0.2 0.3 2500 200.335673 2.003357e+02
0.2 0.3 2500 201.034756 2.010348e+02
0.2 0.3 2500 185.453101 1.854531e+02
0.2 0.3 2500 187.893686 1.878937e+02
0.2 0.3 2500 220.335980 2.203360e+02
0.2 0.3 2500 202.747724 2.027477e+02
1.749666e+02 2.794142e+02 2.156453e+02 2.119920e+02 2.240913e+01
0.2 0.4 2500 352.532939 3.525329e+02
0.2 0.4 2500 308.783999 3.087840e+02
0.2 0.4 2500 322.920539 3.229205e+02
0.2 0.4 2500 298.183570 2.981836e+02
0.2 0.4 2500 318.619890 3.186199e+02
0.2 0.4 2500 318.427920 3.184279e+02
0.2 0.4 2500 347.587881 3.475879e+02
0.2 0.4 2500 329.311947 3.293119e+02
0.2 0.4 2500 339.202736 3.392027e+02
0.2 0.4 2500 308.807597 3.088076e+02
0.2 0.4 2500 332.940799 3.329408e+02
0.2 0.4 2500 320.737981 3.207380e+02
0.2 0.4 2500 325.895883 3.258959e+02
0.2 0.4 2500 329.155194 3.291552e+02
0.2 0.4 2500 327.905263 3.279053e+02
0.2 0.4 2500 296.420902 2.964209e+02
0.2 0.4 2500 291.366762 2.913668e+02
0.2 0.4 2500 329.923599 3.299236e+02
0.2 0.4 2500 336.205558 3.362056e+02
0.2 0.4 2500 329.124842 3.291248e+02
0.2 0.4 2500 324.857586 3.248576e+02
0.2 0.4 2500 323.611396 3.236114e+02
0.2 0.4 2500 336.438896 3.364389e+02
0.2 0.4 2500 345.382939 3.453829e+02
0.2 0.4 2500 362.445530 3.624455e+02
0.2 0.4 2500 345.936846 3.459368e+02
0.2 0.4 2500 333.957226 3.339572e+02
0.2 0.4 2500 349.808092 3.498081e+02
0.2 0.4 2500 336.471787 3.364718e+02
0.2 0.4 2500 315.842756 3.158428e+02
2.913668e+02 3.624455e+02 3.279603e+02 3.291400e+02 1.641199e+01
0.2 0.5 2500 353.550433 3.535504e+02
0.2 0.5 2500 360.011589 3.600116e+02
0.2 0.5 2500 381.216766 3.812168e+02
0.2 0.5 2500 373.782275 3.737823e+02
0.2 0.5 2500 337.886985 3.378870e+02
0.2 0.5 2500 365.659998 3.656600e+02
0.2 0.5 2500 382.836314 3.828363e+02
0.2 0.5 2500 373.343396 3.733434e+02
0.2 0.5 2500 369.518701 3.695187e+02
0.2 0.5 2500 380.197733 3.801977e+02
0.2 0.5 2500 372.049292 3.720493e+02
0.2 0.5 2500 382.689106 3.826891e+02
0.2 0.5 2500 358.479577 3.584796e+02
0.2 0.5 2500 349.463719 3.494637e+02
0.2 0.5 2500 403.817712 4.038177e+02
0.2 0.5 2500 378.360330 3.783603e+02
0.2 0.5 2500 379.115972 3.791160e+02
0.2 0.5 2500 382.079202 3.820792e+02
0.2 0.5 2500 372.533656 3.725337e+02
0.2 0.5 2500 377.269993 3.772700e+02
0.2 0.5 2500 381.680437 3.816804e+02
0.2 0.5 2500 377.598521 3.775985e+02
0.2 0.5 2500 305.694215 3.056942e+02
0.2 0.5 2500 398.099861 3.980999e+02
0.2 0.5 2500 356.355053 3.563551e+02
0.2 0.5 2500 366.415911 3.664159e+02
0.2 0.5 2500 374.763314 3.747633e+02
0.2 0.5 2500 333.904682 3.339047e+02
0.2 0.5 2500 390.840735 3.908407e+02
0.2 0.5 2500 377.810417 3.778104e+02
3.056942e+02 4.038177e+02 3.699009e+02 3.742728e+02 1.932258e+01
0.2 0.6 2500 421.476383 4.214764e+02
0.2 0.6 2500 437.335370 4.373354e+02
0.2 0.6 2500 445.321649 4.453216e+02
0.2 0.6 2500 448.136581 4.481366e+02
0.2 0.6 2500 422.845797 4.228458e+02
0.2 0.6 2500 424.973505 4.249735e+02
0.2 0.6 2500 430.419160 4.304192e+02
0.2 0.6 2500 443.947855 4.439479e+02
0.2 0.6 2500 443.411701 4.434117e+02
0.2 0.6 2500 477.568531 4.775685e+02
0.2 0.6 2500 427.360588 4.273606e+02
0.2 0.6 2500 439.446069 4.394461e+02
0.2 0.6 2500 408.627966 4.086280e+02
0.2 0.6 2500 435.016539 4.350165e+02
0.2 0.6 2500 417.040634 4.170406e+02
0.2 0.6 2500 395.510223 3.955102e+02
0.2 0.6 2500 423.974812 4.239748e+02
0.2 0.6 2500 418.577434 4.185774e+02
0.2 0.6 2500 427.623502 4.276235e+02
0.2 0.6 2500 403.575464 4.035755e+02
0.2 0.6 2500 434.024630 4.340246e+02
0.2 0.6 2500 407.484014 4.074840e+02
0.2 0.6 2500 418.898585 4.188986e+02
0.2 0.6 2500 414.784374 4.147844e+02
0.2 0.6 2500 389.405194 3.894052e+02
0.2 0.6 2500 420.097782 4.200978e+02
0.2 0.6 2500 430.707155 4.307072e+02
0.2 0.6 2500 470.852392 4.708524e+02
0.2 0.6 2500 400.139638 4.001396e+02
0.2 0.6 2500 387.450470 3.874505e+02
3.874505e+02 4.775685e+02 4.255345e+02 4.244742e+02 2.049997e+01
0.2 0.7 2500 532.442457 5.324425e+02
0.2 0.7 2500 543.715947 5.437159e+02
0.2 0.7 2500 533.340237 5.333402e+02
0.2 0.7 2500 528.824249 5.288242e+02
0.2 0.7 2500 535.683221 5.356832e+02
0.2 0.7 2500 550.779100 5.507791e+02
0.2 0.7 2500 489.329198 4.893292e+02
0.2 0.7 2500 519.147262 5.191473e+02
0.2 0.7 2500 547.038944 5.470389e+02
0.2 0.7 2500 520.873810 5.208738e+02
0.2 0.7 2500 462.693503 4.626935e+02
0.2 0.7 2500 531.659742 5.316597e+02
0.2 0.7 2500 564.017556 5.640176e+02
0.2 0.7 2500 514.606971 5.146070e+02
0.2 0.7 2500 510.911180 5.109112e+02
0.2 0.7 2500 509.750014 5.097500e+02
0.2 0.7 2500 563.218595 5.632186e+02
0.2 0.7 2500 510.930706 5.109307e+02
0.2 0.7 2500 510.519729 5.105197e+02
0.2 0.7 2500 534.675656 5.346757e+02
0.2 0.7 2500 572.894732 5.728947e+02
0.2 0.7 2500 567.757672 5.677577e+02
0.2 0.7 2500 526.585425 5.265854e+02
0.2 0.7 2500 520.540400 5.205404e+02
0.2 0.7 2500 555.880337 5.558803e+02
0.2 0.7 2500 593.911215 5.939112e+02
0.2 0.7 2500 544.867646 5.448676e+02
0.2 0.7 2500 544.377724 5.443777e+02
0.2 0.7 2500 544.966919 5.449669e+02
0.2 0.7 2500 575.559089 5.755591e+02
4.626935e+02 5.939112e+02 5.353833e+02 5.340079e+02 2.668667e+01
0.2 0.8 2500 605.706560 6.057066e+02
0.2 0.8 2500 647.170527 6.471705e+02
0.2 0.8 2500 642.314696 6.423147e+02
0.2 0.8 2500 638.148113 6.381481e+02
0.2 0.8 2500 629.084153 6.290842e+02
0.2 0.8 2500 672.675018 6.726750e+02
0.2 0.8 2500 618.825553 6.188256e+02
0.2 0.8 2500 545.982430 5.459824e+02
0.2 0.8 2500 635.094394 6.350944e+02
0.2 0.8 2500 649.780031 6.497800e+02
0.2 0.8 2500 635.179815 6.351798e+02
0.2 0.8 2500 660.027098 6.600271e+02
0.2 0.8 2500 611.177918 6.111779e+02
0.2 0.8 2500 573.685038 5.736850e+02
0.2 0.8 2500 599.101752 5.991018e+02
0.2 0.8 2500 619.883220 6.198832e+02
0.2 0.8 2500 625.828747 6.258287e+02
0.2 0.8 2500 600.644362 6.006444e+02
0.2 0.8 2500 557.784116 5.577841e+02
0.2 0.8 2500 658.564904 6.585649e+02
0.2 0.8 2500 611.072502 6.110725e+02
0.2 0.8 2500 634.092168 6.340922e+02
0.2 0.8 2500 609.171935 6.091719e+02
0.2 0.8 2500 593.160815 5.931608e+02
0.2 0.8 2500 605.505516 6.055055e+02
0.2 0.8 2500 657.569355 6.575694e+02
0.2 0.8 2500 637.819348 6.378193e+02
0.2 0.8 2500 632.520953 6.325210e+02
0.2 0.8 2500 623.581933 6.235819e+02
0.2 0.8 2500 617.357699 6.173577e+02
5.459824e+02 6.726750e+02 6.216170e+02 6.247053e+02 2.865526e+01
0.2 0.9 2500 737.683593 7.376836e+02
0.2 0.9 2500 719.072860 7.190729e+02
0.2 0.9 2500 701.087190 7.010872e+02
0.2 0.9 2500 711.914025 7.119140e+02
0.2 0.9 2500 612.652802 6.126528e+02
0.2 0.9 2500 662.055993 6.620560e+02
0.2 0.9 2500 637.529051 6.375291e+02
0.2 0.9 2500 681.537938 6.815379e+02
0.2 0.9 2500 693.974406 6.939744e+02
0.2 0.9 2500 685.558038 6.855580e+02
0.2 0.9 2500 662.403698 6.624037e+02
0.2 0.9 2500 693.500785 6.935008e+02
0.2 0.9 2500 707.371387 7.073714e+02
0.2 0.9 2500 661.023486 6.610235e+02
0.2 0.9 2500 626.057086 6.260571e+02
0.2 0.9 2500 715.474995 7.154750e+02
0.2 0.9 2500 676.497551 6.764976e+02
0.2 0.9 2500 664.828766 6.648288e+02
0.2 0.9 2500 673.315501 6.733155e+02
0.2 0.9 2500 715.778845 7.157788e+02
0.2 0.9 2500 715.038286 7.150383e+02
0.2 0.9 2500 714.350619 7.143506e+02
0.2 0.9 2500 689.372830 6.893728e+02
0.2 0.9 2500 672.247350 6.722474e+02
0.2 0.9 2500 679.717738 6.797177e+02
0.2 0.9 2500 705.635401 7.056354e+02
0.2 0.9 2500 685.867745 6.858677e+02
0.2 0.9 2500 662.374898 6.623749e+02
0.2 0.9 2500 720.547845 7.205478e+02
0.2 0.9 2500 600.675873 6.006759e+02
6.006759e+02 7.376836e+02 6.828382e+02 6.857129e+02 3.255594e+01
0.2 1.0 2500 711.251945 7.112519e+02
0.2 1.0 2500 701.402330 7.014023e+02
0.2 1.0 2500 747.149250 7.471492e+02
0.2 1.0 2500 733.319655 7.333197e+02
0.2 1.0 2500 728.484291 7.284843e+02
0.2 1.0 2500 703.027664 7.030277e+02
0.2 1.0 2500 744.678342 7.446783e+02
0.2 1.0 2500 713.535006 7.135350e+02
0.2 1.0 2500 660.301279 6.603013e+02
0.2 1.0 2500 674.190726 6.741907e+02
0.2 1.0 2500 657.738060 6.577381e+02
0.2 1.0 2500 699.607069 6.996071e+02
0.2 1.0 2500 702.935145 7.029351e+02
0.2 1.0 2500 726.186110 7.261861e+02
0.2 1.0 2500 744.120140 7.441201e+02
0.2 1.0 2500 743.439810 7.434398e+02
0.2 1.0 2500 736.169532 7.361695e+02
0.2 1.0 2500 636.285062 6.362851e+02
0.2 1.0 2500 748.927628 7.489276e+02
0.2 1.0 2500 717.231530 7.172315e+02
0.2 1.0 2500 693.474889 6.934749e+02
0.2 1.0 2500 675.264913 6.752649e+02
0.2 1.0 2500 704.183349 7.041833e+02
0.2 1.0 2500 636.352621 6.363526e+02
0.2 1.0 2500 689.384299 6.893843e+02
0.2 1.0 2500 712.964325 7.129643e+02
0.2 1.0 2500 729.066841 7.290668e+02
0.2 1.0 2500 724.131053 7.241311e+02
0.2 1.0 2500 734.844107 7.348441e+02
0.2 1.0 2500 718.376727 7.183767e+02
6.362851e+02 7.489276e+02 7.082675e+02 7.132497e+02 3.109596e+01
0.3 0.1 2500 388.310390 3.883104e+02
0.3 0.1 2500 386.294362 3.862944e+02
0.3 0.1 2500 398.505882 3.985059e+02
0.3 0.1 2500 391.121952 3.911220e+02
0.3 0.1 2500 418.475647 4.184756e+02
0.3 0.1 2500 405.298060 4.052981e+02
0.3 0.1 2500 389.788734 3.897887e+02
0.3 0.1 2500 381.188591 3.811886e+02
0.3 0.1 2500 408.395817 4.083958e+02
0.3 0.1 2500 375.570993 3.755710e+02
0.3 0.1 2500 422.368439 4.223684e+02
0.3 0.1 2500 366.669952 3.666700e+02
0.3 0.1 2500 443.371516 4.433715e+02
0.3 0.1 2500 420.457861 4.204579e+02
0.3 0.1 2500 415.151452 4.151515e+02
0.3 0.1 2500 406.634041 4.066340e+02
0.3 0.1 2500 391.229475 3.912295e+02
0.3 0.1 2500 427.969046 4.279690e+02
0.3 0.1 2500 421.798624 4.217986e+02
0.3 0.1 2500 400.764685 4.007647e+02
0.3 0.1 2500 358.939735 3.589397e+02
0.3 0.1 2500 417.155447 4.171554e+02
0.3 0.1 2500 351.944343 3.519443e+02
0.3 0.1 2500 319.553038 3.195530e+02
0.3 0.1 2500 396.843818 3.968438e+02
0.3 0.1 2500 367.510024 3.675100e+02
0.3 0.1 2500 390.377095 3.903771e+02
0.3 0.1 2500 462.840033 4.628400e+02
0.3 0.1 2500 416.153871 4.161539e+02
0.3 0.1 2500 425.581200 4.255812e+02
3.195530e+02 4.628400e+02 3.988755e+02 3.996353e+02 2.838163e+01
0.3 0.2 2500 246.698211 2.466982e+02
0.3 0.2 2500 271.048026 2.710480e+02
0.3 0.2 2500 268.729289 2.687293e+02
0.3 0.2 2500 244.316315 2.443163e+02
0.3 0.2 2500 272.489940 2.724899e+02
0.3 0.2 2500 278.425423 2.784254e+02
0.3 0.2 2500 250.314571 2.503146e+02
0.3 0.2 2500 285.185244 2.851852e+02
0.3 0.2 2500 275.059675 2.750597e+02
0.3 0.2 2500 270.655733 2.706557e+02
0.3 0.2 2500 288.628450 2.886285e+02
0.3 0.2 2500 247.157548 2.471575e+02
0.3 0.2 2500 297.919884 2.979199e+02
0.3 0.2 2500 288.103572 2.881036e+02
0.3 0.2 2500 284.397958 2.843980e+02
0.3 0.2 2500 296.904920 2.969049e+02
0.3 0.2 2500 274.330373 2.743304e+02
0.3 0.2 2500 282.384276 2.823843e+02
0.3 0.2 2500 280.546376 2.805464e+02
0.3 0.2 2500 277.781221 2.777812e+02
0.3 0.2 2500 289.534556 2.895346e+02
0.3 0.2 2500 280.811769 2.808118e+02
0.3 0.2 2500 269.400201 2.694002e+02
0.3 0.2 2500 263.282848 2.632828e+02
0.3 0.2 2500 285.360103 2.853601e+02
0.3 0.2 2500 272.122660 2.721227e+02
0.3 0.2 2500 287.071125 2.870711e+02
0.3 0.2 2500 266.154520 2.661545e+02
0.3 0.2 2500 266.211989 2.662120e+02
0.3 0.2 2500 293.392925 2.933929e+02
2.443163e+02 2.979199e+02 2.751473e+02 2.764204e+02 1.418349e+01
0.3 0.3 2500 207.447238 2.074472e+02
0.3 0.3 2500 232.356822 2.323568e+02
0.3 0.3 2500 208.717352 2.087174e+02
0.3 0.3 2500 225.016916 2.250169e+02
0.3 0.3 2500 208.667996 2.086680e+02
0.3 0.3 2500 217.724300 2.177243e+02
0.3 0.3 2500 195.918468 1.959185e+02
0.3 0.3 2500 220.643338 2.206433e+02
0.3 0.3 2500 203.053820 2.030538e+02
0.3 0.3 2500 229.578536 2.295785e+02
0.3 0.3 2500 233.059695 2.330597e+02
0.3 0.3 2500 212.778399 2.127784e+02
0.3 0.3 2500 243.519296 2.435193e+02
0.3 0.3 2500 210.623904 2.106239e+02
0.3 0.3 2500 199.668168 1.996682e+02
0.3 0.3 2500 207.730147 2.077301e+02
0.3 0.3 2500 214.346588 2.143466e+02
0.3 0.3 2500 185.285408 1.852854e+02
0.3 0.3 2500 229.890791 2.298908e+02
0.3 0.3 2500 189.370522 1.893705e+02
0.3 0.3 2500 184.784586 1.847846e+02
0.3 0.3 2500 225.231803 2.252318e+02
0.3 0.3 2500 220.129103 2.201291e+02
0.3 0.3 2500 209.013344 2.090133e+02
0.3 0.3 2500 220.384418 2.203844e+02
0.3 0.3 2500 240.856907 2.408569e+02
0.3 0.3 2500 191.975896 1.919759e+02
0.3 0.3 2500 203.974195 2.039742e+02
0.3 0.3 2500 234.049372 2.340494e+02
0.3 0.3 2500 229.469855 2.294699e+02
1.847846e+02 2.435193e+02 2.145089e+02 2.135625e+02 1.581602e+01
0.3 0.4 2500 301.147016 3.011470e+02
0.3 0.4 2500 337.476024 3.374760e+02
0.3 0.4 2500 322.698055 3.226981e+02
0.3 0.4 2500 320.921523 3.209215e+02
0.3 0.4 2500 233.840528 2.338405e+02
0.3 0.4 2500 252.263331 2.522633e+02
0.3 0.4 2500 184.502361 1.845024e+02
0.3 0.4 2500 305.030590 3.050306e+02
0.3 0.4 2500 334.442579 3.344426e+02
0.3 0.4 2500 337.369436 3.373694e+02
0.3 0.4 2500 326.060876 3.260609e+02
0.3 0.4 2500 221.913942 2.219139e+02
0.3 0.4 2500 259.311689 2.593117e+02
0.3 0.4 2500 319.874276 3.198743e+02
0.3 0.4 2500 307.041296 3.070413e+02
0.3 0.4 2500 234.203243 2.342032e+02
0.3 0.4 2500 329.731303 3.297313e+02
0.3 0.4 2500 182.572881 1.825729e+02
0.3 0.4 2500 149.054095 1.490541e+02
0.3 0.4 2500 332.123170 3.321232e+02
0.3 0.4 2500 332.866124 3.328661e+02
0.3 0.4 2500 309.539850 3.095399e+02
0.3 0.4 2500 122.526222 1.225262e+02
0.3 0.4 2500 238.379183 2.383792e+02
0.3 0.4 2500 295.330539 2.953305e+02
0.3 0.4 2500 328.166558 3.281666e+02
0.3 0.4 2500 317.936138 3.179361e+02
0.3 0.4 2500 334.649634 3.346496e+02
0.3 0.4 2500 230.673141 2.306731e+02
0.3 0.4 2500 293.968141 2.939681e+02
1.225262e+02 3.374760e+02 2.798538e+02 3.060359e+02 6.003530e+01
0.3 0.5 2500 371.035552 3.710356e+02
0.3 0.5 2500 351.334131 3.513341e+02
0.3 0.5 2500 367.371346 3.673713e+02
0.3 0.5 2500 362.632860 3.626329e+02
0.3 0.5 2500 361.667954 3.616680e+02
0.3 0.5 2500 374.616110 3.746161e+02
0.3 0.5 2500 365.121045 3.651210e+02
0.3 0.5 2500 351.393424 3.513934e+02
0.3 0.5 2500 370.405817 3.704058e+02
0.3 0.5 2500 354.563006 3.545630e+02
0.3 0.5 2500 370.164984 3.701650e+02
0.3 0.5 2500 371.032989 3.710330e+02
0.3 0.5 2500 343.958528 3.439585e+02
0.3 0.5 2500 378.591998 3.785920e+02
0.3 0.5 2500 350.472560 3.504726e+02
0.3 0.5 2500 376.928962 3.769290e+02
0.3 0.5 2500 345.121155 3.451212e+02
0.3 0.5 2500 381.690425 3.816904e+02
0.3 0.5 2500 359.082437 3.590824e+02
0.3 0.5 2500 376.553814 3.765538e+02
0.3 0.5 2500 350.950948 3.509509e+02
0.3 0.5 2500 360.758282 3.607583e+02
0.3 0.5 2500 363.015528 3.630155e+02
0.3 0.5 2500 325.041958 3.250420e+02
0.3 0.5 2500 373.146298 3.731463e+02
0.3 0.5 2500 353.483131 3.534831e+02
0.3 0.5 2500 362.711261 3.627113e+02
0.3 0.5 2500 378.420722 3.784207e+02
0.3 0.5 2500 363.665090 3.636651e+02
0.3 0.5 2500 352.991206 3.529912e+02
3.250420e+02 3.816904e+02 3.622641e+02 3.628634e+02 1.247556e+01
0.3 0.6 2500 441.056506 4.410565e+02
0.3 0.6 2500 399.186051 3.991861e+02
0.3 0.6 2500 427.960679 4.279607e+02
0.3 0.6 2500 401.094888 4.010949e+02
0.3 0.6 2500 381.892559 3.818926e+02
0.3 0.6 2500 411.582104 4.115821e+02
0.3 0.6 2500 414.937856 4.149379e+02
0.3 0.6 2500 419.904908 4.199049e+02
0.3 0.6 2500 374.407265 3.744073e+02
0.3 0.6 2500 396.005886 3.960059e+02
0.3 0.6 2500 414.784369 4.147844e+02
0.3 0.6 2500 404.073632 4.040736e+02
0.3 0.6 2500 412.050892 4.120509e+02
0.3 0.6 2500 435.987517 4.359875e+02
0.3 0.6 2500 376.111846 3.761118e+02
0.3 0.6 2500 315.207577 3.152076e+02
0.3 0.6 2500 416.372160 4.163722e+02
0.3 0.6 2500 417.938489 4.179385e+02
0.3 0.6 2500 408.421064 4.084211e+02
0.3 0.6 2500 417.896043 4.178960e+02
0.3 0.6 2500 418.226224 4.182262e+02
0.3 0.6 2500 419.867726 4.198677e+02
0.3 0.6 2500 412.161771 4.121618e+02
0.3 0.6 2500 407.180831 4.071808e+02
0.3 0.6 2500 413.424832 4.134248e+02
0.3 0.6 2500 405.045209 4.050452e+02
0.3 0.6 2500 433.766130 4.337661e+02
0.3 0.6 2500 411.490592 4.114906e+02
0.3 0.6 2500 392.053780 3.920538e+02
0.3 0.6 2500 426.567179 4.265672e+02
3.152076e+02 4.410565e+02 4.075552e+02 4.121063e+02 2.316556e+01
0.3 0.7 2500 458.628094 4.586281e+02
0.3 0.7 2500 520.205744 5.202057e+02
0.3 0.7 2500 495.450266 4.954503e+02
0.3 0.7 2500 501.832754 5.018328e+02
0.3 0.7 2500 404.552748 4.045527e+02
0.3 0.7 2500 541.944171 5.419442e+02
0.3 0.7 2500 526.723696 5.267237e+02
0.3 0.7 2500 453.320837 4.533208e+02
0.3 0.7 2500 477.961523 4.779615e+02
0.3 0.7 2500 491.473605 4.914736e+02
0.3 0.7 2500 481.440984 4.814410e+02
0.3 0.7 2500 447.304166 4.473042e+02
0.3 0.7 2500 463.955785 4.639558e+02
0.3 0.7 2500 470.310376 4.703104e+02
0.3 0.7 2500 510.717097 5.107171e+02
0.3 0.7 2500 532.917877 5.329179e+02
0.3 0.7 2500 475.870869 4.758709e+02
0.3 0.7 2500 510.081030 5.100810e+02
0.3 0.7 2500 474.786854 4.747869e+02
0.3 0.7 2500 513.284727 5.132847e+02
0.3 0.7 2500 531.386382 5.313864e+02
0.3 0.7 2500 483.529492 4.835295e+02
0.3 0.7 2500 502.499291 5.024993e+02
0.3 0.7 2500 497.445085 4.974451e+02
0.3 0.7 2500 442.600730 4.426007e+02
0.3 0.7 2500 495.450466 4.954505e+02
0.3 0.7 2500 451.495221 4.514952e+02
0.3 0.7 2500 519.268583 5.192686e+02
0.3 0.7 2500 497.752852 4.977529e+02
0.3 0.7 2500 524.761488 5.247615e+02
4.045527e+02 5.419442e+02 4.899651e+02 4.954504e+02 3.128743e+01
0.3 0.8 2500 591.005854 5.910059e+02
0.3 0.8 2500 635.286589 6.352866e+02
0.3 0.8 2500 612.849868 6.128499e+02
0.3 0.8 2500 545.282360 5.452824e+02
0.3 0.8 2500 548.355242 5.483552e+02
0.3 0.8 2500 572.447126 5.724471e+02
0.3 0.8 2500 589.115994 5.891160e+02
0.3 0.8 2500 608.985859 6.089859e+02
0.3 0.8 2500 538.808212 5.388082e+02
0.3 0.8 2500 598.056165 5.980562e+02
0.3 0.8 2500 616.424229 6.164242e+02
0.3 0.8 2500 530.571536 5.305715e+02
0.3 0.8 2500 584.821974 5.848220e+02
0.3 0.8 2500 594.691147 5.946911e+02
0.3 0.8 2500 578.497240 5.784972e+02
0.3 0.8 2500 651.868944 6.518689e+02
0.3 0.8 2500 644.415135 6.444151e+02
0.3 0.8 2500 588.277129 5.882771e+02
0.3 0.8 2500 603.847346 6.038473e+02
0.3 0.8 2500 609.593368 6.095934e+02
0.3 0.8 2500 517.151921 5.171519e+02
0.3 0.8 2500 629.673400 6.296734e+02
0.3 0.8 2500 630.758037 6.307580e+02
0.3 0.8 2500 569.782409 5.697824e+02
0.3 0.8 2500 596.992900 5.969929e+02
0.3 0.8 2500 625.538640 6.255386e+02
0.3 0.8 2500 601.122866 6.011229e+02
0.3 0.8 2500 606.063329 6.060633e+02
0.3 0.8 2500 624.323107 6.243231e+02
0.3 0.8 2500 596.440676 5.964407e+02
5.171519e+02 6.518689e+02 5.947016e+02 5.975245e+02 3.298593e+01
0.3 0.9 2500 655.990153 6.559902e+02
0.3 0.9 2500 624.453352 6.244534e+02
0.3 0.9 2500 640.167997 6.401680e+02
0.3 0.9 2500 664.889622 6.648896e+02
0.3 0.9 2500 641.906294 6.419063e+02
0.3 0.9 2500 708.792671 7.087927e+02
0.3 0.9 2500 676.495707 6.764957e+02
0.3 0.9 2500 578.771487 5.787715e+02
0.3 0.9 2500 651.069581 6.510696e+02
0.3 0.9 2500 651.646785 6.516468e+02
0.3 0.9 2500 647.254034 6.472540e+02
0.3 0.9 2500 696.615718 6.966157e+02
0.3 0.9 2500 719.703035 7.197030e+02
0.3 0.9 2500 611.320587 6.113206e+02
0.3 0.9 2500 676.432703 6.764327e+02
0.3 0.9 2500 615.677016 6.156770e+02
0.3 0.9 2500 672.752399 6.727524e+02
0.3 0.9 2500 700.817095 7.008171e+02
0.3 0.9 2500 667.249070 6.672491e+02
0.3 0.9 2500 677.659015 6.776590e+02
0.3 0.9 2500 716.559138 7.165591e+02
0.3 0.9 2500 669.346045 6.693460e+02
0.3 0.9 2500 646.730851 6.467309e+02
0.3 0.9 2500 686.227154 6.862272e+02
0.3 0.9 2500 671.006906 6.710069e+02
0.3 0.9 2500 668.170326 6.681703e+02
0.3 0.9 2500 672.067478 6.720675e+02
0.3 0.9 2500 689.079137 6.890791e+02
0.3 0.9 2500 699.462939 6.994629e+02
0.3 0.9 2500 658.949587 6.589496e+02
5.787715e+02 7.197030e+02 6.652421e+02 6.687582e+02 3.127990e+01
0.3 1.0 2500 721.688070 7.216881e+02
0.3 1.0 2500 696.070587 6.960706e+02
0.3 1.0 2500 624.410339 6.244103e+02
0.3 1.0 2500 669.651191 6.696512e+02
0.3 1.0 2500 628.591295 6.285913e+02
0.3 1.0 2500 714.599287 7.145993e+02
0.3 1.0 2500 637.921439 6.379214e+02
0.3 1.0 2500 579.438831 5.794388e+02
0.3 1.0 2500 711.783913 7.117839e+02
0.3 1.0 2500 652.508019 6.525080e+02
0.3 1.0 2500 678.285797 6.782858e+02
0.3 1.0 2500 693.590168 6.935902e+02
0.3 1.0 2500 610.552025 6.105520e+02
0.3 1.0 2500 685.981309 6.859813e+02
0.3 1.0 2500 708.666358 7.086664e+02
0.3 1.0 2500 628.686777 6.286868e+02
0.3 1.0 2500 698.621497 6.986215e+02
0.3 1.0 2500 665.319252 6.653193e+02
0.3 1.0 2500 636.972926 6.369729e+02
0.3 1.0 2500 640.926411 6.409264e+02
0.3 1.0 2500 668.773625 6.687736e+02
0.3 1.0 2500 726.617665 7.266177e+02
0.3 1.0 2500 647.910098 6.479101e+02
0.3 1.0 2500 584.744880 5.847449e+02
0.3 1.0 2500 597.795806 5.977958e+02
0.3 1.0 2500 710.073871 7.100739e+02
0.3 1.0 2500 555.034516 5.550345e+02
0.3 1.0 2500 669.880049 6.698800e+02
0.3 1.0 2500 670.940606 6.709406e+02
0.3 1.0 2500 665.857140 6.658571e+02
5.550345e+02 7.266177e+02 6.593965e+02 6.673154e+02 4.414160e+01
0.4 0.1 2500 386.065061 3.860651e+02
0.4 0.1 2500 400.601470 4.006015e+02
0.4 0.1 2500 376.001363 3.760014e+02
0.4 0.1 2500 391.633014 3.916330e+02
0.4 0.1 2500 355.909065 3.559091e+02
0.4 0.1 2500 430.136957 4.301370e+02
0.4 0.1 2500 397.367616 3.973676e+02
0.4 0.1 2500 406.440251 4.064403e+02
0.4 0.1 2500 365.793998 3.657940e+02
0.4 0.1 2500 419.452275 4.194523e+02
0.4 0.1 2500 408.974057 4.089741e+02
0.4 0.1 2500 405.837468 4.058375e+02
0.4 0.1 2500 394.616342 3.946163e+02
0.4 0.1 2500 406.189174 4.061892e+02
0.4 0.1 2500 383.350624 3.833506e+02
0.4 0.1 2500 374.827701 3.748277e+02
0.4 0.1 2500 398.926339 3.989263e+02
0.4 0.1 2500 403.207232 4.032072e+02
0.4 0.1 2500 441.547118 4.415471e+02
0.4 0.1 2500 362.919678 3.629197e+02
0.4 0.1 2500 380.803035 3.808030e+02
0.4 0.1 2500 355.158306 3.551583e+02
0.4 0.1 2500 391.224927 3.912249e+02
0.4 0.1 2500 419.680308 4.196803e+02
0.4 0.1 2500 404.540723 4.045407e+02
0.4 0.1 2500 399.040178 3.990402e+02
0.4 0.1 2500 353.410349 3.534103e+02
0.4 0.1 2500 419.787428 4.197874e+02
0.4 0.1 2500 387.922527 3.879225e+02
0.4 0.1 2500 421.297000 4.212970e+02
3.534103e+02 4.415471e+02 3.947554e+02 3.981470e+02 2.213325e+01
0.4 0.2 2500 267.601301 2.676013e+02
0.4 0.2 2500 233.990158 2.339902e+02
0.4 0.2 2500 298.301414 2.983014e+02
0.4 0.2 2500 253.499936 2.534999e+02
0.4 0.2 2500 241.706153 2.417062e+02
0.4 0.2 2500 288.153804 2.881538e+02
0.4 0.2 2500 257.310377 2.573104e+02
0.4 0.2 2500 233.333589 2.333336e+02
0.4 0.2 2500 298.077969 2.980780e+02
0.4 0.2 2500 249.395045 2.493950e+02
0.4 0.2 2500 267.709328 2.677093e+02
0.4 0.2 2500 286.286776 2.862868e+02
0.4 0.2 2500 270.576611 2.705766e+02
0.4 0.2 2500 283.197958 2.831980e+02
0.4 0.2 2500 267.311279 2.673113e+02
0.4 0.2 2500 244.988244 2.449882e+02
0.4 0.2 2500 281.224926 2.812249e+02
0.4 0.2 2500 295.202363 2.952024e+02
0.4 0.2 2500 272.592532 2.725925e+02
0.4 0.2 2500 300.166505 3.001665e+02
0.4 0.2 2500 258.378630 2.583786e+02
0.4 0.2 2500 279.448950 2.794489e+02
0.4 0.2 2500 274.635973 2.746360e+02
0.4 0.2 2500 270.849550 2.708496e+02
0.4 0.2 2500 276.957993 2.769580e+02
0.4 0.2 2500 246.844655 2.468447e+02
0.4 0.2 2500 286.829618 2.868296e+02
0.4 0.2 2500 242.989179 2.429892e+02
0.4 0.2 2500 293.620351 2.936204e+02
0.4 0.2 2500 268.477188 2.684772e+02
2.333336e+02 3.001665e+02 2.696553e+02 2.707131e+02 1.947695e+01
0.4 0.3 2500 190.804196 1.908042e+02
0.4 0.3 2500 227.688803 2.276888e+02
0.4 0.3 2500 208.762041 2.087620e+02
0.4 0.3 2500 195.347674 1.953477e+02
0.4 0.3 2500 193.505179 1.935052e+02
0.4 0.3 2500 176.234424 1.762344e+02
0.4 0.3 2500 213.263307 2.132633e+02
0.4 0.3 2500 211.190527 2.111905e+02
0.4 0.3 2500 204.197932 2.041979e+02
0.4 0.3 2500 234.082032 2.340820e+02
0.4 0.3 2500 209.462292 2.094623e+02
0.4 0.3 2500 236.687656 2.366877e+02
0.4 0.3 2500 218.787185 2.187872e+02
0.4 0.3 2500 194.332387 1.943324e+02
0.4 0.3 2500 233.451163 2.334512e+02
0.4 0.3 2500 195.280988 1.952810e+02
0.4 0.3 2500 195.432446 1.954324e+02
0.4 0.3 2500 210.394290 2.103943e+02
0.4 0.3 2500 234.306534 2.343065e+02
0.4 0.3 2500 200.021542 2.000215e+02
0.4 0.3 2500 231.762804 2.317628e+02
0.4 0.3 2500 215.317304 2.153173e+02
0.4 0.3 2500 245.876095 2.458761e+02
0.4 0.3 2500 191.402059 1.914021e+02
0.4 0.3 2500 227.952840 2.279528e+02
0.4 0.3 2500 222.088143 2.220881e+02
0.4 0.3 2500 225.152148 2.251521e+02
0.4 0.3 2500 209.720745 2.097207e+02
0.4 0.3 2500 228.660632 2.286606e+02
0.4 0.3 2500 220.842426 2.208424e+02
1.762344e+02 2.458761e+02 2.134003e+02 2.122269e+02 1.692327e+01
0.4 0.4 2500 193.912300 1.939123e+02
0.4 0.4 2500 159.705275 1.597053e+02
0.4 0.4 2500 221.886491 2.218865e+02
0.4 0.4 2500 253.344627 2.533446e+02
0.4 0.4 2500 222.073239 2.220732e+02
0.4 0.4 2500 263.997656 2.639977e+02
0.4 0.4 2500 217.212633 2.172126e+02
0.4 0.4 2500 221.055859 2.210559e+02
0.4 0.4 2500 284.909733 2.849097e+02
0.4 0.4 2500 212.167376 2.121674e+02
0.4 0.4 2500 162.237903 1.622379e+02
0.4 0.4 2500 143.467023 1.434670e+02
0.4 0.4 2500 221.780584 2.217806e+02
0.4 0.4 2500 213.364824 2.133648e+02
0.4 0.4 2500 193.495216 1.934952e+02
0.4 0.4 2500 178.144138 1.781441e+02
0.4 0.4 2500 280.975958 2.809760e+02
0.4 0.4 2500 197.797535 1.977975e+02
0.4 0.4 2500 242.556913 2.425569e+02
0.4 0.4 2500 175.285123 1.752851e+02
0.4 0.4 2500 199.013048 1.990130e+02
0.4 0.4 2500 180.443228 1.804432e+02
0.4 0.4 2500 223.530354 2.235304e+02
0.4 0.4 2500 151.689838 1.516898e+02
0.4 0.4 2500 224.730346 2.247303e+02
0.4 0.4 2500 191.365467 1.913655e+02
0.4 0.4 2500 195.194449 1.951944e+02
0.4 0.4 2500 144.270515 1.442705e+02
0.4 0.4 2500 208.784349 2.087843e+02
0.4 0.4 2500 242.809212 2.428092e+02
1.434670e+02 2.849097e+02 2.073734e+02 2.104759e+02 3.642768e+01
0.4 0.5 2500 362.258882 3.622589e+02
0.4 0.5 2500 361.380806 3.613808e+02
0.4 0.5 2500 372.740538 3.727405e+02
0.4 0.5 2500 318.391678 3.183917e+02
0.4 0.5 2500 344.790686 3.447907e+02
0.4 0.5 2500 365.996229 3.659962e+02
0.4 0.5 2500 363.317622 3.633176e+02
0.4 0.5 2500 348.585594 3.485856e+02
0.4 0.5 2500 363.509257 3.635093e+02
0.4 0.5 2500 365.869636 3.658696e+02
0.4 0.5 2500 343.399787 3.433998e+02
0.4 0.5 2500 355.769895 3.557699e+02
0.4 0.5 2500 366.011433 3.660114e+02
0.4 0.5 2500 367.821647 3.678216e+02
0.4 0.5 2500 363.754248 3.637542e+02
0.4 0.5 2500 345.309285 3.453093e+02
0.4 0.5 2500 371.638080 3.716381e+02
0.4 0.5 2500 341.146637 3.411466e+02
0.4 0.5 2500 366.086392 3.660864e+02
0.4 0.5 2500 354.373408 3.543734e+02
0.4 0.5 2500 373.299188 3.732992e+02
0.4 0.5 2500 367.537298 3.675373e+02
0.4 0.5 2500 318.330682 3.183307e+02
0.4 0.5 2500 378.435033 3.784350e+02
0.4 0.5 2500 364.005476 3.640055e+02
0.4 0.5 2500 367.793157 3.677932e+02
0.4 0.5 2500 370.028608 3.700286e+02
0.4 0.5 2500 359.703055 3.597031e+02
0.4 0.5 2500 356.301689 3.563017e+02
0.4 0.5 2500 361.357730 3.613577e+02
3.183307e+02 3.784350e+02 3.586315e+02 3.634134e+02 1.412190e+01
0.4 0.6 2500 367.421249 3.674212e+02
0.4 0.6 2500 377.068917 3.770689e+02
0.4 0.6 2500 404.902232 4.049022e+02
0.4 0.6 2500 404.644171 4.046442e+02
0.4 0.6 2500 398.382812 3.983828e+02
0.4 0.6 2500 373.373979 3.733740e+02
0.4 0.6 2500 410.472958 4.104730e+02
0.4 0.6 2500 391.271042 3.912710e+02
0.4 0.6 2500 442.422619 4.424226e+02
0.4 0.6 2500 388.581807 3.885818e+02
0.4 0.6 2500 388.680659 3.886807e+02
0.4 0.6 2500 392.135421 3.921354e+02
0.4 0.6 2500 390.153603 3.901536e+02
0.4 0.6 2500 390.772867 3.907729e+02
0.4 0.6 2500 403.457124 4.034571e+02
0.4 0.6 2500 391.671250 3.916713e+02
0.4 0.6 2500 397.449350 3.974493e+02
0.4 0.6 2500 395.577298 3.955773e+02
0.4 0.6 2500 400.969375 4.009694e+02
0.4 0.6 2500 343.714445 3.437144e+02
0.4 0.6 2500 385.151739 3.851517e+02
0.4 0.6 2500 402.690169 4.026902e+02
0.4 0.6 2500 409.089028 4.090890e+02
0.4 0.6 2500 390.596775 3.905968e+02
0.4 0.6 2500 389.932375 3.899324e+02
0.4 0.6 2500 398.330595 3.983306e+02
0.4 0.6 2500 400.610658 4.006107e+02
0.4 0.6 2500 352.082316 3.520823e+02
0.4 0.6 2500 407.403759 4.074038e+02
0.4 0.6 2500 406.118155 4.061182e+02
3.437144e+02 4.424226e+02 3.931710e+02 3.938564e+02 1.788975e+01
0.4 0.7 2500 485.160761 4.851608e+02
0.4 0.7 2500 445.911509 4.459115e+02
0.4 0.7 2500 434.237726 4.342377e+02
0.4 0.7 2500 452.462442 4.524624e+02
0.4 0.7 2500 461.910935 4.619109e+02
0.4 0.7 2500 476.918960 4.769190e+02
0.4 0.7 2500 445.877593 4.458776e+02
0.4 0.7 2500 486.478132 4.864781e+02
0.4 0.7 2500 466.762659 4.667627e+02
0.4 0.7 2500 478.227958 4.782280e+02
0.4 0.7 2500 465.686073 4.656861e+02
0.4 0.7 2500 465.827506 4.658275e+02
0.4 0.7 2500 468.727639 4.687276e+02
0.4 0.7 2500 424.253450 4.242535e+02
0.4 0.7 2500 452.846488 4.528465e+02
0.4 0.7 2500 460.945624 4.609456e+02
0.4 0.7 2500 452.145293 4.521453e+02
0.4 0.7 2500 465.374794 4.653748e+02
0.4 0.7 2500 486.001998 4.860020e+02
0.4 0.7 2500 504.842302 5.048423e+02
0.4 0.7 2500 436.071964 4.360720e+02
0.4 0.7 2500 471.382943 4.713829e+02
0.4 0.7 2500 463.623781 4.636238e+02
0.4 0.7 2500 446.408656 4.464087e+02
0.4 0.7 2500 491.353682 4.913537e+02
0.4 0.7 2500 470.925971 4.709260e+02
0.4 0.7 2500 477.918013 4.779180e+02
0.4 0.7 2500 487.991837 4.879918e+02
0.4 0.7 2500 457.261065 4.572611e+02
0.4 0.7 2500 462.251488 4.622515e+02
4.242535e+02 5.048423e+02 4.648596e+02 4.655304e+02 1.805681e+01
0.4 0.8 2500 569.450056 5.694501e+02
0.4 0.8 2500 545.917189 5.459172e+02
0.4 0.8 2500 598.781336 5.987813e+02
0.4 0.8 2500 515.325712 5.153257e+02
0.4 0.8 2500 495.838936 4.958389e+02
0.4 0.8 2500 567.455068 5.674551e+02
0.4 0.8 2500 524.656397 5.246564e+02
0.4 0.8 2500 595.978521 5.959785e+02
0.4 0.8 2500 560.779942 5.607799e+02
0.4 0.8 2500 564.609282 5.646093e+02
0.4 0.8 2500 573.442392 5.734424e+02
0.4 0.8 2500 533.529987 5.335300e+02
0.4 0.8 2500 600.310355 6.003104e+02
0.4 0.8 2500 591.036971 5.910370e+02
0.4 0.8 2500 576.004003 5.760040e+02
0.4 0.8 2500 513.965742 5.139657e+02
0.4 0.8 2500 454.863515 4.548635e+02
0.4 0.8 2500 511.555135 5.115551e+02
0.4 0.8 2500 546.614256 5.466143e+02
0.4 0.8 2500 569.268981 5.692690e+02
0.4 0.8 2500 623.816114 6.238161e+02
0.4 0.8 2500 540.631779 5.406318e+02
0.4 0.8 2500 558.637998 5.586380e+02
0.4 0.8 2500 499.370895 4.993709e+02
0.4 0.8 2500 598.253089 5.982531e+02
0.4 0.8 2500 497.590345 4.975903e+02
0.4 0.8 2500 556.311719 5.563117e+02
0.4 0.8 2500 529.105836 5.291058e+02
0.4 0.8 2500 543.178084 5.431781e+02
0.4 0.8 2500 545.706806 5.457068e+02
4.548635e+02 6.238161e+02 5.500662e+02 5.514630e+02 3.742290e+01
0.4 0.9 2500 537.529348 5.375293e+02
0.4 0.9 2500 640.947656 6.409477e+02
0.4 0.9 2500 591.198380 5.911984e+02
0.4 0.9 2500 608.749638 6.087496e+02
0.4 0.9 2500 664.651821 6.646518e+02
0.4 0.9 2500 630.888971 6.308890e+02
0.4 0.9 2500 585.149321 5.851493e+02
0.4 0.9 2500 653.496083 6.534961e+02
0.4 0.9 2500 670.516644 6.705166e+02
0.4 0.9 2500 634.174384 6.341744e+02
0.4 0.9 2500 674.680911 6.746809e+02
0.4 0.9 2500 665.108621 6.651086e+02
0.4 0.9 2500 560.320317 5.603203e+02
0.4 0.9 2500 560.157800 5.601578e+02
0.4 0.9 2500 596.650554 5.966506e+02
0.4 0.9 2500 633.782524 6.337825e+02
0.4 0.9 2500 586.235958 5.862360e+02
0.4 0.9 2500 640.156246 6.401562e+02
0.4 0.9 2500 651.753468 6.517535e+02
0.4 0.9 2500 571.522656 5.715227e+02
0.4 0.9 2500 640.129104 6.401291e+02
0.4 0.9 2500 674.844479 6.748445e+02
0.4 0.9 2500 618.292455 6.182925e+02
0.4 0.9 2500 629.804688 6.298047e+02
0.4 0.9 2500 535.878240 5.358782e+02
0.4 0.9 2500 669.002819 6.690028e+02
0.4 0.9 2500 428.250928 4.282509e+02
0.4 0.9 2500 671.459956 6.714600e+02
0.4 0.9 2500 617.959446 6.179594e+02
0.4 0.9 2500 660.322232 6.603222e+02
4.282509e+02 6.748445e+02 6.167872e+02 6.323357e+02 5.383044e+01
0.4 1.0 2500 593.120884 5.931209e+02
0.4 1.0 2500 635.534174 6.355342e+02
0.4 1.0 2500 643.086367 6.430864e+02
0.4 1.0 2500 573.327258 5.733273e+02
0.4 1.0 2500 600.269744 6.002697e+02
0.4 1.0 2500 640.046061 6.400461e+02
0.4 1.0 2500 617.724032 6.177240e+02
0.4 1.0 2500 570.556002 5.705560e+02
0.4 1.0 2500 623.080996 6.230810e+02
0.4 1.0 2500 650.182455 6.501825e+02
0.4 1.0 2500 543.631837 5.436318e+02
0.4 1.0 2500 568.868510 5.688685e+02
0.4 1.0 2500 568.234303 5.682343e+02
0.4 1.0 2500 576.469801 5.764698e+02
0.4 1.0 2500 651.973473 6.519735e+02
0.4 1.0 2500 546.319068 5.463191e+02
0.4 1.0 2500 558.589251 5.585893e+02
0.4 1.0 2500 529.811925 5.298119e+02
0.4 1.0 2500 575.925759 5.759258e+02
0.4 1.0 2500 537.477706 5.374777e+02
0.4 1.0 2500 579.380150 5.793802e+02
0.4 1.0 2500 729.354164 7.293542e+02
0.4 1.0 2500 586.826188 5.868262e+02
0.4 1.0 2500 696.208221 6.962082e+02
0.4 1.0 2500 603.959190 6.039592e+02
0.4 1.0 2500 569.912519 5.699125e+02
0.4 1.0 2500 643.247143 6.432471e+02
0.4 1.0 2500 554.313196 5.543132e+02
0.4 1.0 2500 516.223466 5.162235e+02
0.4 1.0 2500 733.634751 7.336348e+02
5.162235e+02 7.336348e+02 6.005763e+02 5.831032e+02 5.430417e+01
0.5 0.1 2500 350.177797 3.501778e+02
0.5 0.1 2500 411.625530 4.116255e+02
0.5 0.1 2500 374.686478 3.746865e+02
0.5 0.1 2500 388.569829 3.885698e+02
0.5 0.1 2500 352.612212 3.526122e+02
0.5 0.1 2500 379.027121 3.790271e+02
0.5 0.1 2500 415.135002 4.151350e+02
0.5 0.1 2500 364.385243 3.643852e+02
0.5 0.1 2500 382.952257 3.829523e+02
0.5 0.1 2500 410.466090 4.104661e+02
0.5 0.1 2500 400.976383 4.009764e+02
0.5 0.1 2500 399.364449 3.993644e+02
0.5 0.1 2500 376.383498 3.763835e+02
0.5 0.1 2500 386.737264 3.867373e+02
0.5 0.1 2500 361.439779 3.614398e+02
0.5 0.1 2500 425.403470 4.254035e+02
0.5 0.1 2500 427.218182 4.272182e+02
0.5 0.1 2500 392.403109 3.924031e+02
0.5 0.1 2500 391.124787 3.911248e+02
0.5 0.1 2500 369.733823 3.697338e+02
0.5 0.1 2500 379.707880 3.797079e+02
0.5 0.1 2500 392.651407 3.926514e+02
0.5 0.1 2500 358.512901 3.585129e+02
0.5 0.1 2500 409.787107 4.097871e+02
0.5 0.1 2500 383.020785 3.830208e+02
0.5 0.1 2500 382.045985 3.820460e+02
0.5 0.1 2500 374.478964 3.744790e+02
0.5 0.1 2500 399.012376 3.990124e+02
0.5 0.1 2500 385.983201 3.859832e+02
0.5 0.1 2500 390.834163 3.908342e+02
3.501778e+02 4.272182e+02 3.872152e+02 3.863602e+02 1.962581e+01
0.5 0.2 2500 250.498509 2.504985e+02
0.5 0.2 2500 258.846062 2.588461e+02
0.5 0.2 2500 276.836812 2.768368e+02
0.5 0.2 2500 304.082610 3.040826e+02
0.5 0.2 2500 265.047776 2.650478e+02
0.5 0.2 2500 269.688999 2.696890e+02
0.5 0.2 2500 276.416842 2.764168e+02
0.5 0.2 2500 288.751067 2.887511e+02
0.5 0.2 2500 293.551646 2.935516e+02
0.5 0.2 2500 278.459227 2.784592e+02
0.5 0.2 2500 269.999791 2.699998e+02
0.5 0.2 2500 279.020578 2.790206e+02
0.5 0.2 2500 258.760020 2.587600e+02
0.5 0.2 2500 306.644273 3.066443e+02
0.5 0.2 2500 245.129006 2.451290e+02
0.5 0.2 2500 271.774275 2.717743e+02
0.5 0.2 2500 278.342038 2.783420e+02
0.5 0.2 2500 251.640525 2.516405e+02
0.5 0.2 2500 245.611786 2.456118e+02
0.5 0.2 2500 285.548204 2.855482e+02
0.5 0.2 2500 263.703761 2.637038e+02
0.5 0.2 2500 258.133829 2.581338e+02
0.5 0.2 2500 290.868851 2.908689e+02
0.5 0.2 2500 273.055012 2.730550e+02
0.5 0.2 2500 276.934095 2.769341e+02
0.5 0.2 2500 265.092302 2.650923e+02
0.5 0.2 2500 266.131325 2.661313e+02
0.5 0.2 2500 286.359999 2.863600e+02
0.5 0.2 2500 279.410698 2.794107e+02
0.5 0.2 2500 270.813489 2.708135e+02
2.451290e+02 3.066443e+02 2.728384e+02 2.724146e+02 1.527496e+01
0.5 0.3 2500 202.057917 2.020579e+02
0.5 0.3 2500 235.057671 2.350577e+02
0.5 0.3 2500 193.951818 1.939518e+02
0.5 0.3 2500 215.405692 2.154057e+02
0.5 0.3 2500 251.071980 2.510720e+02
0.5 0.3 2500 207.242574 2.072426e+02
0.5 0.3 2500 215.611168 2.156112e+02
0.5 0.3 2500 220.483787 2.204838e+02
0.5 0.3 2500 180.735650 1.807357e+02
0.5 0.3 2500 227.108426 2.271084e+02
0.5 0.3 2500 201.868836 2.018688e+02
0.5 0.3 2500 195.031096 1.950311e+02
0.5 0.3 2500 229.422651 2.294227e+02
0.5 0.3 2500 175.277587 1.752776e+02
0.5 0.3 2500 209.251827 2.092518e+02
0.5 0.3 2500 184.686324 1.846863e+02
0.5 0.3 2500 230.391414 2.303914e+02
0.5 0.3 2500 239.230947 2.392309e+02
0.5 0.3 2500 219.520843 2.195208e+02
0.5 0.3 2500 210.578040 2.105780e+02
0.5 0.3 2500 188.236206 1.882362e+02
0.5 0.3 2500 214.814916 2.148149e+02
0.5 0.3 2500 235.947849 2.359478e+02
0.5 0.3 2500 228.046199 2.280462e+02
0.5 0.3 2500 200.484622 2.004846e+02
0.5 0.3 2500 204.571241 2.045712e+02
0.5 0.3 2500 169.195864 1.691959e+02
0.5 0.3 2500 188.535424 1.885354e+02
0.5 0.3 2500 208.923186 2.089232e+02
0.5 0.3 2500 220.464850 2.204649e+02
1.691959e+02 2.510720e+02 2.101069e+02 2.099149e+02 1.974018e+01
0.5 0.4 2500 195.536774 1.955368e+02
0.5 0.4 2500 233.353111 2.333531e+02
0.5 0.4 2500 203.189273 2.031893e+02
0.5 0.4 2500 138.959773 1.389598e+02
0.5 0.4 2500 201.427609 2.014276e+02
0.5 0.4 2500 204.201890 2.042019e+02
0.5 0.4 2500 196.006987 1.960070e+02
0.5 0.4 2500 188.723727 1.887237e+02
0.5 0.4 2500 183.423563 1.834236e+02
0.5 0.4 2500 188.747475 1.887475e+02
0.5 0.4 2500 219.670971 2.196710e+02
0.5 0.4 2500 191.465984 1.914660e+02
0.5 0.4 2500 197.960425 1.979604e+02
0.5 0.4 2500 203.395722 2.033957e+02
0.5 0.4 2500 195.157074 1.951571e+02
0.5 0.4 2500 165.278316 1.652783e+02
0.5 0.4 2500 181.274552 1.812746e+02
0.5 0.4 2500 196.179452 1.961795e+02
0.5 0.4 2500 224.353181 2.243532e+02
0.5 0.4 2500 184.031114 1.840311e+02
0.5 0.4 2500 192.545686 1.925457e+02
0.5 0.4 2500 180.437094 1.804371e+02
0.5 0.4 2500 195.124559 1.951246e+02
0.5 0.4 2500 214.497674 2.144977e+02
0.5 0.4 2500 209.677058 2.096771e+02
0.5 0.4 2500 204.541143 2.045411e+02
0.5 0.4 2500 202.940853 2.029409e+02
0.5 0.4 2500 204.310615 2.043106e+02
0.5 0.4 2500 256.133533 2.561335e+02
0.5 0.4 2500 213.576037 2.135760e+02
1.389598e+02 2.561335e+02 1.988707e+02 1.970699e+02 2.038072e+01
0.5 0.5 2500 323.348907 3.233489e+02
0.5 0.5 2500 333.149699 3.331497e+02
0.5 0.5 2500 341.025438 3.410254e+02
0.5 0.5 2500 342.895284 3.428953e+02
0.5 0.5 2500 356.989326 3.569893e+02
0.5 0.5 2500 346.325274 3.463253e+02
0.5 0.5 2500 293.165086 2.931651e+02
0.5 0.5 2500 354.973680 3.549737e+02
0.5 0.5 2500 323.660199 3.236602e+02
0.5 0.5 2500 358.848498 3.588485e+02
0.5 0.5 2500 360.359756 3.603598e+02
0.5 0.5 2500 353.547047 3.535470e+02
0.5 0.5 2500 335.103035 3.351030e+02
0.5 0.5 2500 312.692046 3.126920e+02
0.5 0.5 2500 364.595333 3.645953e+02
0.5 0.5 2500 349.046326 3.490463e+02
0.5 0.5 2500 360.284502 3.602845e+02
0.5 0.5 2500 358.358971 3.583590e+02
0.5 0.5 2500 348.901669 3.489017e+02
0.5 0.5 2500 340.685175 3.406852e+02
0.5 0.5 2500 348.436564 3.484366e+02
0.5 0.5 2500 347.407467 3.474075e+02
0.5 0.5 2500 339.671714 3.396717e+02
0.5 0.5 2500 336.050492 3.360505e+02
0.5 0.5 2500 325.510715 3.255107e+02
0.5 0.5 2500 336.355796 3.363558e+02
0.5 0.5 2500 331.539909 3.315399e+02
0.5 0.5 2500 303.128421 3.031284e+02
0.5 0.5 2500 343.341685 3.433417e+02
0.5 0.5 2500 348.937707 3.489377e+02
2.931651e+02 3.645953e+02 3.406112e+02 3.431185e+02 1.679373e+01
0.5 0.6 2500 399.962065 3.999621e+02
0.5 0.6 2500 386.271215 3.862712e+02
0.5 0.6 2500 387.380822 3.873808e+02
0.5 0.6 2500 400.883861 4.008839e+02
0.5 0.6 2500 386.031122 3.860311e+02
0.5 0.6 2500 404.552370 4.045524e+02
0.5 0.6 2500 381.724883 3.817249e+02
0.5 0.6 2500 353.841226 3.538412e+02
0.5 0.6 2500 417.456910 4.174569e+02
0.5 0.6 2500 388.941020 3.889410e+02
0.5 0.6 2500 416.933447 4.169334e+02
0.5 0.6 2500 371.446111 3.714461e+02
0.5 0.6 2500 405.878680 4.058787e+02
0.5 0.6 2500 401.676533 4.016765e+02
0.5 0.6 2500 399.721881 3.997219e+02
0.5 0.6 2500 351.988950 3.519890e+02
0.5 0.6 2500 381.900682 3.819007e+02
0.5 0.6 2500 404.509484 4.045095e+02
0.5 0.6 2500 377.562710 3.775627e+02
0.5 0.6 2500 403.465827 4.034658e+02
0.5 0.6 2500 398.103864 3.981039e+02
0.5 0.6 2500 400.663331 4.006633e+02
0.5 0.6 2500 363.572761 3.635728e+02
0.5 0.6 2500 382.650445 3.826504e+02
0.5 0.6 2500 362.717772 3.627178e+02
0.5 0.6 2500 403.100337 4.031003e+02
0.5 0.6 2500 385.957321 3.859573e+02
0.5 0.6 2500 398.163023 3.981630e+02
0.5 0.6 2500 373.492570 3.734926e+02
0.5 0.6 2500 372.325701 3.723257e+02
3.519890e+02 4.174569e+02 3.887626e+02 3.881609e+02 1.700608e+01
0.5 0.7 2500 486.484059 4.864841e+02
0.5 0.7 2500 477.691494 4.776915e+02
0.5 0.7 2500 438.503293 4.385033e+02
0.5 0.7 2500 431.799736 4.317997e+02
0.5 0.7 2500 443.190227 4.431902e+02
0.5 0.7 2500 446.852070 4.468521e+02
0.5 0.7 2500 436.530604 4.365306e+02
0.5 0.7 2500 465.124537 4.651245e+02
0.5 0.7 2500 445.359780 4.453598e+02
0.5 0.7 2500 365.668420 3.656684e+02
0.5 0.7 2500 458.471749 4.584717e+02
0.5 0.7 2500 465.429441 4.654294e+02
0.5 0.7 2500 440.819808 4.408198e+02
0.5 0.7 2500 449.113740 4.491137e+02
0.5 0.7 2500 481.027345 4.810273e+02
0.5 0.7 2500 439.239470 4.392395e+02
0.5 0.7 2500 435.613990 4.356140e+02
0.5 0.7 2500 463.199414 4.631994e+02
0.5 0.7 2500 442.259257 4.422593e+02
0.5 0.7 2500 409.807105 4.098071e+02
0.5 0.7 2500 464.719721 4.647197e+02
0.5 0.7 2500 490.091870 4.900919e+02
0.5 0.7 2500 471.555656 4.715557e+02
0.5 0.7 2500 461.943605 4.619436e+02
0.5 0.7 2500 456.717341 4.567173e+02
0.5 0.7 2500 454.507240 4.545072e+02
0.5 0.7 2500 434.154511 4.341545e+02
0.5 0.7 2500 451.103322 4.511033e+02
0.5 0.7 2500 447.382525 4.473825e+02
0.5 0.7 2500 420.406100 4.204061e+02
3.656684e+02 4.900919e+02 4.491589e+02 4.482481e+02 2.401498e+01
0.5 0.8 2500 498.189571 4.981896e+02
0.5 0.8 2500 498.018398 4.980184e+02
0.5 0.8 2500 482.539580 4.825396e+02
0.5 0.8 2500 564.487458 5.644875e+02
0.5 0.8 2500 524.644162 5.246442e+02
0.5 0.8 2500 525.441355 5.254414e+02
0.5 0.8 2500 517.384118 5.173841e+02
0.5 0.8 2500 456.525463 4.565255e+02
0.5 0.8 2500 509.676113 5.096761e+02
0.5 0.8 2500 564.204125 5.642041e+02
0.5 0.8 2500 497.150240 4.971502e+02
0.5 0.8 2500 528.633497 5.286335e+02
0.5 0.8 2500 540.569249 5.405692e+02
0.5 0.8 2500 522.583439 5.225834e+02
0.5 0.8 2500 557.949355 5.579494e+02
0.5 0.8 2500 563.354351 5.633544e+02
0.5 0.8 2500 542.237900 5.422379e+02
0.5 0.8 2500 503.836375 5.038364e+02
0.5 0.8 2500 475.193415 4.751934e+02
0.5 0.8 2500 498.628238 4.986282e+02
0.5 0.8 2500 534.804806 5.348048e+02
0.5 0.8 2500 499.734683 4.997347e+02
0.5 0.8 2500 544.775669 5.447757e+02
0.5 0.8 2500 553.092471 5.530925e+02
0.5 0.8 2500 573.672524 5.736725e+02
0.5 0.8 2500 547.251158 5.472512e+02
0.5 0.8 2500 556.535722 5.565357e+02
0.5 0.8 2500 486.742603 4.867426e+02
0.5 0.8 2500 568.677836 5.686778e+02
0.5 0.8 2500 486.894048 4.868940e+02
4.565255e+02 5.736725e+02 5.241143e+02 5.250428e+02 3.131351e+01
0.5 0.9 2500 647.308280 6.473083e+02
0.5 0.9 2500 554.764810 5.547648e+02
0.5 0.9 2500 604.346850 6.043468e+02
0.5 0.9 2500 592.089820 5.920898e+02
0.5 0.9 2500 627.044203 6.270442e+02
0.5 0.9 2500 637.957337 6.379573e+02
0.5 0.9 2500 654.920316 6.549203e+02
0.5 0.9 2500 531.708170 5.317082e+02
0.5 0.9 2500 577.139400 5.771394e+02
0.5 0.9 2500 578.173154 5.781732e+02
0.5 0.9 2500 605.149125 6.051491e+02
0.5 0.9 2500 489.992300 4.899923e+02
0.5 0.9 2500 597.237786 5.972378e+02
0.5 0.9 2500 585.927826 5.859278e+02
0.5 0.9 2500 687.856241 6.878562e+02
0.5 0.9 2500 660.079305 6.600793e+02
0.5 0.9 2500 599.139687 5.991397e+02
0.5 0.9 2500 588.043939 5.880439e+02
0.5 0.9 2500 651.011047 6.510110e+02
0.5 0.9 2500 615.290978 6.152910e+02
0.5 0.9 2500 610.615613 6.106156e+02
0.5 0.9 2500 511.984972 5.119850e+02
0.5 0.9 2500 679.476627 6.794766e+02
0.5 0.9 2500 536.037000 5.360370e+02
0.5 0.9 2500 517.248854 5.172489e+02
0.5 0.9 2500 557.293045 5.572930e+02
0.5 0.9 2500 614.540236 6.145402e+02
0.5 0.9 2500 539.148935 5.391489e+02
0.5 0.9 2500 575.845346 5.758453e+02
0.5 0.9 2500 499.838809 4.998388e+02
4.899923e+02 6.878562e+02 5.909070e+02 5.946638e+02 5.191241e+01
0.5 1.0 2500 567.095263 5.670953e+02
0.5 1.0 2500 550.845633 5.508456e+02
0.5 1.0 2500 598.858955 5.988590e+02
0.5 1.0 2500 515.484725 5.154847e+02
0.5 1.0 2500 567.527809 5.675278e+02
0.5 1.0 2500 521.661799 5.216618e+02
0.5 1.0 2500 497.480842 4.974808e+02
0.5 1.0 2500 541.871632 5.418716e+02
0.5 1.0 2500 632.126826 6.321268e+02
0.5 1.0 2500 554.806908 5.548069e+02
0.5 1.0 2500 699.373273 6.993733e+02
0.5 1.0 2500 542.725823 5.427258e+02
0.5 1.0 2500 552.417337 5.524173e+02
0.5 1.0 2500 541.745001 5.417450e+02
0.5 1.0 2500 546.283608 5.462836e+02
0.5 1.0 2500 714.052665 7.140527e+02
0.5 1.0 2500 553.945461 5.539455e+02
0.5 1.0 2500 588.417551 5.884176e+02
0.5 1.0 2500 511.773766 5.117738e+02
0.5 1.0 2500 580.833036 5.808330e+02
0.5 1.0 2500 522.732209 5.227322e+02
0.5 1.0 2500 705.716755 7.057168e+02
0.5 1.0 2500 668.199050 6.681991e+02
0.5 1.0 2500 556.354588 5.563546e+02
0.5 1.0 2500 667.293957 6.672940e+02
0.5 1.0 2500 584.792253 5.847923e+02
0.5 1.0 2500 495.559078 4.955591e+02
0.5 1.0 2500 578.057804 5.780578e+02
0.5 1.0 2500 582.553499 5.825535e+02
0.5 1.0 2500 533.637291 5.336373e+02
4.955591e+02 7.140527e+02 5.758075e+02 5.555807e+02 5.969716e+01
0.6 0.1 2500 422.838553 4.228386e+02
0.6 0.1 2500 395.604668 3.956047e+02
0.6 0.1 2500 368.313171 3.683132e+02
0.6 0.1 2500 382.466083 3.824661e+02
0.6 0.1 2500 434.336630 4.343366e+02
0.6 0.1 2500 405.171414 4.051714e+02
0.6 0.1 2500 414.333333 4.143333e+02
0.6 0.1 2500 436.090066 4.360901e+02
0.6 0.1 2500 364.520001 3.645200e+02
0.6 0.1 2500 391.065897 3.910659e+02
0.6 0.1 2500 405.276378 4.052764e+02
0.6 0.1 2500 389.478809 3.894788e+02
0.6 0.1 2500 373.131476 3.731315e+02
0.6 0.1 2500 400.275024 4.002750e+02
0.6 0.1 2500 420.725225 4.207252e+02
0.6 0.1 2500 403.098271 4.030983e+02
0.6 0.1 2500 411.738423 4.117384e+02
0.6 0.1 2500 415.347382 4.153474e+02
0.6 0.1 2500 395.469723 3.954697e+02
0.6 0.1 2500 403.037953 4.030380e+02
0.6 0.1 2500 424.456911 4.244569e+02
0.6 0.1 2500 380.222790 3.802228e+02
0.6 0.1 2500 385.844418 3.858444e+02
0.6 0.1 2500 387.790395 3.877904e+02
0.6 0.1 2500 373.116540 3.731165e+02
0.6 0.1 2500 417.778876 4.177789e+02
0.6 0.1 2500 416.809184 4.168092e+02
0.6 0.1 2500 428.612877 4.286129e+02
0.6 0.1 2500 348.855753 3.488558e+02
0.6 0.1 2500 411.446877 4.114469e+02
3.488558e+02 4.360901e+02 4.002418e+02 4.030681e+02 2.147191e+01
0.6 0.2 2500 300.510005 3.005100e+02
0.6 0.2 2500 263.463791 2.634638e+02
0.6 0.2 2500 247.462962 2.474630e+02
0.6 0.2 2500 271.547529 2.715475e+02
0.6 0.2 2500 269.888318 2.698883e+02
0.6 0.2 2500 274.763429 2.747634e+02
0.6 0.2 2500 261.196262 2.611963e+02
0.6 0.2 2500 301.126292 3.011263e+02
0.6 0.2 2500 267.039570 2.670396e+02
0.6 0.2 2500 256.685150 2.566852e+02
0.6 0.2 2500 288.861467 2.888615e+02
0.6 0.2 2500 254.024924 2.540249e+02
0.6 0.2 2500 289.057655 2.890577e+02
0.6 0.2 2500 244.427104 2.444271e+02
0.6 0.2 2500 295.691318 2.956913e+02
0.6 0.2 2500 265.904138 2.659041e+02
0.6 0.2 2500 267.716186 2.677162e+02
0.6 0.2 2500 248.537260 2.485373e+02
0.6 0.2 2500 281.725029 2.817250e+02
0.6 0.2 2500 305.442245 3.054422e+02
0.6 0.2 2500 302.039804 3.020398e+02
0.6 0.2 2500 258.989516 2.589895e+02
0.6 0.2 2500 263.881005 2.638810e+02
0.6 0.2 2500 242.785041 2.427850e+02
0.6 0.2 2500 270.438038 2.704380e+02
0.6 0.2 2500 260.028604 2.600286e+02
0.6 0.2 2500 244.789170 2.447892e+02
0.6 0.2 2500 247.421595 2.474216e+02
0.6 0.2 2500 265.922959 2.659230e+02
0.6 0.2 2500 281.924157 2.819242e+02
2.427850e+02 3.054422e+02 2.697764e+02 2.664813e+02 1.846764e+01
0.6 0.3 2500 210.968065 2.109681e+02
0.6 0.3 2500 212.199135 2.121991e+02
0.6 0.3 2500 196.421269 1.964213e+02
0.6 0.3 2500 212.839819 2.128398e+02
0.6 0.3 2500 236.033321 2.360333e+02
0.6 0.3 2500 216.782249 2.167822e+02
0.6 0.3 2500 183.710750 1.837108e+02
0.6 0.3 2500 217.490829 2.174908e+02
0.6 0.3 2500 214.600367 2.146004e+02
0.6 0.3 2500 246.477309 2.464773e+02
0.6 0.3 2500 231.569000 2.315690e+02
0.6 0.3 2500 215.235663 2.152357e+02
0.6 0.3 2500 217.228480 2.172285e+02
0.6 0.3 2500 223.627821 2.236278e+02
0.6 0.3 2500 250.403130 2.504031e+02
0.6 0.3 2500 200.402228 2.004022e+02
0.6 0.3 2500 233.126442 2.331264e+02
0.6 0.3 2500 248.635446 2.486354e+02
0.6 0.3 2500 190.323994 1.903240e+02
0.6 0.3 2500 210.780813 2.107808e+02
0.6 0.3 2500 175.872535 1.758725e+02
0.6 0.3 2500 242.028247 2.420282e+02
0.6 0.3 2500 257.010086 2.570101e+02
0.6 0.3 2500 234.883775 2.348838e+02
0.6 0.3 2500 201.547445 2.015474e+02
0.6 0.3 2500 203.958040 2.039580e+02
0.6 0.3 2500 209.908800 2.099088e+02
0.6 0.3 2500 245.209977 2.452100e+02
0.6 0.3 2500 199.056970 1.990570e+02
0.6 0.3 2500 227.410430 2.274104e+02
1.758725e+02 2.570101e+02 2.188581e+02 2.160090e+02 2.027117e+01
0.6 0.4 2500 204.902171 2.049022e+02
0.6 0.4 2500 212.477208 2.124772e+02
0.6 0.4 2500 188.271292 1.882713e+02
0.6 0.4 2500 203.914998 2.039150e+02
0.6 0.4 2500 217.828354 2.178284e+02
0.6 0.4 2500 207.196757 2.071968e+02
0.6 0.4 2500 180.192807 1.801928e+02
0.6 0.4 2500 193.705286 1.937053e+02
0.6 0.4 2500 217.321727 2.173217e+02
0.6 0.4 2500 183.604244 1.836042e+02
0.6 0.4 2500 169.804381 1.698044e+02
0.6 0.4 2500 204.021642 2.040216e+02
0.6 0.4 2500 191.131787 1.911318e+02
0.6 0.4 2500 207.231533 2.072315e+02
0.6 0.4 2500 151.025542 1.510255e+02
0.6 0.4 2500 251.546373 2.515464e+02
0.6 0.4 2500 204.035531 2.040355e+02
0.6 0.4 2500 202.235645 2.022356e+02
0.6 0.4 2500 170.573291 1.705733e+02
0.6 0.4 2500 254.233612 2.542336e+02
0.6 0.4 2500 176.372571 1.763726e+02
0.6 0.4 2500 190.142505 1.901425e+02
0.6 0.4 2500 200.026755 2.000268e+02
0.6 0.4 2500 205.082190 2.050822e+02
0.6 0.4 2500 242.876829 2.428768e+02
0.6 0.4 2500 183.822229 1.838222e+02
0.6 0.4 2500 199.990614 1.999906e+02
0.6 0.4 2500 206.849563 2.068496e+02
0.6 0.4 2500 215.546574 2.155466e+02
0.6 0.4 2500 194.339486 1.943395e+02
1.510255e+02 2.542336e+02 2.010101e+02 2.030753e+02 2.214905e+01
0.6 0.5 2500 330.899436 3.308994e+02
0.6 0.5 2500 359.907251 3.599073e+02
0.6 0.5 2500 354.283955 3.542840e+02
0.6 0.5 2500 347.049944 3.470499e+02
0.6 0.5 2500 352.744093 3.527441e+02
0.6 0.5 2500 359.117353 3.591174e+02
0.6 0.5 2500 336.819128 3.368191e+02
0.6 0.5 2500 362.757505 3.627575e+02
0.6 0.5 2500 354.755645 3.547556e+02
0.6 0.5 2500 331.477030 3.314770e+02
0.6 0.5 2500 328.728797 3.287288e+02
0.6 0.5 2500 355.609703 3.556097e+02
0.6 0.5 2500 352.539381 3.525394e+02
0.6 0.5 2500 315.886046 3.158860e+02
0.6 0.5 2500 349.490250 3.494903e+02
0.6 0.5 2500 349.701986 3.497020e+02
0.6 0.5 2500 358.192216 3.581922e+02
0.6 0.5 2500 346.615290 3.466153e+02
0.6 0.5 2500 340.275413 3.402754e+02
0.6 0.5 2500 350.169114 3.501691e+02
0.6 0.5 2500 310.843515 3.108435e+02
0.6 0.5 2500 334.545698 3.345457e+02
0.6 0.5 2500 340.796352 3.407964e+02
0.6 0.5 2500 354.906617 3.549066e+02
0.6 0.5 2500 368.666181 3.686662e+02
0.6 0.5 2500 340.509889 3.405099e+02
0.6 0.5 2500 331.826425 3.318264e+02
0.6 0.5 2500 330.957339 3.309573e+02
0.6 0.5 2500 357.577565 3.575776e+02
0.6 0.5 2500 350.914354 3.509144e+02
3.108435e+02 3.686662e+02 3.452854e+02 3.495961e+02 1.355758e+01
0.6 0.6 2500 387.001092 3.870011e+02
0.6 0.6 2500 387.543054 3.875431e+02
0.6 0.6 2500 388.861825 3.888618e+02
0.6 0.6 2500 393.629870 3.936299e+02
0.6 0.6 2500 362.544077 3.625441e+02
0.6 0.6 2500 384.995921 3.849959e+02
0.6 0.6 2500 392.417766 3.924178e+02
0.6 0.6 2500 405.407749 4.054077e+02
0.6 0.6 2500 387.195394 3.871954e+02
0.6 0.6 2500 360.747455 3.607475e+02
0.6 0.6 2500 390.115228 3.901152e+02
0.6 0.6 2500 387.490798 3.874908e+02
0.6 0.6 2500 374.384900 3.743849e+02
0.6 0.6 2500 376.085947 3.760859e+02
0.6 0.6 2500 400.759987 4.007600e+02
0.6 0.6 2500 395.193067 3.951931e+02
0.6 0.6 2500 383.594642 3.835946e+02
0.6 0.6 2500 384.889378 3.848894e+02
0.6 0.6 2500 385.513591 3.855136e+02
0.6 0.6 2500 393.907783 3.939078e+02
0.6 0.6 2500 393.013588 3.930136e+02
0.6 0.6 2500 382.579037 3.825790e+02
0.6 0.6 2500 387.946839 3.879468e+02
0.6 0.6 2500 337.751548 3.377515e+02
0.6 0.6 2500 407.745492 4.077455e+02
0.6 0.6 2500 376.984424 3.769844e+02
0.6 0.6 2500 394.676298 3.946763e+02
0.6 0.6 2500 393.310698 3.933107e+02
0.6 0.6 2500 371.535053 3.715351e+02
0.6 0.6 2500 391.767093 3.917671e+02
3.377515e+02 4.077455e+02 3.853197e+02 3.875169e+02 1.367057e+01
0.6 0.7 2500 441.675511 4.416755e+02
0.6 0.7 2500 426.333716 4.263337e+02
0.6 0.7 2500 454.552401 4.545524e+02
0.6 0.7 2500 426.582150 4.265822e+02
0.6 0.7 2500 412.177660 4.121777e+02
0.6 0.7 2500 424.123993 4.241240e+02
0.6 0.7 2500 465.899609 4.658996e+02
0.6 0.7 2500 482.104240 4.821042e+02
0.6 0.7 2500 431.798371 4.317984e+02
0.6 0.7 2500 447.933308 4.479333e+02
0.6 0.7 2500 451.358501 4.513585e+02
0.6 0.7 2500 419.829079 4.198291e+02
0.6 0.7 2500 448.807104 4.488071e+02
0.6 0.7 2500 452.863840 4.528638e+02
0.6 0.7 2500 448.475208 4.484752e+02
0.6 0.7 2500 439.558564 4.395586e+02
0.6 0.7 2500 435.813472 4.358135e+02
0.6 0.7 2500 456.325984 4.563260e+02
0.6 0.7 2500 449.998019 4.499980e+02
0.6 0.7 2500 422.651216 4.226512e+02
0.6 0.7 2500 447.202092 4.472021e+02
0.6 0.7 2500 425.624564 4.256246e+02
0.6 0.7 2500 397.890261 3.978903e+02
0.6 0.7 2500 437.026951 4.370270e+02
0.6 0.7 2500 455.225853 4.552259e+02
0.6 0.7 2500 408.780283 4.087803e+02
0.6 0.7 2500 456.370615 4.563706e+02
0.6 0.7 2500 458.112912 4.581129e+02
0.6 0.7 2500 462.392097 4.623921e+02
0.6 0.7 2500 429.697034 4.296970e+02
3.978903e+02 4.821042e+02 4.405728e+02 4.444388e+02 1.840119e+01
0.6 0.8 2500 486.956765 4.869568e+02
0.6 0.8 2500 484.730731 4.847307e+02
0.6 0.8 2500 510.242719 5.102427e+02
0.6 0.8 2500 485.497154 4.854972e+02
0.6 0.8 2500 486.395004 4.863950e+02
0.6 0.8 2500 518.980020 5.189800e+02
0.6 0.8 2500 519.354219 5.193542e+02
0.6 0.8 2500 450.093216 4.500932e+02
0.6 0.8 2500 542.149262 5.421493e+02
0.6 0.8 2500 426.019917 4.260199e+02
0.6 0.8 2500 434.009295 4.340093e+02
0.6 0.8 2500 467.859440 4.678594e+02
0.6 0.8 2500 490.549562 4.905496e+02
0.6 0.8 2500 526.076757 5.260768e+02
0.6 0.8 2500 513.324665 5.133247e+02
0.6 0.8 2500 486.135384 4.861354e+02
0.6 0.8 2500 477.864088 4.778641e+02
0.6 0.8 2500 507.561902 5.075619e+02
0.6 0.8 2500 473.762367 4.737624e+02
0.6 0.8 2500 514.730945 5.147309e+02
0.6 0.8 2500 451.949068 4.519491e+02
0.6 0.8 2500 506.405417 5.064054e+02
0.6 0.8 2500 546.085274 5.460853e+02
0.6 0.8 2500 539.436422 5.394364e+02
0.6 0.8 2500 510.118768 5.101188e+02
0.6 0.8 2500 440.346546 4.403465e+02
0.6 0.8 2500 525.615998 5.256160e+02
0.6 0.8 2500 530.812124 5.308121e+02
0.6 0.8 2500 496.642189 4.966422e+02
0.6 0.8 2500 458.950744 4.589507e+02
4.260199e+02 5.460853e+02 4.936219e+02 4.935959e+02 3.221263e+01
0.6 0.9 2500 502.171838 5.021718e+02
0.6 0.9 2500 490.411361 4.904114e+02
0.6 0.9 2500 515.619075 5.156191e+02
0.6 0.9 2500 597.442332 5.974423e+02
0.6 0.9 2500 604.467468 6.044675e+02
0.6 0.9 2500 482.803443 4.828034e+02
0.6 0.9 2500 518.255924 5.182559e+02
0.6 0.9 2500 538.900321 5.389003e+02
0.6 0.9 2500 495.459773 4.954598e+02
0.6 0.9 2500 486.953981 4.869540e+02
0.6 0.9 2500 507.058986 5.070590e+02
0.6 0.9 2500 494.501639 4.945016e+02
0.6 0.9 2500 450.128914 4.501289e+02
0.6 0.9 2500 598.949185 5.989492e+02
0.6 0.9 2500 436.204388 4.362044e+02
0.6 0.9 2500 598.877860 5.988779e+02
0.6 0.9 2500 485.460812 4.854608e+02
0.6 0.9 2500 623.474584 6.234746e+02
0.6 0.9 2500 643.777830 6.437778e+02
0.6 0.9 2500 561.356436 5.613564e+02
0.6 0.9 2500 584.334570 5.843346e+02
0.6 0.9 2500 525.961126 5.259611e+02
0.6 0.9 2500 520.404028 5.204040e+02
0.6 0.9 2500 597.726679 5.977267e+02
0.6 0.9 2500 486.441738 4.864417e+02
0.6 0.9 2500 488.651011 4.886510e+02
0.6 0.9 2500 644.425132 6.444251e+02
0.6 0.9 2500 591.290399 5.912904e+02
0.6 0.9 2500 653.746627 6.537466e+02
0.6 0.9 2500 562.056231 5.620562e+02
4.362044e+02 6.537466e+02 5.429105e+02 5.231826e+02 6.019111e+01
0.6 1.0 2500 623.111473 6.231115e+02
0.6 1.0 2500 510.497609 5.104976e+02
0.6 1.0 2500 578.765829 5.787658e+02
0.6 1.0 2500 509.558077 5.095581e+02
0.6 1.0 2500 453.159201 4.531592e+02
0.6 1.0 2500 554.877578 5.548776e+02
0.6 1.0 2500 544.646218 5.446462e+02
0.6 1.0 2500 511.214471 5.112145e+02
0.6 1.0 2500 534.285291 5.342853e+02
0.6 1.0 2500 492.641036 4.926410e+02
0.6 1.0 2500 502.916178 5.029162e+02
0.6 1.0 2500 498.958358 4.989584e+02
0.6 1.0 2500 576.373056 5.763731e+02
0.6 1.0 2500 548.500926 5.485009e+02
0.6 1.0 2500 521.087736 5.210877e+02
0.6 1.0 2500 548.558407 5.485584e+02
0.6 1.0 2500 468.748212 4.687482e+02
0.6 1.0 2500 567.648852 5.676489e+02
0.6 1.0 2500 539.408214 5.394082e+02
0.6 1.0 2500 473.457739 4.734577e+02
0.6 1.0 2500 583.110452 5.831105e+02
0.6 1.0 2500 604.207008 6.042070e+02
0.6 1.0 2500 534.005512 5.340055e+02
0.6 1.0 2500 529.011013 5.290110e+02
0.6 1.0 2500 533.186322 5.331863e+02
0.6 1.0 2500 524.714292 5.247143e+02
0.6 1.0 2500 733.740073 7.337401e+02
0.6 1.0 2500 539.560843 5.395608e+02
0.6 1.0 2500 503.926047 5.039260e+02
0.6 1.0 2500 525.496246 5.254962e+02
4.531592e+02 7.337401e+02 5.389791e+02 5.335959e+02 5.218070e+01
0.7 0.1 2500 399.895573 3.998956e+02
0.7 0.1 2500 389.875627 3.898756e+02
0.7 0.1 2500 400.256167 4.002562e+02
0.7 0.1 2500 370.808540 3.708085e+02
0.7 0.1 2500 396.378616 3.963786e+02
0.7 0.1 2500 372.194105 3.721941e+02
0.7 0.1 2500 361.157421 3.611574e+02
0.7 0.1 2500 362.847314 3.628473e+02
0.7 0.1 2500 372.438974 3.724390e+02
0.7 0.1 2500 385.105590 3.851056e+02
0.7 0.1 2500 406.947494 4.069475e+02
0.7 0.1 2500 385.876354 3.858764e+02
0.7 0.1 2500 383.120156 3.831202e+02
0.7 0.1 2500 428.609654 4.286097e+02
0.7 0.1 2500 388.550317 3.885503e+02
0.7 0.1 2500 380.476828 3.804768e+02
0.7 0.1 2500 401.122627 4.011226e+02
0.7 0.1 2500 403.229597 4.032296e+02
0.7 0.1 2500 407.425069 4.074251e+02
0.7 0.1 2500 383.567456 3.835675e+02
0.7 0.1 2500 383.967802 3.839678e+02
0.7 0.1 2500 365.774170 3.657742e+02
0.7 0.1 2500 404.457819 4.044578e+02
0.7 0.1 2500 430.404060 4.304041e+02
0.7 0.1 2500 374.834646 3.748346e+02
0.7 0.1 2500 400.461796 4.004618e+02
0.7 0.1 2500 448.554493 4.485545e+02
0.7 0.1 2500 436.408754 4.364088e+02
0.7 0.1 2500 394.172128 3.941721e+02
0.7 0.1 2500 374.207821 3.742078e+02
3.611574e+02 4.485545e+02 3.931042e+02 3.892130e+02 2.142726e+01
0.7 0.2 2500 268.426109 2.684261e+02
0.7 0.2 2500 268.543656 2.685437e+02
0.7 0.2 2500 283.486071 2.834861e+02
0.7 0.2 2500 275.901915 2.759019e+02
0.7 0.2 2500 260.187135 2.601871e+02
0.7 0.2 2500 305.715808 3.057158e+02
0.7 0.2 2500 279.405428 2.794054e+02
0.7 0.2 2500 265.214119 2.652141e+02
0.7 0.2 2500 289.471961 2.894720e+02
0.7 0.2 2500 268.120881 2.681209e+02
0.7 0.2 2500 246.874446 2.468744e+02
0.7 0.2 2500 307.078634 3.070786e+02
0.7 0.2 2500 234.137033 2.341370e+02
0.7 0.2 2500 271.994057 2.719941e+02
0.7 0.2 2500 290.408934 2.904089e+02
0.7 0.2 2500 315.188157 3.151882e+02
0.7 0.2 2500 286.846858 2.868469e+02
0.7 0.2 2500 286.712053 2.867121e+02
0.7 0.2 2500 272.721668 2.727217e+02
0.7 0.2 2500 286.242833 2.862428e+02
0.7 0.2 2500 268.336040 2.683360e+02
0.7 0.2 2500 240.703473 2.407035e+02
0.7 0.2 2500 279.972301 2.799723e+02
0.7 0.2 2500 263.485020 2.634850e+02
0.7 0.2 2500 271.888519 2.718885e+02
0.7 0.2 2500 231.406365 2.314064e+02
0.7 0.2 2500 262.907971 2.629080e+02
0.7 0.2 2500 240.322043 2.403220e+02
0.7 0.2 2500 238.426230 2.384262e+02
0.7 0.2 2500 258.710030 2.587100e+02
2.314064e+02 3.151882e+02 2.706279e+02 2.702161e+02 2.091208e+01
0.7 0.3 2500 258.279359 2.582794e+02
0.7 0.3 2500 234.105776 2.341058e+02
0.7 0.3 2500 236.019993 2.360200e+02
0.7 0.3 2500 211.910181 2.119102e+02
0.7 0.3 2500 200.529805 2.005298e+02
0.7 0.3 2500 190.907081 1.909071e+02
0.7 0.3 2500 186.058478 1.860585e+02
0.7 0.3 2500 172.425120 1.724251e+02
0.7 0.3 2500 213.895498 2.138955e+02
0.7 0.3 2500 229.474459 2.294745e+02
0.7 0.3 2500 236.080614 2.360806e+02
0.7 0.3 2500 236.686448 2.366864e+02
0.7 0.3 2500 210.731905 2.107319e+02
0.7 0.3 2500 210.940971 2.109410e+02
0.7 0.3 2500 198.421974 1.984220e+02
0.7 0.3 2500 222.601603 2.226016e+02
0.7 0.3 2500 191.352629 1.913526e+02
0.7 0.3 2500 212.388948 2.123889e+02
0.7 0.3 2500 222.985802 2.229858e+02
0.7 0.3 2500 233.356933 2.333569e+02
0.7 0.3 2500 213.536719 2.135367e+02
0.7 0.3 2500 194.803908 1.948039e+02
0.7 0.3 2500 235.779785 2.357798e+02
0.7 0.3 2500 215.907144 2.159071e+02
0.7 0.3 2500 206.179554 2.061796e+02
0.7 0.3 2500 251.294430 2.512944e+02
0.7 0.3 2500 242.194307 2.421943e+02
0.7 0.3 2500 212.654534 2.126545e+02
0.7 0.3 2500 239.023304 2.390233e+02
0.7 0.3 2500 244.958904 2.449589e+02
1.724251e+02 2.582794e+02 2.188495e+02 2.149013e+02 2.049549e+01
0.7 0.4 2500 192.707732 1.927077e+02
0.7 0.4 2500 197.878104 1.978781e+02
0.7 0.4 2500 197.576062 1.975761e+02
0.7 0.4 2500 229.630356 2.296304e+02
0.7 0.4 2500 185.758111 1.857581e+02
0.7 0.4 2500 164.547370 1.645474e+02
0.7 0.4 2500 232.783271 2.327833e+02
0.7 0.4 2500 223.715184 2.237152e+02
0.7 0.4 2500 264.411890 2.644119e+02
0.7 0.4 2500 179.969941 1.799699e+02
0.7 0.4 2500 221.817397 2.218174e+02
0.7 0.4 2500 170.344749 1.703447e+02
0.7 0.4 2500 127.727384 1.277274e+02
0.7 0.4 2500 174.708511 1.747085e+02
0.7 0.4 2500 195.364078 1.953641e+02
0.7 0.4 2500 168.834697 1.688347e+02
0.7 0.4 2500 181.146110 1.811461e+02
0.7 0.4 2500 192.710022 1.927100e+02
0.7 0.4 2500 195.259900 1.952599e+02
0.7 0.4 2500 195.449158 1.954492e+02
0.7 0.4 2500 209.359818 2.093598e+02
0.7 0.4 2500 216.683782 2.166838e+02
0.7 0.4 2500 200.908511 2.009085e+02
0.7 0.4 2500 174.825040 1.748250e+02
0.7 0.4 2500 217.071468 2.170715e+02
0.7 0.4 2500 204.275650 2.042757e+02
0.7 0.4 2500 172.016440 1.720164e+02
0.7 0.4 2500 183.059180 1.830592e+02
0.7 0.4 2500 232.806605 2.328066e+02
0.7 0.4 2500 199.436776 1.994368e+02
1.277274e+02 2.644119e+02 1.967594e+02 1.954066e+02 2.607257e+01
0.7 0.5 2500 299.527738 2.995277e+02
0.7 0.5 2500 317.576786 3.175768e+02
0.7 0.5 2500 340.894845 3.408948e+02
0.7 0.5 2500 329.965755 3.299658e+02
0.7 0.5 2500 344.231738 3.442317e+02
0.7 0.5 2500 329.698486 3.296985e+02
0.7 0.5 2500 355.951627 3.559516e+02
0.7 0.5 2500 332.591027 3.325910e+02
0.7 0.5 2500 355.753632 3.557536e+02
0.7 0.5 2500 359.755558 3.597556e+02
0.7 0.5 2500 337.359573 3.373596e+02
0.7 0.5 2500 312.970398 3.129704e+02
0.7 0.5 2500 332.889879 3.328899e+02
0.7 0.5 2500 336.779723 3.367797e+02
0.7 0.5 2500 345.342467 3.453425e+02
0.7 0.5 2500 344.788424 3.447884e+02
0.7 0.5 2500 329.984205 3.299842e+02
0.7 0.5 2500 344.576926 3.445769e+02
0.7 0.5 2500 333.778111 3.337781e+02
0.7 0.5 2500 320.710798 3.207108e+02
0.7 0.5 2500 332.257235 3.322572e+02
0.7 0.5 2500 327.158129 3.271581e+02
0.7 0.5 2500 302.693251 3.026933e+02
0.7 0.5 2500 350.773560 3.507736e+02
0.7 0.5 2500 348.493241 3.484932e+02
0.7 0.5 2500 351.686894 3.516869e+02
0.7 0.5 2500 340.903889 3.409039e+02
0.7 0.5 2500 353.732499 3.537325e+02
0.7 0.5 2500 277.930773 2.779308e+02
0.7 0.5 2500 337.795162 3.377952e+02
2.779308e+02 3.597556e+02 3.342851e+02 3.370696e+02 1.798576e+01
0.7 0.6 2500 348.021745 3.480217e+02
0.7 0.6 2500 356.498516 3.564985e+02
0.7 0.6 2500 384.919088 3.849191e+02
0.7 0.6 2500 380.444388 3.804444e+02
0.7 0.6 2500 383.887008 3.838870e+02
0.7 0.6 2500 363.587554 3.635876e+02
0.7 0.6 2500 385.925073 3.859251e+02
0.7 0.6 2500 363.480061 3.634801e+02
0.7 0.6 2500 389.441615 3.894416e+02
0.7 0.6 2500 384.966796 3.849668e+02
0.7 0.6 2500 395.141350 3.951413e+02
0.7 0.6 2500 393.768491 3.937685e+02
0.7 0.6 2500 364.576330 3.645763e+02
0.7 0.6 2500 389.808985 3.898090e+02
0.7 0.6 2500 368.060012 3.680600e+02
0.7 0.6 2500 342.374449 3.423744e+02
0.7 0.6 2500 390.895685 3.908957e+02
0.7 0.6 2500 381.882156 3.818822e+02
0.7 0.6 2500 396.701513 3.967015e+02
0.7 0.6 2500 367.710949 3.677109e+02
0.7 0.6 2500 390.334757 3.903348e+02
0.7 0.6 2500 372.826131 3.728261e+02
0.7 0.6 2500 381.496845 3.814968e+02
0.7 0.6 2500 373.624652 3.736247e+02
0.7 0.6 2500 360.921753 3.609218e+02
0.7 0.6 2500 379.938294 3.799383e+02
0.7 0.6 2500 351.263205 3.512632e+02
0.7 0.6 2500 395.895831 3.958958e+02
0.7 0.6 2500 328.825444 3.288254e+02
0.7 0.6 2500 370.874011 3.708740e+02
3.288254e+02 3.967015e+02 3.746031e+02 3.801913e+02 1.697152e+01
0.7 0.7 2500 458.295919 4.582959e+02
0.7 0.7 2500 462.790333 4.627903e+02
0.7 0.7 2500 432.942637 4.329426e+02
0.7 0.7 2500 406.234127 4.062341e+02
0.7 0.7 2500 421.199146 4.211991e+02
0.7 0.7 2500 432.954793 4.329548e+02
0.7 0.7 2500 427.800506 4.278005e+02
0.7 0.7 2500 39