0 0.000000 0.000000 200 61291.079366
0 0.000000 0.100000 200 51334.265917
0 0.000000 0.200000 200 69059.202923
0 0.000000 0.300000 200 65760.487774
0 0.000000 0.400000 200 57800.003725
0 0.000000 0.500000 200 67510.973233
0 0.000000 0.600000 200 60176.753573
0 0.000000 0.700000 200 57891.548121
0 0.000000 0.800000 200 54154.957022
0 0.000000 0.900000 200 46584.612645
0 0.000000 1.000000 200 48444.646112
0 0.100000 0.000000 200 68583.096475
0 0.100000 0.100000 200 4312.878167
0 0.100000 0.200000 200 17876.284724
0 0.100000 0.300000 200 44685.692867
0 0.100000 0.400000 200 49645.480308
0 0.100000 0.500000 200 55046.967531
0 0.100000 0.600000 200 55302.425675
0 0.100000 0.700000 200 60111.064380
0 0.100000 0.800000 200 50289.652018
0 0.100000 0.900000 200 52374.593313
0 0.100000 1.000000 200 59982.547128
0 0.200000 0.000000 200 58165.277243
0 0.200000 0.100000 200 2427.572122
0 0.200000 0.200000 200 23322.371132
0 0.200000 0.300000 200 4340.772709
0 0.200000 0.400000 200 39470.047768
0 0.200000 0.500000 200 27481.696073
0 0.200000 0.600000 200 24383.115782
0 0.200000 0.700000 200 54077.315903
0 0.200000 0.800000 200 58175.175531
0 0.200000 0.900000 200 59710.069281
0 0.200000 1.000000 200 36625.201669
0 0.300000 0.000000 200 51692.248287
0 0.300000 0.100000 200 731.554902
0 0.300000 0.200000 200 13381.307300
0 0.300000 0.300000 200 6572.232166
0 0.300000 0.400000 200 27386.912116
0 0.300000 0.500000 200 25073.176244
0 0.300000 0.600000 200 31708.812263
0 0.300000 0.700000 200 17966.760769
0 0.300000 0.800000 200 44647.432453
0 0.300000 0.900000 200 52337.136349
0 0.300000 1.000000 200 52678.059313
0 0.400000 0.000000 200 58147.105577
0 0.400000 0.100000 200 659.232454
0 0.400000 0.200000 200 2256.713747
0 0.400000 0.300000 200 16787.736739
0 0.400000 0.400000 200 30249.430767
0 0.400000 0.500000 200 10721.655939
0 0.400000 0.600000 200 21120.093753
0 0.400000 0.700000 200 46191.840597
0 0.400000 0.800000 200 34670.578010
0 0.400000 0.900000 200 41325.358965
0 0.400000 1.000000 200 53284.111841
0 0.500000 0.000000 200 56722.741364
0 0.500000 0.100000 200 215.783807
0 0.500000 0.200000 200 3819.635240
0 0.500000 0.300000 200 5029.767477
0 0.500000 0.400000 200 6448.026521
0 0.500000 0.500000 200 23239.258941
0 0.500000 0.600000 200 22683.544611
0 0.500000 0.700000 200 49861.578194
0 0.500000 0.800000 200 37714.617016
0 0.500000 0.900000 200 24759.176145
0 0.500000 1.000000 200 42729.839105
0 0.600000 0.000000 200 64081.856554
0 0.600000 0.100000 200 481.382429
0 0.600000 0.200000 200 1397.662091
0 0.600000 0.300000 200 2489.421004
0 0.600000 0.400000 200 15165.025451
0 0.600000 0.500000 200 29530.707155
0 0.600000 0.600000 200 26000.885367
0 0.600000 0.700000 200 26561.140567
0 0.600000 0.800000 200 46991.782011
0 0.600000 0.900000 200 37651.022254
0 0.600000 1.000000 200 50740.227079
0 0.700000 0.000000 200 69081.527097
0 0.700000 0.100000 200 331.927049
0 0.700000 0.200000 200 1414.494067
0 0.700000 0.300000 200 5645.380980
0 0.700000 0.400000 200 5395.927796
0 0.700000 0.500000 200 9300.402368
0 0.700000 0.600000 200 15637.102331
0 0.700000 0.700000 200 13824.417615
0 0.700000 0.800000 200 7667.010163
0 0.700000 0.900000 200 26689.416696
0 0.700000 1.000000 200 44750.603588
0 0.800000 0.000000 200 70266.313923
0 0.800000 0.100000 200 434.353201
0 0.800000 0.200000 200 604.044123
0 0.800000 0.300000 200 4566.164173
0 0.800000 0.400000 200 17263.132744
0 0.800000 0.500000 200 8157.434099
0 0.800000 0.600000 200 14166.339696
0 0.800000 0.700000 200 23802.118272
0 0.800000 0.800000 200 29652.183159
0 0.800000 0.900000 200 38453.049294
0 0.800000 1.000000 200 41551.665999
0 0.900000 0.000000 200 55392.441323
0 0.900000 0.100000 200 568.394001
0 0.900000 0.200000 200 1609.540943
0 0.900000 0.300000 200 4786.318070
0 0.900000 0.400000 200 12329.167172
0 0.900000 0.500000 200 6792.610301
0 0.900000 0.600000 200 22487.176164
0 0.900000 0.700000 200 32757.647249
0 0.900000 0.800000 200 26149.478728
0 0.900000 0.900000 200 45958.052094
0 0.900000 1.000000 200 34298.678302
0 1.000000 0.000000 200 69150.917209
0 1.000000 0.100000 200 554.815359
0 1.000000 0.200000 200 915.863561
0 1.000000 0.300000 200 3945.489050
0 1.000000 0.400000 200 16112.063549
0 1.000000 0.500000 200 8314.006705
0 1.000000 0.600000 200 25398.896213
0 1.000000 0.700000 200 21647.961619
0 1.000000 0.800000 200 29635.684139
0 1.000000 0.900000 200 39592.211089
0 1.000000 1.000000 200 38241.211114
1 0.000000 0.000000 200 2201761871.641458
1 0.000000 0.100000 200 743286620.295565
1 0.000000 0.200000 200 1744423080.024997
1 0.000000 0.300000 200 1125122202.400501
1 0.000000 0.400000 200 926107461.419509
1 0.000000 0.500000 200 932029620.858327
1 0.000000 0.600000 200 546018321.309496
1 0.000000 0.700000 200 1191190713.274876
1 0.000000 0.800000 200 1172395256.453375
1 0.000000 0.900000 200 737658697.892411
1 0.000000 1.000000 200 2175366294.300651
1 0.100000 0.000000 200 1097262623.291446
1 0.100000 0.100000 200 665972466.426356
1 0.100000 0.200000 200 477651466.981838
1 0.100000 0.300000 200 843669321.210624
1 0.100000 0.400000 200 986235326.473576
1 0.100000 0.500000 200 710138585.394703
1 0.100000 0.600000 200 407581614.832711
1 0.100000 0.700000 200 880444485.961734
1 0.100000 0.800000 200 821471109.546924
1 0.100000 0.900000 200 611982758.372062
1 0.100000 1.000000 200 340169469.251821
1 0.200000 0.000000 200 1310030769.814770
1 0.200000 0.100000 200 280915491.566817
1 0.200000 0.200000 200 735480842.044168
1 0.200000 0.300000 200 353151709.105158
1 0.200000 0.400000 200 747432306.759179
1 0.200000 0.500000 200 316310386.028620
1 0.200000 0.600000 200 546263906.764188
1 0.200000 0.700000 200 949719765.732220
1 0.200000 0.800000 200 676292374.393542
1 0.200000 0.900000 200 643818572.725019
1 0.200000 1.000000 200 581094225.366057
1 0.300000 0.000000 200 1134409605.618293
1 0.300000 0.100000 200 76504773.370755
1 0.300000 0.200000 200 600837084.477796
1 0.300000 0.300000 200 688156041.496066
1 0.300000 0.400000 200 410419031.796190
1 0.300000 0.500000 200 610868483.670722
1 0.300000 0.600000 200 828664959.918352
1 0.300000 0.700000 200 440595386.054884
1 0.300000 0.800000 200 365176628.238739
1 0.300000 0.900000 200 407670604.254190
1 0.300000 1.000000 200 524661656.696497
1 0.400000 0.000000 200 635066320.089100
1 0.400000 0.100000 200 75189579.747485
1 0.400000 0.200000 200 160935833.240101
1 0.400000 0.300000 200 177821330.396514
1 0.400000 0.400000 200 322688990.716060
1 0.400000 0.500000 200 405699338.327969
1 0.400000 0.600000 200 764070687.925116
1 0.400000 0.700000 200 1144092088.040776
1 0.400000 0.800000 200 514225111.957711
1 0.400000 0.900000 200 543773120.110029
1 0.400000 1.000000 200 689930286.994829
1 0.500000 0.000000 200 733273563.012897
1 0.500000 0.100000 200 78948432.981897
1 0.500000 0.200000 200 116966535.240383
1 0.500000 0.300000 200 276526812.780694
1 0.500000 0.400000 200 318254182.747579
1 0.500000 0.500000 200 634840162.813179
1 0.500000 0.600000 200 574231337.118327
1 0.500000 0.700000 200 515361772.546914
1 0.500000 0.800000 200 472772034.383414
1 0.500000 0.900000 200 519917858.877969
1 0.500000 1.000000 200 305268483.470189
1 0.600000 0.000000 200 852412753.714561
1 0.600000 0.100000 200 113126346.687540
1 0.600000 0.200000 200 133155502.068617
1 0.600000 0.300000 200 146606840.139357
1 0.600000 0.400000 200 273965437.051546
1 0.600000 0.500000 200 245117151.067052
1 0.600000 0.600000 200 521697032.092712
1 0.600000 0.700000 200 286721688.744429
1 0.600000 0.800000 200 610492377.178125
1 0.600000 0.900000 200 496919557.891081
1 0.600000 1.000000 200 724883897.232427
1 0.700000 0.000000 200 980201999.273672
1 0.700000 0.100000 200 54547257.442163
1 0.700000 0.200000 200 124674289.122337
1 0.700000 0.300000 200 89495778.176332
1 0.700000 0.400000 200 216198007.050506
1 0.700000 0.500000 200 285858387.862550
1 0.700000 0.600000 200 570419554.820350
1 0.700000 0.700000 200 200516710.894553
1 0.700000 0.800000 200 450088438.990681
1 0.700000 0.900000 200 841106069.558835
1 0.700000 1.000000 200 305654727.461378
1 0.800000 0.000000 200 845304851.804270
1 0.800000 0.100000 200 18304268.241580
1 0.800000 0.200000 200 97691681.118996
1 0.800000 0.300000 200 135138264.185594
1 0.800000 0.400000 200 243234755.758709
1 0.800000 0.500000 200 286071806.645970
1 0.800000 0.600000 200 287868744.223057
1 0.800000 0.700000 200 537001403.619991
1 0.800000 0.800000 200 319631287.507177
1 0.800000 0.900000 200 548448069.135744
1 0.800000 1.000000 200 505427845.752211
1 0.900000 0.000000 200 1139318819.091011
1 0.900000 0.100000 200 27476710.647190
1 0.900000 0.200000 200 71767151.885022
1 0.900000 0.300000 200 191098465.614951
1 0.900000 0.400000 200 172461196.779914
1 0.900000 0.500000 200 208874625.605082
1 0.900000 0.600000 200 327184225.443467
1 0.900000 0.700000 200 413095590.280284
1 0.900000 0.800000 200 367877272.542064
1 0.900000 0.900000 200 279935719.425357
1 0.900000 1.000000 200 483177801.698865
1 1.000000 0.000000 200 808889197.970014
1 1.000000 0.100000 200 22315740.443681
1 1.000000 0.200000 200 34792056.626238
1 1.000000 0.300000 200 276925890.130965
1 1.000000 0.400000 200 293956680.111584
1 1.000000 0.500000 200 105244749.913643
1 1.000000 0.600000 200 300215400.571824
1 1.000000 0.700000 200 489239124.979526
1 1.000000 0.800000 200 273005157.004234
1 1.000000 0.900000 200 441241529.383078
1 1.000000 1.000000 200 560791701.970993
2 0.000000 0.000000 200 89249.435546
2 0.000000 0.100000 200 89729.462521
2 0.000000 0.200000 200 79597.084922
2 0.000000 0.300000 200 57313.910196
2 0.000000 0.400000 200 63793.603923
2 0.000000 0.500000 200 54371.038637
2 0.000000 0.600000 200 67322.014941
2 0.000000 0.700000 200 59024.570143
2 0.000000 0.800000 200 78393.462356
2 0.000000 0.900000 200 79929.745304
2 0.000000 1.000000 200 69288.683870
2 0.100000 0.000000 200 79347.263412
2 0.100000 0.100000 200 26180.554387
2 0.100000 0.200000 200 40335.370444
2 0.100000 0.300000 200 74089.268473
2 0.100000 0.400000 200 62358.235100
2 0.100000 0.500000 200 69737.070478
2 0.100000 0.600000 200 71029.630470
2 0.100000 0.700000 200 60240.518266
2 0.100000 0.800000 200 44541.761101
2 0.100000 0.900000 200 72450.224153
2 0.100000 1.000000 200 88992.364579
2 0.200000 0.000000 200 68575.332798
2 0.200000 0.100000 200 42668.204387
2 0.200000 0.200000 200 43868.924665
2 0.200000 0.300000 200 58730.509853
2 0.200000 0.400000 200 56666.148254
2 0.200000 0.500000 200 53276.838279
2 0.200000 0.600000 200 51126.293766
2 0.200000 0.700000 200 66745.751877
2 0.200000 0.800000 200 61067.244872
2 0.200000 0.900000 200 54053.934835
2 0.200000 1.000000 200 48167.977454
2 0.300000 0.000000 200 79601.989286
2 0.300000 0.100000 200 24704.868815
2 0.300000 0.200000 200 36697.150771
2 0.300000 0.300000 200 42944.854885
2 0.300000 0.400000 200 48198.869361
2 0.300000 0.500000 200 60400.037079
2 0.300000 0.600000 200 63189.143419
2 0.300000 0.700000 200 65567.077973
2 0.300000 0.800000 200 50447.238202
2 0.300000 0.900000 200 48142.698362
2 0.300000 1.000000 200 63356.096807
2 0.400000 0.000000 200 94177.196233
2 0.400000 0.100000 200 20140.998737
2 0.400000 0.200000 200 30484.713069
2 0.400000 0.300000 200 48802.663837
2 0.400000 0.400000 200 43679.562323
2 0.400000 0.500000 200 51827.694217
2 0.400000 0.600000 200 31890.070745
2 0.400000 0.700000 200 41763.480695
2 0.400000 0.800000 200 55296.881332
2 0.400000 0.900000 200 51043.930492
2 0.400000 1.000000 200 43891.365286
2 0.500000 0.000000 200 66872.480595
2 0.500000 0.100000 200 16800.981158
2 0.500000 0.200000 200 34703.581033
2 0.500000 0.300000 200 44857.187417
2 0.500000 0.400000 200 45444.865549
2 0.500000 0.500000 200 42792.858236
2 0.500000 0.600000 200 51851.888304
2 0.500000 0.700000 200 46487.153959
2 0.500000 0.800000 200 50225.357182
2 0.500000 0.900000 200 54665.297595
2 0.500000 1.000000 200 61613.125717
2 0.600000 0.000000 200 60551.534301
2 0.600000 0.100000 200 16462.866218
2 0.600000 0.200000 200 28844.721555
2 0.600000 0.300000 200 31195.746173
2 0.600000 0.400000 200 41425.454150
2 0.600000 0.500000 200 46671.451374
2 0.600000 0.600000 200 51757.538238
2 0.600000 0.700000 200 48221.855059
2 0.600000 0.800000 200 60965.863215
2 0.600000 0.900000 200 77232.556375
2 0.600000 1.000000 200 56258.554857
2 0.700000 0.000000 200 87409.958969
2 0.700000 0.100000 200 14416.224651
2 0.700000 0.200000 200 28433.586280
2 0.700000 0.300000 200 45225.325918
2 0.700000 0.400000 200 30761.498423
2 0.700000 0.500000 200 40556.543605
2 0.700000 0.600000 200 45165.001355
2 0.700000 0.700000 200 53312.552633
2 0.700000 0.800000 200 56088.926610
2 0.700000 0.900000 200 52876.521307
2 0.700000 1.000000 200 53412.545969
2 0.800000 0.000000 200 95876.842564
2 0.800000 0.100000 200 19438.368128
2 0.800000 0.200000 200 23022.701775
2 0.800000 0.300000 200 36714.277883
2 0.800000 0.400000 200 26739.420406
2 0.800000 0.500000 200 44289.774762
2 0.800000 0.600000 200 37524.858105
2 0.800000 0.700000 200 56001.852248
2 0.800000 0.800000 200 42325.364095
2 0.800000 0.900000 200 59425.439766
2 0.800000 1.000000 200 52430.798769
2 0.900000 0.000000 200 68691.029108
2 0.900000 0.100000 200 13237.054815
2 0.900000 0.200000 200 29342.814907
2 0.900000 0.300000 200 43013.703457
2 0.900000 0.400000 200 48671.360773
2 0.900000 0.500000 200 57274.642505
2 0.900000 0.600000 200 52625.234493
2 0.900000 0.700000 200 40167.041935
2 0.900000 0.800000 200 44683.407823
2 0.900000 0.900000 200 46736.120970
2 0.900000 1.000000 200 51097.167348
2 1.000000 0.000000 200 64394.038006
2 1.000000 0.100000 200 30058.159856
2 1.000000 0.200000 200 35846.468159
2 1.000000 0.300000 200 39016.223928
2 1.000000 0.400000 200 33299.568698
2 1.000000 0.500000 200 53245.860811
2 1.000000 0.600000 200 49648.303383
2 1.000000 0.700000 200 48490.282574
2 1.000000 0.800000 200 46993.079130
2 1.000000 0.900000 200 50885.841700
2 1.000000 1.000000 200 58587.606095
3 0.000000 0.000000 200 19.959406
3 0.000000 0.100000 200 19.962999
3 0.000000 0.200000 200 19.959236
3 0.000000 0.300000 200 19.962999
3 0.000000 0.400000 200 20.096012
3 0.000000 0.500000 200 19.962998
3 0.000000 0.600000 200 19.962999
3 0.000000 0.700000 200 20.406099
3 0.000000 0.800000 200 19.959043
3 0.000000 0.900000 200 19.962995
3 0.000000 1.000000 200 19.959431
3 0.100000 0.000000 200 19.958561
3 0.100000 0.100000 200 19.970316
3 0.100000 0.200000 200 19.959234
3 0.100000 0.300000 200 19.958877
3 0.100000 0.400000 200 19.963001
3 0.100000 0.500000 200 19.962910
3 0.100000 0.600000 200 20.043187
3 0.100000 0.700000 200 20.351996
3 0.100000 0.800000 200 20.325231
3 0.100000 0.900000 200 19.962995
3 0.100000 1.000000 200 19.960769
3 0.200000 0.000000 200 19.958369
3 0.200000 0.100000 200 19.958104
3 0.200000 0.200000 200 19.961735
3 0.200000 0.300000 200 19.962995
3 0.200000 0.400000 200 19.962995
3 0.200000 0.500000 200 19.959217
3 0.200000 0.600000 200 19.960491
3 0.200000 0.700000 200 20.173911
3 0.200000 0.800000 200 20.353038
3 0.200000 0.900000 200 20.336886
3 0.200000 1.000000 200 19.962995
3 0.300000 0.000000 200 19.948258
3 0.300000 0.100000 200 19.970467
3 0.300000 0.200000 200 19.959407
3 0.300000 0.300000 200 19.955922
3 0.300000 0.400000 200 19.959195
3 0.300000 0.500000 200 19.962995
3 0.300000 0.600000 200 19.959108
3 0.300000 0.700000 200 19.958988
3 0.300000 0.800000 200 19.958948
3 0.300000 0.900000 200 20.313829
3 0.300000 1.000000 200 19.959027
3 0.400000 0.000000 200 19.955832
3 0.400000 0.100000 200 20.090696
3 0.400000 0.200000 200 19.962999
3 0.400000 0.300000 200 19.962995
3 0.400000 0.400000 200 19.962996
3 0.400000 0.500000 200 20.169016
3 0.400000 0.600000 200 19.566940
3 0.400000 0.700000 200 19.959939
3 0.400000 0.800000 200 19.478690
3 0.400000 0.900000 200 19.962995
3 0.400000 1.000000 200 19.962995
3 0.500000 0.000000 200 19.959056
3 0.500000 0.100000 200 19.964151
3 0.500000 0.200000 200 19.966863
3 0.500000 0.300000 200 19.962995
3 0.500000 0.400000 200 19.960782
3 0.500000 0.500000 200 19.962996
3 0.500000 0.600000 200 19.962995
3 0.500000 0.700000 200 20.368201
3 0.500000 0.800000 200 19.959476
3 0.500000 0.900000 200 20.289693
3 0.500000 1.000000 200 19.962995
3 0.600000 0.000000 200 19.956841
3 0.600000 0.100000 200 19.964763
3 0.600000 0.200000 200 19.963012
3 0.600000 0.300000 200 19.959917
3 0.600000 0.400000 200 19.962995
3 0.600000 0.500000 200 19.962995
3 0.600000 0.600000 200 17.889706
3 0.600000 0.700000 200 20.243718
3 0.600000 0.800000 200 19.962995
3 0.600000 0.900000 200 19.591930
3 0.600000 1.000000 200 20.304755
3 0.700000 0.000000 200 19.958322
3 0.700000 0.100000 200 19.963064
3 0.700000 0.200000 200 19.991460
3 0.700000 0.300000 200 11.394208
3 0.700000 0.400000 200 18.832136
3 0.700000 0.500000 200 15.127202
3 0.700000 0.600000 200 19.962995
3 0.700000 0.700000 200 20.055876
3 0.700000 0.800000 200 19.962995
3 0.700000 0.900000 200 19.962995
3 0.700000 1.000000 200 20.134531
3 0.800000 0.000000 200 19.955497
3 0.800000 0.100000 200 19.966598
3 0.800000 0.200000 200 20.093971
3 0.800000 0.300000 200 13.266739
3 0.800000 0.400000 200 18.683493
3 0.800000 0.500000 200 19.462290
3 0.800000 0.600000 200 18.540558
3 0.800000 0.700000 200 19.958875
3 0.800000 0.800000 200 19.959954
3 0.800000 0.900000 200 16.493746
3 0.800000 1.000000 200 20.141615
3 0.900000 0.000000 200 19.955944
3 0.900000 0.100000 200 20.023087
3 0.900000 0.200000 200 15.808646
3 0.900000 0.300000 200 17.549419
3 0.900000 0.400000 200 17.889155
3 0.900000 0.500000 200 17.594016
3 0.900000 0.600000 200 19.243267
3 0.900000 0.700000 200 18.770677
3 0.900000 0.800000 200 18.380768
3 0.900000 0.900000 200 19.865441
3 0.900000 1.000000 200 20.149725
3 1.000000 0.000000 200 19.958409
3 1.000000 0.100000 200 19.981524
3 1.000000 0.200000 200 19.962996
3 1.000000 0.300000 200 16.908147
3 1.000000 0.400000 200 16.464869
3 1.000000 0.500000 200 14.197349
3 1.000000 0.600000 200 17.090601
3 1.000000 0.700000 200 18.994479
3 1.000000 0.800000 200 19.919889
3 1.000000 0.900000 200 19.454523
3 1.000000 1.000000 200 19.473701
4 0.000000 0.000000 200 413.517149
4 0.000000 0.100000 200 403.690371
4 0.000000 0.200000 200 413.730810
4 0.000000 0.300000 200 392.001104
4 0.000000 0.400000 200 392.664358
4 0.000000 0.500000 200 349.432652
4 0.000000 0.600000 200 390.095350
4 0.000000 0.700000 200 376.805638
4 0.000000 0.800000 200 430.746254
4 0.000000 0.900000 200 387.759510
4 0.000000 1.000000 200 423.799820
4 0.100000 0.000000 200 419.412022
4 0.100000 0.100000 200 290.529257
4 0.100000 0.200000 200 369.414973
4 0.100000 0.300000 200 388.684448
4 0.100000 0.400000 200 374.994254
4 0.100000 0.500000 200 361.093276
4 0.100000 0.600000 200 422.798188
4 0.100000 0.700000 200 385.034548
4 0.100000 0.800000 200 368.641519
4 0.100000 0.900000 200 385.392663
4 0.100000 1.000000 200 362.522220
4 0.200000 0.000000 200 393.951410
4 0.200000 0.100000 200 211.030646
4 0.200000 0.200000 200 273.393204
4 0.200000 0.300000 200 369.740741
4 0.200000 0.400000 200 297.248222
4 0.200000 0.500000 200 366.274601
4 0.200000 0.600000 200 380.624149
4 0.200000 0.700000 200 379.060525
4 0.200000 0.800000 200 417.575618
4 0.200000 0.900000 200 389.832020
4 0.200000 1.000000 200 397.729010
4 0.300000 0.000000 200 381.075611
4 0.300000 0.100000 200 285.928353
4 0.300000 0.200000 200 312.069598
4 0.300000 0.300000 200 297.344237
4 0.300000 0.400000 200 318.503271
4 0.300000 0.500000 200 346.594740
4 0.300000 0.600000 200 331.462173
4 0.300000 0.700000 200 390.846262
4 0.300000 0.800000 200 347.652293
4 0.300000 0.900000 200 384.784333
4 0.300000 1.000000 200 344.769667
4 0.400000 0.000000 200 413.134980
4 0.400000 0.100000 200 249.666101
4 0.400000 0.200000 200 287.371966
4 0.400000 0.300000 200 301.816904
4 0.400000 0.400000 200 369.360922
4 0.400000 0.500000 200 337.362835
4 0.400000 0.600000 200 359.704856
4 0.400000 0.700000 200 367.374561
4 0.400000 0.800000 200 397.975040
4 0.400000 0.900000 200 394.676109
4 0.400000 1.000000 200 356.385701
4 0.500000 0.000000 200 402.096600
4 0.500000 0.100000 200 255.360290
4 0.500000 0.200000 200 248.469613
4 0.500000 0.300000 200 302.274567
4 0.500000 0.400000 200 275.213242
4 0.500000 0.500000 200 292.453552
4 0.500000 0.600000 200 370.501539
4 0.500000 0.700000 200 372.890745
4 0.500000 0.800000 200 373.813818
4 0.500000 0.900000 200 373.080571
4 0.500000 1.000000 200 377.253096
4 0.600000 0.000000 200 416.410770
4 0.600000 0.100000 200 213.496057
4 0.600000 0.200000 200 260.976367
4 0.600000 0.300000 200 307.584745
4 0.600000 0.400000 200 209.497177
4 0.600000 0.500000 200 329.833764
4 0.600000 0.600000 200 311.108010
4 0.600000 0.700000 200 356.982715
4 0.600000 0.800000 200 362.963381
4 0.600000 0.900000 200 327.408061
4 0.600000 1.000000 200 352.155413
4 0.700000 0.000000 200 378.638702
4 0.700000 0.100000 200 207.212738
4 0.700000 0.200000 200 289.819636
4 0.700000 0.300000 200 310.893639
4 0.700000 0.400000 200 335.942359
4 0.700000 0.500000 200 355.039261
4 0.700000 0.600000 200 297.252344
4 0.700000 0.700000 200 343.977270
4 0.700000 0.800000 200 302.234877
4 0.700000 0.900000 200 333.553688
4 0.700000 1.000000 200 351.615905
4 0.800000 0.000000 200 411.082053
4 0.800000 0.100000 200 277.735112
4 0.800000 0.200000 200 287.062993
4 0.800000 0.300000 200 333.288076
4 0.800000 0.400000 200 359.056479
4 0.800000 0.500000 200 339.816668
4 0.800000 0.600000 200 341.384129
4 0.800000 0.700000 200 330.571637
4 0.800000 0.800000 200 356.285920
4 0.800000 0.900000 200 388.191365
4 0.800000 1.000000 200 383.473200
4 0.900000 0.000000 200 367.116293
4 0.900000 0.100000 200 264.055237
4 0.900000 0.200000 200 316.858726
4 0.900000 0.300000 200 340.859351
4 0.900000 0.400000 200 263.357992
4 0.900000 0.500000 200 373.952153
4 0.900000 0.600000 200 345.507172
4 0.900000 0.700000 200 333.881759
4 0.900000 0.800000 200 332.216872
4 0.900000 0.900000 200 339.857951
4 0.900000 1.000000 200 337.564610
4 1.000000 0.000000 200 419.065776
4 1.000000 0.100000 200 264.919718
4 1.000000 0.200000 200 228.344583
4 1.000000 0.300000 200 247.272453
4 1.000000 0.400000 200 291.183054
4 1.000000 0.500000 200 365.718712
4 1.000000 0.600000 200 264.001629
4 1.000000 0.700000 200 332.357235
4 1.000000 0.800000 200 373.530456
4 1.000000 0.900000 200 352.614466
4 1.000000 1.000000 200 341.861892
5 0.000000 0.000000 200 573.543237
5 0.000000 0.100000 200 610.188834
5 0.000000 0.200000 200 503.066061
5 0.000000 0.300000 200 544.606673
5 0.000000 0.400000 200 498.044019
5 0.000000 0.500000 200 546.324756
5 0.000000 0.600000 200 582.991588
5 0.000000 0.700000 200 531.577751
5 0.000000 0.800000 200 551.067118
5 0.000000 0.900000 200 441.141220
5 0.000000 1.000000 200 427.939920
5 0.100000 0.000000 200 527.038490
5 0.100000 0.100000 200 177.866912
5 0.100000 0.200000 200 69.014620
5 0.100000 0.300000 200 317.250858
5 0.100000 0.400000 200 427.120249
5 0.100000 0.500000 200 361.773084
5 0.100000 0.600000 200 512.584895
5 0.100000 0.700000 200 489.046657
5 0.100000 0.800000 200 488.300983
5 0.100000 0.900000 200 582.004339
5 0.100000 1.000000 200 465.200336
5 0.200000 0.000000 200 552.916449
5 0.200000 0.100000 200 14.751844
5 0.200000 0.200000 200 54.760139
5 0.200000 0.300000 200 202.888085
5 0.200000 0.400000 200 293.764307
5 0.200000 0.500000 200 338.735147
5 0.200000 0.600000 200 382.021981
5 0.200000 0.700000 200 436.960946
5 0.200000 0.800000 200 430.210197
5 0.200000 0.900000 200 511.858980
5 0.200000 1.000000 200 485.017721
5 0.300000 0.000000 200 516.128512
5 0.300000 0.100000 200 10.953399
5 0.300000 0.200000 200 115.826963
5 0.300000 0.300000 200 74.667064
5 0.300000 0.400000 200 92.378839
5 0.300000 0.500000 200 221.499932
5 0.300000 0.600000 200 352.719466
5 0.300000 0.700000 200 394.376144
5 0.300000 0.800000 200 388.864102
5 0.300000 0.900000 200 373.008839
5 0.300000 1.000000 200 435.131066
5 0.400000 0.000000 200 589.934072
5 0.400000 0.100000 200 11.447860
5 0.400000 0.200000 200 84.257647
5 0.400000 0.300000 200 113.831629
5 0.400000 0.400000 200 307.187081
5 0.400000 0.500000 200 324.517329
5 0.400000 0.600000 200 321.887201
5 0.400000 0.700000 200 161.806187
5 0.400000 0.800000 200 467.342404
5 0.400000 0.900000 200 392.735662
5 0.400000 1.000000 200 319.230071
5 0.500000 0.000000 200 561.210144
5 0.500000 0.100000 200 8.679045
5 0.500000 0.200000 200 10.444107
5 0.500000 0.300000 200 40.673055
5 0.500000 0.400000 200 160.728934
5 0.500000 0.500000 200 176.658631
5 0.500000 0.600000 200 352.152302
5 0.500000 0.700000 200 275.580183
5 0.500000 0.800000 200 244.958676
5 0.500000 0.900000 200 429.414322
5 0.500000 1.000000 200 330.553704
5 0.600000 0.000000 200 556.491293
5 0.600000 0.100000 200 3.654010
5 0.600000 0.200000 200 7.641746
5 0.600000 0.300000 200 40.857566
5 0.600000 0.400000 200 186.071081
5 0.600000 0.500000 200 208.176500
5 0.600000 0.600000 200 235.780299
5 0.600000 0.700000 200 206.914620
5 0.600000 0.800000 200 422.099843
5 0.600000 0.900000 200 219.597693
5 0.600000 1.000000 200 410.716384
5 0.700000 0.000000 200 430.047767
5 0.700000 0.100000 200 1.635927
5 0.700000 0.200000 200 16.937978
5 0.700000 0.300000 200 57.152007
5 0.700000 0.400000 200 177.639296
5 0.700000 0.500000 200 141.359069
5 0.700000 0.600000 200 180.154344
5 0.700000 0.700000 200 139.160388
5 0.700000 0.800000 200 350.465147
5 0.700000 0.900000 200 400.203302
5 0.700000 1.000000 200 252.534577
5 0.800000 0.000000 200 564.803631
5 0.800000 0.100000 200 2.895501
5 0.800000 0.200000 200 12.212763
5 0.800000 0.300000 200 76.904744
5 0.800000 0.400000 200 170.702149
5 0.800000 0.500000 200 116.844602
5 0.800000 0.600000 200 192.525674
5 0.800000 0.700000 200 153.672155
5 0.800000 0.800000 200 222.096983
5 0.800000 0.900000 200 354.556757
5 0.800000 1.000000 200 379.778043
5 0.900000 0.000000 200 626.582745
5 0.900000 0.100000 200 4.245873
5 0.900000 0.200000 200 8.383197
5 0.900000 0.300000 200 42.988271
5 0.900000 0.400000 200 51.104877
5 0.900000 0.500000 200 166.276530
5 0.900000 0.600000 200 187.453205
5 0.900000 0.700000 200 92.758856
5 0.900000 0.800000 200 364.557283
5 0.900000 0.900000 200 228.016323
5 0.900000 1.000000 200 260.297177
5 1.000000 0.000000 200 595.192157
5 1.000000 0.100000 200 5.248128
5 1.000000 0.200000 200 30.077370
5 1.000000 0.300000 200 126.214394
5 1.000000 0.400000 200 104.882234
5 1.000000 0.500000 200 64.017115
5 1.000000 0.600000 200 167.812888
5 1.000000 0.700000 200 229.064833
5 1.000000 0.800000 200 326.009988
5 1.000000 0.900000 200 295.193941
5 1.000000 1.000000 200 409.350932
6 0.000000 0.000000 200 30371767950.920277
6 0.000000 0.100000 200 24502284593.798706
6 0.000000 0.200000 200 26126993137.430485
6 0.000000 0.300000 200 22662316930.030006
6 0.000000 0.400000 200 21603076149.334476
6 0.000000 0.500000 200 25066867053.829826
6 0.000000 0.600000 200 23826613938.246025
6 0.000000 0.700000 200 22352373989.169025
6 0.000000 0.800000 200 27514235847.080399
6 0.000000 0.900000 200 25987001521.242134
6 0.000000 1.000000 200 20402726943.848965
6 0.100000 0.000000 200 20297448326.874344
6 0.100000 0.100000 200 40462074.956157
6 0.100000 0.200000 200 409666403.780660
6 0.100000 0.300000 200 3124021029.740701
6 0.100000 0.400000 200 10827081335.142757
6 0.100000 0.500000 200 22248704600.132858
6 0.100000 0.600000 200 18449497697.172501
6 0.100000 0.700000 200 11071828251.835798
6 0.100000 0.800000 200 19688029970.659870
6 0.100000 0.900000 200 19686344514.203423
6 0.100000 1.000000 200 17726749206.026516
6 0.200000 0.000000 200 29470324941.538189
6 0.200000 0.100000 200 33978262.187679
6 0.200000 0.200000 200 83179966.576896
6 0.200000 0.300000 200 826215132.842415
6 0.200000 0.400000 200 1222754332.916641
6 0.200000 0.500000 200 4983401113.521150
6 0.200000 0.600000 200 3680706465.040524
6 0.200000 0.700000 200 13251336769.127882
6 0.200000 0.800000 200 15193641476.959908
6 0.200000 0.900000 200 13050704270.413820
6 0.200000 1.000000 200 16952948007.730246
6 0.300000 0.000000 200 30938287289.186050
6 0.300000 0.100000 200 23241499.380426
6 0.300000 0.200000 200 42685936.255739
6 0.300000 0.300000 200 173057721.423596
6 0.300000 0.400000 200 1278158947.477690
6 0.300000 0.500000 200 4910177965.406882
6 0.300000 0.600000 200 9962922189.167507
6 0.300000 0.700000 200 5473893490.760601
6 0.300000 0.800000 200 15489852592.976332
6 0.300000 0.900000 200 13855146951.119661
6 0.300000 1.000000 200 18771559315.696125
6 0.400000 0.000000 200 23951502043.478718
6 0.400000 0.100000 200 10197819.522693
6 0.400000 0.200000 200 114800316.079591
6 0.400000 0.300000 200 172374040.650383
6 0.400000 0.400000 200 875569917.037240
6 0.400000 0.500000 200 4453742463.075991
6 0.400000 0.600000 200 13502359389.720062
6 0.400000 0.700000 200 9315120943.905937
6 0.400000 0.800000 200 4034206844.143761
6 0.400000 0.900000 200 14099000633.000586
6 0.400000 1.000000 200 16350374421.464249
6 0.500000 0.000000 200 23079981160.571766
6 0.500000 0.100000 200 19535373.320753
6 0.500000 0.200000 200 56975428.476882
6 0.500000 0.300000 200 128992501.037875
6 0.500000 0.400000 200 465231919.513618
6 0.500000 0.500000 200 1159215913.013565
6 0.500000 0.600000 200 1917235751.720441
6 0.500000 0.700000 200 5631943423.758657
6 0.500000 0.800000 200 4678089188.218137
6 0.500000 0.900000 200 9547826285.957590
6 0.500000 1.000000 200 11575039739.725880
6 0.600000 0.000000 200 36859769664.084129
6 0.600000 0.100000 200 546867.243693
6 0.600000 0.200000 200 40054899.642492
6 0.600000 0.300000 200 272878476.395222
6 0.600000 0.400000 200 120456278.477617
6 0.600000 0.500000 200 349855124.802178
6 0.600000 0.600000 200 2410985543.013546
6 0.600000 0.700000 200 2909675608.404740
6 0.600000 0.800000 200 8611880631.142393
6 0.600000 0.900000 200 5399973321.530660
6 0.600000 1.000000 200 10799361355.340246
6 0.700000 0.000000 200 24455153164.658825
6 0.700000 0.100000 200 2328297.941896
6 0.700000 0.200000 200 54458889.717329
6 0.700000 0.300000 200 244398247.376904
6 0.700000 0.400000 200 499723105.174750
6 0.700000 0.500000 200 1625593599.734512
6 0.700000 0.600000 200 2053239792.188318
6 0.700000 0.700000 200 8226130158.920935
6 0.700000 0.800000 200 3764580772.228693
6 0.700000 0.900000 200 6537009403.691843
6 0.700000 1.000000 200 7455131037.608036
6 0.800000 0.000000 200 31654589299.930027
6 0.800000 0.100000 200 1942477.682970
6 0.800000 0.200000 200 80455115.442762
6 0.800000 0.300000 200 272198884.519024
6 0.800000 0.400000 200 542088359.864806
6 0.800000 0.500000 200 422102977.465831
6 0.800000 0.600000 200 1769786076.584193
6 0.800000 0.700000 200 2914373358.946112
6 0.800000 0.800000 200 3005905326.568239
6 0.800000 0.900000 200 3421901980.241447
6 0.800000 1.000000 200 15984851472.077837
6 0.900000 0.000000 200 27331827727.903622
6 0.900000 0.100000 200 9062767.242127
6 0.900000 0.200000 200 55840420.595368
6 0.900000 0.300000 200 1011156124.227066
6 0.900000 0.400000 200 346008558.002509
6 0.900000 0.500000 200 1845125424.694185
6 0.900000 0.600000 200 2144829765.752908
6 0.900000 0.700000 200 3119725193.229248
6 0.900000 0.800000 200 7990637118.428180
6 0.900000 0.900000 200 5071417454.576622
6 0.900000 1.000000 200 12746923449.152445
6 1.000000 0.000000 200 29712042569.836704
6 1.000000 0.100000 200 8638120.303539
6 1.000000 0.200000 200 89171427.342636
6 1.000000 0.300000 200 365934339.654388
6 1.000000 0.400000 200 695730081.153257
6 1.000000 0.500000 200 506604243.968469
6 1.000000 0.600000 200 2614152192.296891
6 1.000000 0.700000 200 2666521611.191152
6 1.000000 0.800000 200 2359801567.115052
6 1.000000 0.900000 200 5088600091.665412
6 1.000000 1.000000 200 11329426903.070036
7 0.000000 0.000000 200 48.414932
7 0.000000 0.100000 200 48.391369
7 0.000000 0.200000 200 46.220866
7 0.000000 0.300000 200 48.003221
7 0.000000 0.400000 200 45.212797
7 0.000000 0.500000 200 49.547917
7 0.000000 0.600000 200 47.164079
7 0.000000 0.700000 200 48.195166
7 0.000000 0.800000 200 49.813579
7 0.000000 0.900000 200 49.308197
7 0.000000 1.000000 200 49.204901
7 0.100000 0.000000 200 49.628095
7 0.100000 0.100000 200 38.002367
7 0.100000 0.200000 200 36.609719
7 0.100000 0.300000 200 42.781342
7 0.100000 0.400000 200 44.144144
7 0.100000 0.500000 200 48.327657
7 0.100000 0.600000 200 46.325196
7 0.100000 0.700000 200 48.045672
7 0.100000 0.800000 200 46.839695
7 0.100000 0.900000 200 49.507435
7 0.100000 1.000000 200 48.955694
7 0.200000 0.000000 200 47.425478
7 0.200000 0.100000 200 24.599645
7 0.200000 0.200000 200 32.348897
7 0.200000 0.300000 200 37.698641
7 0.200000 0.400000 200 44.725248
7 0.200000 0.500000 200 46.118980
7 0.200000 0.600000 200 45.720228
7 0.200000 0.700000 200 43.640301
7 0.200000 0.800000 200 45.533912
7 0.200000 0.900000 200 43.683804
7 0.200000 1.000000 200 44.612926
7 0.300000 0.000000 200 47.559728
7 0.300000 0.100000 200 25.423077
7 0.300000 0.200000 200 34.650107
7 0.300000 0.300000 200 32.937525
7 0.300000 0.400000 200 43.007107
7 0.300000 0.500000 200 39.485864
7 0.300000 0.600000 200 41.716752
7 0.300000 0.700000 200 43.689362
7 0.300000 0.800000 200 43.227155
7 0.300000 0.900000 200 45.701495
7 0.300000 1.000000 200 41.249081
7 0.400000 0.000000 200 50.404061
7 0.400000 0.100000 200 20.615982
7 0.400000 0.200000 200 31.765968
7 0.400000 0.300000 200 34.159924
7 0.400000 0.400000 200 37.583214
7 0.400000 0.500000 200 40.684716
7 0.400000 0.600000 200 43.019788
7 0.400000 0.700000 200 41.244571
7 0.400000 0.800000 200 42.918795
7 0.400000 0.900000 200 45.200051
7 0.400000 1.000000 200 46.457046
7 0.500000 0.000000 200 50.447822
7 0.500000 0.100000 200 14.225076
7 0.500000 0.200000 200 29.530239
7 0.500000 0.300000 200 29.658277
7 0.500000 0.400000 200 42.677052
7 0.500000 0.500000 200 29.578191
7 0.500000 0.600000 200 41.863565
7 0.500000 0.700000 200 43.632681
7 0.500000 0.800000 200 44.095023
7 0.500000 0.900000 200 40.139512
7 0.500000 1.000000 200 44.245382
7 0.600000 0.000000 200 51.229031
7 0.600000 0.100000 200 16.748957
7 0.600000 0.200000 200 23.250210
7 0.600000 0.300000 200 27.559359
7 0.600000 0.400000 200 39.968701
7 0.600000 0.500000 200 42.355805
7 0.600000 0.600000 200 40.869213
7 0.600000 0.700000 200 44.615643
7 0.600000 0.800000 200 42.381189
7 0.600000 0.900000 200 45.246462
7 0.600000 1.000000 200 42.002662
7 0.700000 0.000000 200 49.237870
7 0.700000 0.100000 200 18.479368
7 0.700000 0.200000 200 23.951044
7 0.700000 0.300000 200 35.160726
7 0.700000 0.400000 200 40.485268
7 0.700000 0.500000 200 37.299294
7 0.700000 0.600000 200 36.013082
7 0.700000 0.700000 200 41.028229
7 0.700000 0.800000 200 44.914432
7 0.700000 0.900000 200 38.774796
7 0.700000 1.000000 200 45.285023
7 0.800000 0.000000 200 48.497108
7 0.800000 0.100000 200 22.807091
7 0.800000 0.200000 200 27.625274
7 0.800000 0.300000 200 28.712284
7 0.800000 0.400000 200 34.884324
7 0.800000 0.500000 200 27.374580
7 0.800000 0.600000 200 38.028609
7 0.800000 0.700000 200 29.008583
7 0.800000 0.800000 200 41.365485
7 0.800000 0.900000 200 42.039211
7 0.800000 1.000000 200 43.191948
7 0.900000 0.000000 200 51.030034
7 0.900000 0.100000 200 23.135183
7 0.900000 0.200000 200 22.584003
7 0.900000 0.300000 200 31.010820
7 0.900000 0.400000 200 35.272212
7 0.900000 0.500000 200 37.500073
7 0.900000 0.600000 200 42.058891
7 0.900000 0.700000 200 41.620992
7 0.900000 0.800000 200 42.502471
7 0.900000 0.900000 200 46.939092
7 0.900000 1.000000 200 42.328412
7 1.000000 0.000000 200 48.474646
7 1.000000 0.100000 200 18.856562
7 1.000000 0.200000 200 28.796030
7 1.000000 0.300000 200 27.729970
7 1.000000 0.400000 200 32.789060
7 1.000000 0.500000 200 35.625593
7 1.000000 0.600000 200 36.987181
7 1.000000 0.700000 200 40.926416
7 1.000000 0.800000 200 41.515478
7 1.000000 0.900000 200 42.365436
7 1.000000 1.000000 200 41.948980
8 0.000000 0.000000 200 2.318070
8 0.000000 0.100000 200 2.859236
8 0.000000 0.200000 200 3.190768
8 0.000000 0.300000 200 2.873828
8 0.000000 0.400000 200 2.809949
8 0.000000 0.500000 200 2.774292
8 0.000000 0.600000 200 3.068015
8 0.000000 0.700000 200 2.544380
8 0.000000 0.800000 200 2.941046
8 0.000000 0.900000 200 2.597458
8 0.000000 1.000000 200 2.510924
8 0.100000 0.000000 200 2.611154
8 0.100000 0.100000 200 0.648464
8 0.100000 0.200000 200 1.616191
8 0.100000 0.300000 200 2.200726
8 0.100000 0.400000 200 2.191157
8 0.100000 0.500000 200 2.551942
8 0.100000 0.600000 200 2.344546
8 0.100000 0.700000 200 3.131345
8 0.100000 0.800000 200 2.906146
8 0.100000 0.900000 200 2.367895
8 0.100000 1.000000 200 2.556661
8 0.200000 0.000000 200 3.354817
8 0.200000 0.100000 200 0.056302
8 0.200000 0.200000 200 0.166649
8 0.200000 0.300000 200 0.519758
8 0.200000 0.400000 200 1.806103
8 0.200000 0.500000 200 1.785936
8 0.200000 0.600000 200 1.337512
8 0.200000 0.700000 200 2.165885
8 0.200000 0.800000 200 2.341883
8 0.200000 0.900000 200 2.173436
8 0.200000 1.000000 200 2.900295
8 0.300000 0.000000 200 2.971617
8 0.300000 0.100000 200 0.052140
8 0.300000 0.200000 200 0.615020
8 0.300000 0.300000 200 0.821067
8 0.300000 0.400000 200 1.524041
8 0.300000 0.500000 200 1.528882
8 0.300000 0.600000 200 1.452551
8 0.300000 0.700000 200 1.827229
8 0.300000 0.800000 200 2.225141
8 0.300000 0.900000 200 2.660000
8 0.300000 1.000000 200 2.382600
8 0.400000 0.000000 200 2.994783
8 0.400000 0.100000 200 0.029325
8 0.400000 0.200000 200 0.188672
8 0.400000 0.300000 200 0.324368
8 0.400000 0.400000 200 1.754176
8 0.400000 0.500000 200 1.218110
8 0.400000 0.600000 200 1.937347
8 0.400000 0.700000 200 1.988695
8 0.400000 0.800000 200 2.421122
8 0.400000 0.900000 200 1.990679
8 0.400000 1.000000 200 2.192924
8 0.500000 0.000000 200 2.957233
8 0.500000 0.100000 200 0.008776
8 0.500000 0.200000 200 0.092326
8 0.500000 0.300000 200 0.713267
8 0.500000 0.400000 200 1.091300
8 0.500000 0.500000 200 1.262939
8 0.500000 0.600000 200 0.923565
8 0.500000 0.700000 200 2.105556
8 0.500000 0.800000 200 2.114498
8 0.500000 0.900000 200 1.786115
8 0.500000 1.000000 200 2.075092
8 0.600000 0.000000 200 2.714628
8 0.600000 0.100000 200 0.012350
8 0.600000 0.200000 200 0.096663
8 0.600000 0.300000 200 0.099848
8 0.600000 0.400000 200 0.329308
8 0.600000 0.500000 200 1.130990
8 0.600000 0.600000 200 1.440829
8 0.600000 0.700000 200 1.890120
8 0.600000 0.800000 200 0.965761
8 0.600000 0.900000 200 1.892467
8 0.600000 1.000000 200 2.563268
8 0.700000 0.000000 200 3.257566
8 0.700000 0.100000 200 0.012027
8 0.700000 0.200000 200 0.064648
8 0.700000 0.300000 200 0.162564
8 0.700000 0.400000 200 0.401286
8 0.700000 0.500000 200 0.384421
8 0.700000 0.600000 200 0.738286
8 0.700000 0.700000 200 1.249077
8 0.700000 0.800000 200 1.084934
8 0.700000 0.900000 200 1.851996
8 0.700000 1.000000 200 1.914580
8 0.800000 0.000000 200 3.198055
8 0.800000 0.100000 200 0.012181
8 0.800000 0.200000 200 0.015508
8 0.800000 0.300000 200 0.060211
8 0.800000 0.400000 200 0.844489
8 0.800000 0.500000 200 0.629844
8 0.800000 0.600000 200 0.771021
8 0.800000 0.700000 200 1.342715
8 0.800000 0.800000 200 1.607921
8 0.800000 0.900000 200 1.669851
8 0.800000 1.000000 200 1.485423
8 0.900000 0.000000 200 2.861992
8 0.900000 0.100000 200 0.013446
8 0.900000 0.200000 200 0.084614
8 0.900000 0.300000 200 0.254534
8 0.900000 0.400000 200 0.521280
8 0.900000 0.500000 200 0.279488
8 0.900000 0.600000 200 0.649092
8 0.900000 0.700000 200 1.171770
8 0.900000 0.800000 200 0.887734
8 0.900000 0.900000 200 1.735648
8 0.900000 1.000000 200 1.779850
8 1.000000 0.000000 200 2.934635
8 1.000000 0.100000 200 0.019559
8 1.000000 0.200000 200 0.126208
8 1.000000 0.300000 200 0.176512
8 1.000000 0.400000 200 0.266224
8 1.000000 0.500000 200 0.462704
8 1.000000 0.600000 200 1.168529
8 1.000000 0.700000 200 1.095716
8 1.000000 0.800000 200 1.084400
8 1.000000 0.900000 200 1.051411
8 1.000000 1.000000 200 1.104795
9 0.000000 0.000000 200 26.966519
9 0.000000 0.100000 200 26.070186
9 0.000000 0.200000 200 24.237431
9 0.000000 0.300000 200 24.861407
9 0.000000 0.400000 200 24.621879
9 0.000000 0.500000 200 23.647436
9 0.000000 0.600000 200 23.955697
9 0.000000 0.700000 200 23.547543
9 0.000000 0.800000 200 25.417347
9 0.000000 0.900000 200 22.807148
9 0.000000 1.000000 200 24.279175
9 0.100000 0.000000 200 25.507985
9 0.100000 0.100000 200 11.154088
9 0.100000 0.200000 200 16.018972
9 0.100000 0.300000 200 21.131892
9 0.100000 0.400000 200 21.771774
9 0.100000 0.500000 200 21.739934
9 0.100000 0.600000 200 22.066359
9 0.100000 0.700000 200 25.017282
9 0.100000 0.800000 200 23.984877
9 0.100000 0.900000 200 26.006264
9 0.100000 1.000000 200 23.853496
9 0.200000 0.000000 200 23.603055
9 0.200000 0.100000 200 5.021898
9 0.200000 0.200000 200 18.600010
9 0.200000 0.300000 200 14.697433
9 0.200000 0.400000 200 14.844280
9 0.200000 0.500000 200 19.077370
9 0.200000 0.600000 200 18.533236
9 0.200000 0.700000 200 21.037534
9 0.200000 0.800000 200 22.070756
9 0.200000 0.900000 200 23.929531
9 0.200000 1.000000 200 23.055699
9 0.300000 0.000000 200 26.278359
9 0.300000 0.100000 200 4.500621
9 0.300000 0.200000 200 7.312907
9 0.300000 0.300000 200 8.705119
9 0.300000 0.400000 200 20.722554
9 0.300000 0.500000 200 15.907797
9 0.300000 0.600000 200 21.843737
9 0.300000 0.700000 200 19.576038
9 0.300000 0.800000 200 22.581986
9 0.300000 0.900000 200 22.309173
9 0.300000 1.000000 200 24.916506
9 0.400000 0.000000 200 25.808914
9 0.400000 0.100000 200 3.753289
9 0.400000 0.200000 200 6.274397
9 0.400000 0.300000 200 12.731992
9 0.400000 0.400000 200 19.325156
9 0.400000 0.500000 200 18.930313
9 0.400000 0.600000 200 18.022373
9 0.400000 0.700000 200 21.018752
9 0.400000 0.800000 200 20.801385
9 0.400000 0.900000 200 21.930599
9 0.400000 1.000000 200 20.439440
9 0.500000 0.000000 200 24.231965
9 0.500000 0.100000 200 4.402146
9 0.500000 0.200000 200 7.943614
9 0.500000 0.300000 200 11.681942
9 0.500000 0.400000 200 14.000038
9 0.500000 0.500000 200 19.784841
9 0.500000 0.600000 200 16.497711
9 0.500000 0.700000 200 21.632197
9 0.500000 0.800000 200 20.441762
9 0.500000 0.900000 200 21.459174
9 0.500000 1.000000 200 20.679149
9 0.600000 0.000000 200 26.036198
9 0.600000 0.100000 200 4.000890
9 0.600000 0.200000 200 7.200415
9 0.600000 0.300000 200 8.241308
9 0.600000 0.400000 200 9.400750
9 0.600000 0.500000 200 14.524165
9 0.600000 0.600000 200 22.603291
9 0.600000 0.700000 200 22.237593
9 0.600000 0.800000 200 13.707852
9 0.600000 0.900000 200 18.810978
9 0.600000 1.000000 200 21.367125
9 0.700000 0.000000 200 24.503251
9 0.700000 0.100000 200 3.692765
9 0.700000 0.200000 200 4.066292
9 0.700000 0.300000 200 10.531025
9 0.700000 0.400000 200 8.800604
9 0.700000 0.500000 200 9.921124
9 0.700000 0.600000 200 16.704276
9 0.700000 0.700000 200 14.110099
9 0.700000 0.800000 200 17.421618
9 0.700000 0.900000 200 18.762103
9 0.700000 1.000000 200 19.416636
9 0.800000 0.000000 200 26.099891
9 0.800000 0.100000 200 6.099899
9 0.800000 0.200000 200 6.365452
9 0.800000 0.300000 200 8.791067
9 0.800000 0.400000 200 10.752687
9 0.800000 0.500000 200 10.206222
9 0.800000 0.600000 200 13.486834
9 0.800000 0.700000 200 13.362109
9 0.800000 0.800000 200 16.315809
9 0.800000 0.900000 200 17.477088
9 0.800000 1.000000 200 21.376510
9 0.900000 0.000000 200 25.574738
9 0.900000 0.100000 200 5.601813
9 0.900000 0.200000 200 6.103861
9 0.900000 0.300000 200 7.174706
9 0.900000 0.400000 200 16.715234
9 0.900000 0.500000 200 16.353673
9 0.900000 0.600000 200 19.501332
9 0.900000 0.700000 200 21.401891
9 0.900000 0.800000 200 17.527815
9 0.900000 0.900000 200 20.762239
9 0.900000 1.000000 200 19.826896
9 1.000000 0.000000 200 25.752526
9 1.000000 0.100000 200 5.225016
9 1.000000 0.200000 200 6.548353
9 1.000000 0.300000 200 7.900486
9 1.000000 0.400000 200 10.565602
9 1.000000 0.500000 200 12.223382
9 1.000000 0.600000 200 14.348415
9 1.000000 0.700000 200 16.912835
9 1.000000 0.800000 200 18.791231
9 1.000000 0.900000 200 20.303212
9 1.000000 1.000000 200 19.629901
