MonoObjective Genetic Algorithm
Number of Evaluations = 0
Mutation Probability = 0.0100000000000000002
Crossover Probability = 0.5
Population Size = 100
Survival Selection Type = 16

Time =  300.036901999999998

Current Evaluation = 166500
Front Size = 100
1 6 2 8 5 7 4 9 3 5 3 4 1 2 9 6 7 8 7 8 9 6 4 3 5 2 1 4 7 5 3 1 2 9 8 6 9 1 3 5 8 6 7 4 2 6 2 8 7 9 4 1 3 5 3 5 6 4 7 8 2 1 9 2 4 1 9 3 5 8 6 7 8 9 7 2 6 1 3 5 4 1 24 
1 5 8 4 3 7 2 9 6 4 3 6 5 2 9 1 7 8 2 7 9 6 1 8 5 4 3 8 2 5 3 6 1 9 7 4 7 1 4 9 8 5 6 3 2 6 9 3 2 7 4 8 5 1 3 8 2 7 9 6 4 1 5 9 4 1 8 5 3 6 2 7 5 6 7 1 4 2 3 8 9 3 55 
1 2 4 8 5 7 6 9 3 5 3 6 4 2 9 1 7 8 8 7 9 6 3 1 5 2 4 7 8 5 3 1 2 9 4 6 4 1 3 9 8 6 7 5 2 6 9 2 5 7 4 8 3 1 3 6 8 7 9 2 4 1 5 9 4 1 5 6 3 2 8 7 2 5 7 1 4 8 3 6 9 3 38 
1 8 4 5 3 7 2 9 6 5 3 6 9 2 1 7 4 8 7 2 9 6 4 8 5 3 1 2 7 5 3 1 6 9 8 4 4 1 3 7 8 9 6 5 2 6 9 8 2 5 4 1 7 3 3 6 2 4 7 5 4 1 9 9 4 1 8 6 3 8 2 7 8 5 7 1 9 2 3 6 5 4 40 
1 6 8 4 3 7 2 9 6 5 3 4 9 2 5 1 7 8 7 2 9 6 1 8 5 3 4 4 8 5 3 7 2 9 6 1 9 1 3 5 8 6 7 4 2 6 7 2 1 9 4 8 5 3 3 9 6 7 4 9 4 1 5 2 4 1 2 5 3 6 8 7 8 5 7 8 6 1 3 2 9 7 38 
1 5 6 8 4 7 2 9 3 7 3 4 5 2 9 1 6 8 8 2 9 6 3 1 5 7 4 2 8 5 3 7 1 9 4 6 9 1 4 5 8 6 7 3 2 6 7 3 2 9 4 8 5 1 3 6 2 7 6 8 4 1 9 5 4 1 1 3 9 6 2 7 8 9 7 4 5 2 3 8 5 11 37 
1 8 6 5 3 7 4 9 6 5 3 4 1 2 9 1 7 8 2 7 9 6 4 8 5 2 3 7 8 5 3 1 6 9 4 1 9 1 4 7 8 5 6 3 2 6 2 3 2 9 4 7 8 5 3 9 2 8 7 6 8 1 4 5 4 1 9 3 2 6 5 7 8 6 7 4 5 1 3 2 9 15 37 
1 5 8 8 4 7 2 9 3 4 3 6 9 2 5 6 7 8 7 2 9 6 3 1 5 4 1 8 7 5 3 1 2 9 6 1 9 1 4 5 8 6 4 7 2 6 2 3 9 7 4 8 3 5 3 6 2 4 7 5 8 1 6 8 4 1 1 9 3 2 5 7 5 9 7 2 6 8 3 4 9 20 37 
1 8 6 4 5 7 2 9 3 5 3 4 1 2 9 6 7 8 7 2 9 6 3 8 5 4 1 2 7 5 3 6 1 9 8 4 4 1 3 9 8 5 7 6 2 6 9 8 2 7 4 1 3 5 3 5 2 7 4 6 8 1 9 8 4 1 5 9 3 6 2 7 9 6 7 8 1 2 3 5 4 3 35 
1 8 2 5 4 7 6 9 3 5 3 6 9 2 1 1 7 8 4 7 9 6 3 8 5 2 4 4 7 5 3 6 2 9 8 6 9 1 3 5 8 9 4 3 2 6 2 8 1 7 4 7 5 1 3 5 6 7 5 8 4 1 9 8 4 1 2 9 3 2 6 7 2 9 7 4 1 6 3 8 5 17 36 
1 6 8 5 3 7 2 9 4 5 3 4 1 2 9 7 6 8 7 2 9 6 4 8 5 3 1 4 7 5 3 1 2 9 8 6 9 1 3 7 8 6 4 5 2 6 8 2 9 5 4 1 7 3 3 9 6 2 7 5 8 1 4 2 4 1 8 9 3 6 5 7 8 5 7 4 6 1 3 2 9 3 29 
1 8 6 4 5 7 2 9 3 5 3 4 9 2 1 7 6 8 2 7 9 6 3 8 5 4 1 7 2 5 3 1 6 9 8 4 4 1 3 5 8 9 6 7 2 6 9 8 2 7 4 1 3 5 3 5 2 7 9 2 4 1 6 9 4 1 8 6 3 8 5 7 8 6 7 1 4 5 3 2 9 3 28 
1 2 6 5 4 7 4 9 3 5 3 4 1 2 9 7 6 8 8 7 9 6 3 8 5 2 1 4 8 5 3 6 2 9 7 1 7 1 3 9 8 5 6 4 2 6 9 2 7 1 4 8 3 5 3 5 8 4 7 6 2 1 9 9 4 1 2 5 3 6 8 7 2 6 7 8 9 1 3 5 4 5 32 
1 5 2 8 4 7 4 9 6 4 3 6 9 2 5 1 7 8 8 7 9 6 1 3 5 2 3 7 8 5 3 6 2 9 8 4 9 1 4 7 8 5 6 3 2 6 2 3 1 9 4 7 5 1 3 6 8 4 7 9 2 1 5 5 4 1 2 3 8 8 6 7 2 9 7 1 5 6 3 4 9 9 33 
1 2 8 4 5 7 6 9 3 5 3 6 1 2 9 7 4 8 4 7 9 6 3 8 5 2 1 7 8 5 3 1 2 9 6 4 9 1 4 5 8 6 7 3 2 6 2 3 7 9 4 8 5 1 3 6 2 8 7 5 4 1 9 5 4 1 9 6 3 2 8 7 8 9 7 2 4 1 3 5 6 6 32 
1 6 2 8 3 7 4 9 6 5 3 4 9 2 5 1 7 8 7 8 9 6 4 1 5 2 3 2 7 5 3 6 1 9 8 4 4 1 3 7 8 9 6 5 2 6 9 8 2 5 4 7 3 1 3 5 6 4 7 2 8 1 9 9 4 1 5 3 8 2 6 7 8 2 7 1 9 6 3 4 5 5 29 
1 2 4 8 5 7 6 9 3 5 3 6 9 2 1 4 7 8 8 7 9 6 4 3 5 2 1 7 8 5 3 1 2 9 8 4 4 1 3 5 8 6 7 6 2 6 9 2 7 9 4 1 5 3 3 5 8 4 7 6 2 1 9 9 4 1 2 3 5 8 6 7 2 6 7 1 9 8 3 4 5 8 29 
1 5 8 5 3 7 6 9 4 4 3 6 1 2 9 1 7 8 7 2 9 6 4 8 5 2 3 8 7 5 3 1 6 9 4 6 4 1 3 7 8 5 7 5 2 6 9 2 2 9 4 8 3 1 3 6 2 5 7 8 4 1 9 5 4 1 9 3 2 2 8 7 9 8 7 4 6 1 3 6 5 16 32 
1 5 6 8 4 7 2 9 3 7 3 4 9 2 5 1 6 8 8 2 9 6 1 3 5 7 4 2 7 5 3 7 1 9 8 4 4 1 3 9 8 6 6 7 2 6 9 8 2 5 4 1 3 5 3 6 2 8 7 5 8 1 9 9 4 1 9 6 3 2 5 7 5 8 7 2 4 1 3 4 6 21 33 
1 6 8 5 4 7 2 9 3 5 3 4 1 2 9 1 6 8 7 2 9 6 3 8 5 7 4 8 7 5 3 6 1 9 4 6 4 1 3 9 8 5 7 3 2 6 9 2 2 7 4 8 5 1 3 8 6 7 9 2 6 1 4 9 4 1 8 5 3 2 5 7 2 5 7 4 1 6 3 8 9 11 31 
1 2 6 8 4 7 4 9 3 5 3 4 9 2 5 6 7 8 8 7 9 6 1 3 5 2 1 7 8 5 3 7 2 9 6 1 4 1 3 5 8 6 7 4 2 6 9 2 1 9 4 8 3 5 3 6 8 7 5 9 2 1 4 9 4 1 2 3 8 6 5 7 2 5 7 4 6 1 3 8 9 9 29 
1 6 2 8 5 7 2 9 4 5 3 4 4 2 9 6 7 8 8 7 9 6 1 3 5 3 1 2 8 5 3 7 2 9 4 1 7 1 4 5 8 6 6 3 2 6 9 3 1 9 4 7 8 5 3 9 6 2 7 5 4 1 5 2 4 1 9 6 3 8 6 7 8 5 7 1 4 8 3 2 9 22 32 
1 8 4 5 3 7 2 9 6 5 3 6 4 2 9 1 7 8 2 7 9 6 1 8 5 3 4 7 8 5 3 6 2 9 4 1 4 1 3 9 8 5 7 6 2 6 9 2 1 7 4 8 5 3 3 2 8 7 5 6 4 1 9 5 4 1 2 9 3 6 8 7 9 6 7 8 4 1 3 2 5 3 28 
1 5 6 8 4 7 2 9 3 7 3 4 5 2 9 1 6 8 2 8 9 6 1 3 5 7 4 8 7 5 3 1 2 9 4 6 4 1 3 9 8 6 7 5 2 6 9 2 7 5 4 8 3 1 3 6 8 2 7 5 4 1 9 5 4 1 9 3 8 6 2 7 9 2 7 4 6 1 3 8 5 3 27 
1 8 6 4 5 7 2 9 3 5 3 4 1 2 9 7 6 8 7 2 9 6 3 8 5 4 1 4 7 5 3 1 2 9 8 6 9 1 3 5 8 6 4 7 2 6 2 8 7 9 4 1 3 5 3 9 2 8 7 5 6 1 4 5 4 1 9 6 3 8 2 7 8 6 7 2 4 1 3 5 9 3 25 
1 6 8 5 4 7 2 9 3 5 3 4 1 2 9 6 7 8 2 7 9 6 3 8 5 4 1 7 8 5 3 1 2 9 6 4 4 1 3 9 8 6 7 5 2 6 9 2 7 5 4 8 3 1 3 2 6 8 7 5 4 1 9 9 4 1 2 6 3 8 5 7 8 5 7 4 9 1 3 2 6 4 27 
1 5 8 4 3 7 2 9 6 4 3 6 5 2 9 1 7 8 7 2 9 6 1 8 5 3 4 2 8 5 3 6 1 9 4 1 9 1 4 7 8 5 7 6 2 6 7 3 2 9 4 8 5 3 3 6 2 8 7 5 4 1 9 5 4 1 9 3 2 6 8 7 8 9 7 1 4 6 3 2 5 6 27 
1 8 4 5 3 7 2 9 6 5 3 6 1 2 9 4 7 8 7 2 9 6 4 8 5 3 1 8 7 5 3 1 2 9 6 4 4 1 3 9 8 6 7 5 2 6 9 2 7 5 4 1 8 3 3 5 8 4 7 2 6 1 9 9 4 1 5 6 3 8 2 7 2 6 7 8 9 1 3 4 5 3 23 
1 5 2 8 4 7 6 9 3 4 3 6 9 2 5 1 7 8 7 8 9 6 1 3 5 2 4 8 7 5 3 6 2 9 4 1 4 1 3 5 8 9 7 6 2 6 9 2 1 7 4 8 3 5 3 5 8 2 7 9 4 1 6 9 4 1 5 3 6 2 8 7 2 6 7 1 4 8 3 5 9 9 28 
1 8 4 5 3 7 2 9 6 5 3 6 4 2 9 1 7 8 2 7 9 6 1 8 5 4 3 7 2 5 3 6 1 9 8 4 4 1 3 7 8 9 6 5 2 6 9 8 2 5 4 7 3 1 3 6 2 8 7 2 4 1 5 9 4 1 5 9 3 8 6 7 8 5 7 1 4 6 3 2 9 5 26 
1 6 8 4 5 7 2 9 3 5 3 4 1 2 9 6 7 8 7 2 9 6 3 8 5 4 1 2 8 5 3 7 1 9 6 4 9 1 4 5 8 6 7 3 2 6 7 3 2 9 4 8 5 1 3 9 6 7 4 2 8 1 5 5 4 1 8 6 3 6 2 7 8 2 7 9 1 5 3 4 9 10 27 
1 2 8 5 3 7 4 9 6 5 3 6 4 2 9 1 7 8 4 7 9 6 1 8 5 2 3 2 8 5 3 1 6 9 7 4 7 1 4 7 8 9 6 5 2 6 9 3 2 5 4 8 3 1 3 5 2 7 4 2 6 1 9 9 4 1 5 6 3 2 8 7 8 6 7 8 9 1 3 4 5 11 28 
1 5 4 8 5 7 2 9 6 7 3 6 1 2 9 1 4 8 2 8 9 6 4 3 5 7 3 4 2 5 3 7 1 9 6 1 9 1 3 5 8 6 4 7 2 6 7 8 2 9 4 8 3 5 3 6 2 7 6 5 8 1 4 8 4 1 9 3 8 6 2 7 5 9 7 4 1 2 3 5 9 12 31 
1 5 2 8 3 7 4 9 6 4 3 6 5 2 9 1 7 8 8 7 9 6 4 1 5 2 3 7 8 5 3 6 2 9 4 1 4 1 3 7 8 5 6 3 2 6 9 2 1 9 4 7 8 5 3 6 8 4 7 5 2 1 9 2 4 1 9 6 3 8 5 7 5 9 7 2 1 8 3 6 4 8 26 
1 6 2 8 5 7 4 9 3 5 3 4 9 2 1 6 7 8 8 7 9 6 4 3 5 2 1 7 2 5 3 1 6 9 8 4 4 1 3 5 8 9 7 6 2 6 9 8 2 7 4 1 3 5 3 8 6 7 9 5 2 1 6 9 4 1 1 3 2 8 5 7 2 5 7 4 6 8 3 4 9 4 25 
1 8 4 8 5 7 2 9 6 5 3 6 4 2 9 1 7 8 7 2 9 6 1 3 5 4 3 8 7 5 3 1 6 9 6 4 4 1 3 9 8 5 7 5 2 6 9 2 2 7 4 8 3 1 3 5 8 7 6 2 4 1 9 2 4 1 5 3 9 6 8 7 9 6 7 1 4 8 3 2 5 8 26 
1 2 4 8 5 7 2 9 6 5 3 6 4 2 9 1 7 8 8 7 9 6 3 1 5 4 3 7 8 5 3 1 2 9 6 4 4 1 3 5 8 6 7 3 2 6 9 2 7 9 4 1 8 5 3 5 2 9 7 8 6 1 4 9 4 1 2 6 3 8 5 7 8 6 7 1 4 5 3 2 9 9 26 
1 8 4 5 3 7 2 9 6 5 3 6 4 2 9 4 7 8 2 7 9 6 1 8 5 3 1 7 2 5 3 6 1 9 8 4 4 1 3 9 8 5 7 6 2 6 9 8 2 7 4 1 5 3 3 5 2 7 4 6 8 1 9 9 4 1 8 5 3 6 2 7 8 6 7 1 9 2 3 4 5 3 22 
1 5 6 8 4 7 2 9 3 7 3 4 9 2 5 1 6 8 8 2 9 6 3 1 5 7 4 4 8 5 3 7 2 9 6 1 9 1 3 5 8 6 7 4 2 6 7 2 1 9 4 8 3 5 3 9 8 7 5 9 4 1 6 5 4 1 2 6 3 2 8 7 2 6 7 4 1 8 3 5 9 5 25 
1 5 2 4 5 7 2 9 6 7 3 6 1 2 9 4 7 8 4 8 9 6 3 8 5 3 1 4 7 5 3 1 2 9 8 1 9 1 3 7 8 6 6 4 2 6 2 8 5 9 4 7 5 3 3 6 8 2 7 5 4 1 9 5 4 1 8 9 3 6 2 7 2 9 7 4 6 1 3 8 5 17 31 
1 2 6 8 5 7 4 9 3 5 3 4 1 2 9 7 6 8 7 8 9 6 4 3 5 2 1 2 7 5 3 6 1 9 8 4 4 1 3 9 8 5 6 7 2 6 9 8 2 7 4 1 3 5 3 5 2 7 9 6 8 1 4 9 4 1 5 3 8 2 6 7 8 6 7 4 1 2 3 5 9 3 21 
1 6 2 8 3 7 2 9 4 5 3 4 9 2 5 7 6 8 8 7 9 6 4 1 5 3 1 7 8 5 3 1 2 9 6 1 9 1 4 5 8 6 4 7 2 6 2 3 9 7 4 8 5 3 3 5 8 4 7 9 2 1 5 9 4 1 2 6 3 6 8 7 2 6 7 8 5 1 3 4 9 19 30 
1 8 4 5 3 7 4 9 6 5 3 6 1 2 9 1 7 8 7 2 9 6 4 8 5 2 3 8 7 5 3 6 2 9 4 1 4 1 3 9 8 5 7 6 2 6 9 2 7 1 4 8 3 5 3 5 8 4 7 6 2 1 9 2 4 1 8 9 3 6 5 7 9 6 7 2 5 1 3 8 4 4 24 
1 8 2 8 5 7 4 9 6 5 3 6 4 2 9 1 7 8 4 7 9 6 3 1 5 2 3 8 2 5 3 1 2 9 4 6 7 1 4 9 8 6 7 5 2 6 9 3 5 7 4 8 3 1 3 6 8 7 4 5 2 1 9 2 4 1 1 9 3 8 6 7 9 5 7 2 6 8 3 4 5 11 25 
1 6 8 5 4 7 2 9 3 5 3 4 1 2 9 7 6 8 7 2 9 6 3 8 5 4 1 4 8 5 3 1 2 9 7 6 9 1 3 7 8 6 4 5 2 6 7 2 5 9 4 8 3 1 3 5 6 2 7 8 4 1 9 8 4 1 9 5 3 6 2 7 2 9 7 4 6 1 3 8 5 5 24 
1 8 4 4 5 7 2 9 3 5 3 6 9 2 1 6 7 8 7 2 9 6 3 8 5 4 1 4 7 5 3 6 2 9 8 4 9 1 3 7 8 5 7 6 2 6 8 2 9 1 4 1 3 5 3 6 8 2 7 5 4 1 9 2 4 1 8 9 3 8 5 7 5 9 7 1 4 6 3 2 6 12 29 
1 2 8 4 5 7 6 9 3 5 3 6 1 2 9 7 4 8 4 7 9 6 3 8 5 2 1 2 8 5 3 6 1 9 7 6 7 1 4 9 8 5 4 3 2 6 9 3 2 7 4 1 8 5 3 5 2 7 4 6 8 1 9 8 4 1 5 9 3 2 6 7 9 6 7 8 1 2 3 5 4 3 20 
1 5 8 4 3 7 2 9 3 4 3 6 5 2 9 7 6 8 7 2 9 6 1 8 5 4 1 4 8 5 3 6 2 9 7 1 7 1 3 9 8 5 4 6 2 6 9 2 1 7 4 8 3 5 3 9 2 7 5 6 8 1 4 5 4 1 2 3 8 6 2 7 8 6 7 4 9 1 3 5 9 16 29 
1 8 6 8 3 7 2 9 4 5 3 4 9 2 5 1 6 8 7 2 9 6 4 1 5 7 3 8 7 5 3 1 2 9 6 1 4 1 3 5 8 6 7 4 2 6 9 2 7 9 4 8 5 3 3 5 8 2 7 8 4 1 9 9 4 1 1 5 3 6 2 7 2 6 7 4 6 9 3 8 5 12 27 
1 8 4 5 3 7 2 9 6 5 3 6 1 2 9 7 4 8 2 7 9 6 4 8 5 3 1 4 2 5 3 1 2 9 7 6 7 1 3 9 8 6 4 5 2 6 9 8 7 5 4 1 8 3 3 6 2 4 7 5 8 1 9 8 4 1 2 9 3 6 5 7 9 5 7 8 6 1 3 2 4 5 24 
1 5 4 8 5 7 6 9 3 7 3 6 1 2 9 7 4 8 8 2 9 6 4 3 5 2 1 2 8 5 3 1 6 9 7 4 9 1 4 7 8 5 6 3 2 6 7 3 2 9 4 1 8 5 3 6 2 5 7 8 4 1 9 5 4 1 9 3 1 8 2 7 9 8 7 4 6 2 3 6 5 12 27 
1 6 2 8 4 7 6 9 4 5 3 4 9 2 5 1 7 8 8 7 9 6 1 3 5 2 3 4 2 5 3 1 6 9 6 4 9 1 3 7 8 5 7 3 2 6 7 8 2 9 4 1 8 5 3 5 2 4 7 8 2 1 9 8 4 1 9 6 3 8 5 7 9 6 7 1 5 2 3 4 6 24 30 
1 8 4 5 3 7 2 9 6 5 3 6 1 2 9 7 4 8 2 7 9 6 4 8 5 3 1 7 2 5 3 1 6 9 8 4 4 1 3 9 8 5 6 7 2 6 9 8 2 7 4 1 5 3 3 6 2 7 9 8 4 1 5 9 4 1 5 3 2 8 6 7 8 5 7 4 6 1 3 2 9 4 23 
1 6 8 5 3 7 2 9 4 5 3 4 1 2 9 6 7 8 7 2 9 6 4 8 5 3 1 4 7 5 3 1 2 9 8 6 9 1 3 5 8 6 7 4 2 6 8 2 7 9 4 1 5 3 3 5 6 8 7 2 4 1 9 2 4 1 9 5 3 8 6 7 8 9 7 4 6 1 3 2 5 3 19 
1 5 6 8 4 7 2 9 6 7 3 4 5 2 9 4 7 8 8 2 9 6 3 1 5 3 1 4 8 5 3 7 2 9 8 4 9 1 3 5 8 6 7 6 2 6 7 2 9 1 4 1 5 3 3 6 8 4 7 9 8 1 5 9 4 1 8 5 3 6 2 7 2 5 7 2 6 1 3 4 9 19 29 
1 6 2 8 4 7 6 9 3 5 3 4 9 2 5 7 4 8 7 8 9 6 1 3 5 2 1 4 2 5 3 6 1 9 8 1 9 1 3 7 8 5 4 6 2 6 7 8 2 9 4 7 3 5 3 9 6 4 7 2 8 1 5 8 4 1 5 3 9 2 6 7 2 5 7 1 6 8 3 4 9 14 27 
1 6 8 4 5 7 2 9 3 5 3 4 1 2 9 7 6 8 7 2 9 6 3 8 5 4 1 4 7 5 3 1 6 9 8 6 9 1 3 9 8 5 4 7 2 6 8 2 2 7 4 1 3 5 3 5 6 7 4 2 8 1 9 8 4 1 5 9 3 6 2 7 2 9 7 8 6 1 3 5 4 4 19 
1 5 6 5 4 7 6 9 3 7 3 4 1 2 9 4 7 8 8 2 9 6 3 8 5 2 1 7 2 5 3 6 1 9 4 6 4 1 3 7 8 5 7 3 2 6 9 8 2 9 4 8 5 1 3 2 8 7 6 9 8 1 9 9 4 1 1 3 8 2 6 7 5 6 7 4 5 2 3 4 5 33 28 
1 2 4 8 5 7 6 9 3 5 3 6 9 2 1 4 7 8 7 8 9 6 4 3 5 2 1 2 7 5 3 1 6 9 8 4 4 1 3 7 8 5 6 3 2 6 9 8 2 9 4 7 5 1 3 6 2 4 7 9 8 1 5 9 4 1 5 3 8 2 6 7 8 5 7 1 6 2 3 4 9 5 24 
1 8 6 4 5 7 2 9 3 5 3 4 1 2 9 6 7 8 7 2 9 6 3 8 5 4 1 8 7 5 3 1 6 9 8 4 4 1 3 9 8 5 7 6 2 6 9 2 2 7 4 1 3 5 3 5 8 7 9 2 4 1 6 9 4 1 5 6 3 8 2 7 2 6 7 8 4 1 3 5 9 3 16 
1 2 6 8 5 7 4 9 3 5 3 4 1 2 9 6 7 8 7 8 9 6 4 3 5 2 1 4 2 5 3 7 1 9 8 6 9 1 3 5 8 6 7 4 2 6 7 8 2 9 4 1 5 3 3 9 2 7 6 8 4 1 5 8 4 1 9 3 5 2 6 7 5 6 7 4 1 2 3 8 9 6 24 
1 8 4 8 5 7 2 9 6 5 3 6 4 2 9 7 4 8 7 2 9 6 1 3 5 3 1 4 2 5 3 7 1 9 8 4 9 1 3 5 8 6 6 7 2 6 7 8 2 9 4 1 5 3 3 9 2 7 5 8 4 1 6 5 4 1 9 6 3 8 2 7 8 6 7 1 4 2 3 5 9 13 25 
1 8 6 5 3 7 2 9 4 5 3 4 1 2 9 7 6 8 2 7 9 6 4 8 5 3 1 7 2 5 3 1 6 9 8 6 4 1 3 7 8 5 4 5 2 6 9 8 2 9 4 1 7 3 3 9 6 4 7 2 8 1 5 8 4 1 9 5 3 6 2 7 5 2 7 8 6 1 3 4 9 9 24 
1 2 4 5 4 7 6 9 3 5 3 6 1 2 9 4 7 8 7 8 9 6 3 8 5 2 1 2 7 5 3 1 2 9 8 4 4 1 3 9 8 6 7 6 2 6 9 8 7 5 4 1 3 5 3 6 2 4 7 5 8 1 9 9 4 1 8 6 3 2 5 7 8 5 7 2 9 1 3 4 6 6 23 
1 2 8 5 3 7 4 9 6 5 3 6 4 2 9 1 7 8 4 7 9 6 1 8 5 2 3 2 8 5 3 6 1 9 8 4 7 1 4 9 8 5 6 3 2 6 9 3 2 7 4 7 5 1 3 5 2 7 4 6 8 1 9 9 4 1 8 5 3 2 6 7 8 6 7 1 9 2 3 4 5 3 16 
1 6 8 5 3 7 2 9 4 5 3 4 1 2 9 7 6 8 7 2 9 6 4 8 5 3 1 2 8 5 3 1 2 9 7 6 7 1 4 5 8 6 4 3 2 6 9 3 9 7 4 8 5 1 3 5 2 7 4 6 8 1 5 9 4 1 8 5 3 6 2 7 8 6 7 1 9 2 3 4 9 17 25 
1 6 2 8 5 7 2 9 3 5 3 4 4 2 9 1 6 8 7 8 9 6 1 3 5 7 4 4 2 5 3 7 2 9 6 1 9 1 3 5 8 6 7 4 2 6 7 8 1 9 4 8 5 3 3 9 6 2 7 8 4 1 5 8 4 1 9 3 5 6 2 7 2 5 7 4 6 1 3 8 9 10 23 
1 2 4 8 5 7 6 9 3 5 3 6 4 2 9 1 7 8 7 8 9 6 3 1 5 2 4 2 7 5 3 1 6 9 8 4 4 1 3 9 8 5 6 5 2 6 9 8 2 7 4 7 3 1 3 5 2 7 6 8 4 1 9 8 4 1 5 9 3 2 6 7 9 6 7 1 4 2 3 8 5 6 22 
1 2 4 8 5 7 6 9 3 5 3 6 1 2 9 7 4 8 7 8 9 6 4 3 5 2 1 8 7 5 3 6 1 9 7 4 4 1 3 9 8 5 6 3 2 6 9 2 2 7 4 8 5 1 3 6 8 7 9 2 4 1 5 9 4 1 5 3 6 2 8 7 2 5 7 4 1 8 3 6 9 6 22 
1 8 2 5 3 7 4 9 6 5 3 6 4 2 9 1 7 8 4 7 9 6 1 8 5 2 3 8 2 5 3 6 1 9 7 4 7 1 4 9 8 5 6 3 2 6 9 3 2 7 4 8 5 1 3 6 8 7 9 2 4 1 5 9 4 1 8 5 3 2 6 7 2 5 7 1 4 6 3 8 9 3 16 
1 5 8 4 3 7 6 9 3 4 3 6 5 2 9 1 7 8 7 2 9 6 1 8 5 2 4 8 7 5 3 6 2 9 4 6 4 1 3 9 8 5 7 5 2 6 9 2 1 7 4 8 3 1 3 8 2 7 5 6 4 1 9 5 4 1 8 9 3 2 6 7 9 6 7 2 4 1 3 8 5 8 22 
1 2 4 8 5 7 6 9 3 5 3 6 1 2 9 4 7 8 8 7 9 6 4 3 5 2 1 7 8 5 3 1 2 9 4 6 4 1 3 9 8 6 7 3 2 6 9 2 7 5 4 8 5 1 3 5 6 2 7 8 4 1 9 9 4 1 5 3 6 2 8 7 2 8 7 4 9 1 3 6 5 9 21 
1 8 6 5 4 7 2 9 3 5 3 4 9 2 1 6 7 8 2 7 9 6 3 8 5 4 1 7 2 5 3 1 6 9 8 4 4 1 3 7 8 9 6 5 2 6 9 8 2 5 4 7 3 1 3 6 2 4 7 5 8 1 9 9 4 1 8 6 3 2 5 7 8 5 7 1 9 2 3 4 6 6 20 
1 8 6 4 5 7 2 9 3 5 3 4 1 2 9 7 6 8 7 2 9 6 3 8 5 4 1 4 7 5 3 1 2 9 8 6 9 1 3 5 8 6 4 7 2 6 2 8 9 7 4 1 3 5 3 6 2 7 4 5 8 1 9 8 4 1 2 9 3 6 5 7 5 9 7 8 6 1 3 2 4 3 15 
1 2 6 8 3 7 2 9 4 5 3 4 9 2 5 7 6 8 8 7 9 6 4 1 5 3 1 7 8 5 3 1 2 9 8 6 4 1 3 7 8 6 4 5 2 6 9 2 9 5 4 1 7 3 3 6 8 2 7 9 4 1 5 9 4 1 5 6 3 8 2 7 2 5 7 4 1 8 3 6 9 11 24 
1 5 8 4 3 7 2 9 6 4 3 6 5 2 9 1 7 8 2 7 9 6 1 8 5 3 4 7 8 5 3 6 2 9 4 1 4 1 3 9 8 5 7 6 2 6 9 2 1 7 4 8 5 3 3 2 8 7 9 6 4 1 5 9 4 1 8 5 3 6 2 7 5 6 7 2 4 1 3 8 9 3 15 
1 6 2 8 5 7 4 9 3 5 3 4 4 2 9 7 6 8 7 8 9 6 3 1 5 2 1 2 7 5 3 1 2 9 8 6 4 1 3 5 8 6 7 4 2 6 9 8 9 7 4 1 3 5 3 2 6 4 7 5 8 1 9 9 4 1 2 3 8 2 6 7 8 5 7 1 9 6 3 5 4 14 21 
1 8 4 5 3 7 2 9 6 5 3 6 1 2 9 4 7 8 7 2 9 6 4 8 5 3 1 2 7 5 3 6 1 9 8 4 4 1 3 7 8 9 6 5 2 6 9 8 2 5 4 7 3 1 3 5 2 4 7 6 8 1 9 9 4 1 8 3 5 2 6 7 8 6 7 9 1 2 3 4 5 6 20 
1 8 4 5 3 7 2 9 6 5 3 6 9 2 1 7 4 8 2 7 9 6 4 8 5 3 1 4 7 5 3 1 2 9 8 6 9 1 3 5 8 6 4 7 2 6 2 8 7 9 4 1 5 3 3 6 2 4 7 8 4 1 9 9 4 1 2 5 3 8 6 7 8 5 7 1 6 9 3 2 5 9 20 
1 6 8 5 3 7 2 9 4 5 3 4 1 2 9 7 6 8 7 2 9 6 4 8 5 3 1 2 7 5 3 6 1 9 8 4 4 1 3 7 8 5 6 7 2 6 9 8 2 9 4 1 3 5 3 5 6 4 7 2 8 1 9 8 4 1 9 5 3 6 2 7 2 9 7 8 1 6 3 4 5 10 20 
1 5 2 5 4 7 6 9 3 4 3 6 1 2 9 1 7 8 7 8 9 6 3 8 5 2 4 8 7 5 3 6 1 9 4 1 9 1 4 9 8 5 7 6 2 6 2 3 2 7 4 8 3 5 3 5 6 4 7 5 4 1 9 2 4 1 1 6 3 6 8 7 9 8 7 2 9 8 3 2 5 28 27 
1 6 8 8 5 7 4 9 3 5 3 4 1 2 9 6 7 8 7 2 9 6 4 3 5 2 1 4 7 5 3 6 2 9 8 4 9 1 3 9 8 5 6 7 2 6 8 2 7 1 4 1 5 3 3 9 6 2 7 5 8 1 9 2 4 1 8 6 3 2 5 7 8 5 7 4 9 1 3 4 6 17 23 
1 8 6 4 5 7 2 9 3 5 3 4 9 2 1 7 6 8 2 7 9 6 3 8 5 4 1 7 2 5 3 6 2 9 8 4 4 1 3 5 8 9 6 7 2 6 9 8 1 7 4 1 3 5 3 6 2 7 4 5 4 1 9 8 4 1 2 9 3 8 5 7 9 5 7 8 1 6 3 2 6 6 16 
1 2 6 8 4 7 6 9 3 5 3 4 5 2 9 1 7 8 7 8 9 6 3 1 5 2 4 7 8 5 3 1 2 9 4 6 4 1 3 9 8 6 7 5 2 6 9 2 7 5 4 8 3 1 3 6 8 2 7 5 2 1 4 9 4 1 8 9 3 6 5 7 2 5 7 4 6 1 3 8 9 12 20 
1 6 8 4 5 7 2 9 3 5 3 4 1 2 9 6 7 8 7 2 9 6 3 8 5 4 1 4 7 5 3 6 2 9 8 4 9 1 3 7 8 5 6 3 2 6 8 2 9 1 4 7 5 1 3 6 8 7 4 5 4 1 9 5 4 1 2 9 3 8 2 7 2 9 7 8 1 6 3 6 5 15 20 
1 2 4 4 5 7 2 9 6 5 3 6 9 2 1 1 7 8 7 8 9 6 3 8 5 3 4 7 8 5 3 1 6 9 8 4 4 1 3 5 8 9 7 6 2 6 9 2 2 7 4 1 3 5 3 6 2 7 4 5 8 1 9 9 4 1 8 6 3 2 5 7 8 5 7 1 9 2 3 4 6 16 21 
1 6 2 8 4 7 4 9 3 5 3 4 5 2 9 7 6 8 8 7 9 6 3 1 5 2 1 7 8 5 3 1 6 9 4 6 9 1 4 9 8 5 7 3 2 6 2 3 2 7 4 8 5 1 3 5 6 7 6 9 2 1 9 2 4 1 1 3 8 6 5 7 8 9 7 4 5 2 3 8 4 19 23 
1 5 4 8 5 7 2 9 6 7 3 6 1 2 9 1 7 8 8 2 9 6 4 3 5 4 3 2 8 5 3 1 2 9 6 4 9 1 4 5 8 6 7 3 2 6 7 3 9 7 4 1 8 5 3 6 2 7 5 8 4 1 9 5 4 1 9 3 2 6 8 7 9 8 7 4 6 1 3 2 5 17 20 
1 8 6 4 5 7 4 9 6 5 3 4 1 2 9 1 7 8 7 2 9 6 3 8 5 2 3 4 7 5 3 6 1 9 8 4 9 1 3 7 8 9 6 5 2 6 2 8 2 5 4 7 3 1 3 5 6 7 4 5 8 1 9 9 4 1 2 9 3 6 5 7 8 2 7 8 6 1 3 2 4 28 22 
1 8 4 5 3 7 2 9 6 5 3 6 1 2 9 4 7 8 7 2 9 6 4 8 5 3 1 2 7 5 3 6 1 9 8 4 4 1 3 7 8 5 7 6 2 6 9 8 2 9 4 1 5 3 3 5 2 4 7 6 8 1 9 8 4 1 9 5 3 6 2 7 9 6 7 8 1 2 3 4 5 3 15 
1 8 4 5 3 7 2 9 6 5 3 6 9 2 1 4 7 8 2 7 9 6 4 8 5 3 1 7 2 5 3 1 6 9 8 4 4 1 3 7 8 5 7 6 2 6 9 8 2 9 4 1 5 3 3 6 2 4 7 9 8 1 5 9 4 1 8 5 3 6 2 7 8 5 7 1 6 2 3 4 9 3 15 
1 8 6 5 4 7 2 9 3 5 3 4 1 2 9 7 6 8 2 7 9 6 3 8 5 4 1 4 2 5 3 7 1 9 8 6 9 1 3 5 8 6 4 7 2 6 7 8 2 9 4 1 3 5 3 9 2 7 5 8 6 1 4 5 4 1 9 6 3 8 2 7 8 6 7 4 1 2 3 5 9 5 15 
1 2 4 5 3 7 6 9 3 5 3 6 4 2 9 1 7 8 8 7 9 6 1 8 5 2 4 7 8 5 3 6 1 9 8 4 4 1 3 9 8 5 6 3 2 6 9 2 2 7 4 7 5 1 3 5 2 7 9 5 4 1 5 9 4 1 2 6 3 2 8 7 8 6 7 1 4 8 3 6 9 22 20 
1 8 6 5 4 7 2 9 3 5 3 4 1 2 9 6 7 8 2 7 9 6 3 8 5 4 1 7 2 5 3 6 1 9 8 4 4 1 3 9 8 5 7 6 2 6 9 8 2 7 4 1 3 5 3 5 2 7 9 6 8 1 4 9 4 1 8 5 3 6 2 7 8 6 7 4 1 2 3 5 9 3 14 
1 5 6 8 4 7 2 9 3 7 3 4 5 2 9 1 6 8 2 8 9 6 1 3 5 7 4 8 7 5 3 7 1 9 4 6 4 1 3 9 8 6 7 5 2 6 9 2 2 5 4 8 3 1 3 6 8 7 9 2 4 1 5 9 4 1 1 3 5 6 8 7 5 2 7 4 6 8 3 2 9 5 15 
1 2 4 8 5 7 6 9 3 5 3 6 9 2 1 4 7 8 7 8 9 6 4 3 5 2 1 8 7 5 3 6 2 9 4 6 4 1 3 5 8 9 7 3 2 6 9 2 7 1 4 1 8 5 3 5 8 4 7 6 2 1 9 9 4 1 2 3 5 8 6 7 2 6 7 1 9 8 3 5 4 4 14 
1 2 4 8 3 7 6 9 3 5 3 6 9 2 5 7 4 8 8 7 9 6 4 1 5 2 1 4 8 5 3 6 2 9 7 1 7 1 3 5 8 9 4 6 2 6 9 2 7 1 4 8 3 5 3 5 8 4 7 6 2 1 9 2 4 1 8 9 3 6 5 7 9 6 7 2 5 1 3 8 4 8 19 
1 8 6 4 5 7 2 9 3 5 3 4 9 2 1 6 7 8 7 2 9 6 3 8 5 4 1 2 7 5 3 1 6 9 8 4 4 1 3 9 8 5 7 6 2 6 9 8 2 7 4 1 3 5 3 5 2 7 9 8 4 1 6 9 4 1 5 6 3 8 2 7 8 6 7 1 4 2 3 5 9 3 9 
1 8 6 5 4 7 2 9 3 5 3 4 1 2 9 6 7 8 7 2 9 6 3 8 5 4 1 2 7 5 3 6 1 9 8 4 4 1 3 9 8 5 7 6 2 6 9 8 2 7 4 1 3 5 3 5 2 7 9 6 4 1 6 9 4 1 8 5 3 8 2 7 8 6 7 4 1 2 3 5 9 3 7 
1 6 8 5 3 7 2 9 4 5 3 4 1 2 9 7 6 8 7 2 9 6 4 8 5 3 1 4 7 5 3 6 1 9 8 6 9 1 3 7 8 5 4 7 2 6 8 2 2 9 4 1 5 3 3 5 6 4 7 2 8 1 9 8 4 1 9 5 3 6 2 7 2 9 7 8 1 6 3 4 5 4 8 

