MonoObjective Genetic Algorithm
Number of Evaluations = 0
Mutation Probability = 0.0100000000000000002
Crossover Probability = 0.5
Population Size = 100
Survival Selection Type = 16

Time =  300.219850000000008

Current Evaluation = 93400
Front Size = 100
1 6 2 8 5 7 4 9 3 5 3 4 1 2 9 6 7 8 7 8 9 6 4 3 5 2 1 4 7 5 3 1 2 9 8 6 9 1 3 5 8 6 7 4 2 6 2 8 7 9 4 1 3 5 3 5 6 4 7 8 2 1 9 2 4 1 9 3 5 8 6 7 8 9 7 2 6 1 3 5 4 1 22 
1 5 8 4 3 7 2 9 6 4 3 6 5 2 9 1 7 8 2 7 9 6 1 8 5 4 3 8 2 5 3 6 1 9 7 4 7 1 4 9 8 5 6 3 2 6 9 3 2 7 4 8 5 1 3 8 2 7 9 6 4 1 5 9 4 1 8 5 3 6 2 7 5 6 7 1 4 2 3 8 9 3 55 
1 8 4 5 3 7 2 9 6 5 3 6 9 2 1 7 4 8 7 2 9 6 4 8 5 3 1 2 7 5 3 1 6 9 8 4 4 1 3 7 8 9 6 5 2 6 9 8 2 5 4 1 7 3 3 6 2 4 7 5 8 1 9 5 4 1 8 9 3 2 6 7 9 8 7 1 6 2 3 4 5 5 42 
1 2 4 8 5 7 6 9 3 5 3 6 4 2 9 1 7 8 8 7 9 6 3 1 5 2 4 7 8 5 3 6 2 9 4 1 4 1 3 9 8 5 7 6 2 6 9 2 7 1 4 8 3 5 3 5 8 2 7 9 4 1 6 9 4 1 5 3 6 2 8 7 2 6 7 1 4 8 3 5 9 3 40 
1 2 8 4 5 7 6 9 3 5 3 6 9 2 1 4 7 8 4 7 9 6 3 8 5 2 1 7 8 5 3 7 2 9 6 1 9 1 4 5 8 6 4 3 2 6 2 3 1 9 4 7 8 5 3 6 2 7 4 5 8 1 9 9 4 1 8 1 3 6 2 7 8 5 7 2 6 9 3 5 4 11 38 
1 5 4 8 5 7 2 9 3 7 3 6 1 2 9 7 6 8 8 2 9 6 4 3 5 4 1 4 8 5 3 7 2 9 7 6 7 1 3 5 8 6 4 3 2 6 9 2 9 1 4 8 5 1 3 6 8 7 9 5 2 1 4 9 4 1 2 3 8 6 5 7 2 5 7 4 6 1 3 8 9 14 38 
1 5 2 8 3 7 6 9 4 4 3 6 9 2 5 1 7 8 7 8 9 6 4 1 5 2 3 8 2 5 3 7 1 9 4 6 9 1 4 5 8 6 7 3 2 6 7 3 2 9 4 8 5 1 3 6 8 7 5 2 4 1 9 5 4 1 9 6 3 2 8 7 2 9 7 4 1 8 3 6 5 3 37 
1 8 6 5 4 7 2 9 3 5 3 4 1 2 9 6 7 8 2 7 9 6 3 8 5 4 1 7 2 5 3 1 6 9 8 4 4 1 3 9 8 5 7 6 2 6 9 8 2 7 4 1 3 5 3 6 2 7 5 8 4 1 9 9 4 1 2 6 3 8 5 7 8 5 7 4 9 1 3 2 6 3 36 
1 8 6 5 3 7 2 9 4 5 3 4 1 2 9 7 6 8 7 2 9 6 4 8 5 3 1 8 7 5 3 6 2 9 4 1 4 1 3 9 8 5 6 7 2 6 9 2 7 1 4 8 5 3 3 5 8 2 7 6 4 1 9 9 4 1 8 5 3 6 2 7 2 6 7 4 9 1 3 8 5 3 34 
1 6 8 4 5 7 2 9 3 5 3 4 9 2 1 7 6 8 7 2 9 6 3 8 5 4 1 2 7 5 3 1 6 9 8 4 9 1 4 7 8 5 6 3 2 6 8 3 2 9 4 1 7 5 3 5 2 8 7 9 4 1 6 9 4 1 5 6 3 8 2 7 8 6 7 1 4 2 3 5 9 4 32 
1 5 6 8 4 7 2 9 3 7 3 4 9 2 5 1 6 8 2 8 9 6 1 3 5 7 4 8 7 5 3 6 1 9 4 6 4 1 3 7 8 9 7 5 2 6 9 2 2 5 4 8 3 1 3 2 8 4 7 6 4 1 9 9 4 1 5 3 2 6 8 7 5 6 7 1 9 8 3 2 5 6 34 
1 8 4 5 3 7 2 9 6 5 3 6 4 2 9 1 7 8 2 7 9 6 1 8 5 3 4 4 7 5 3 6 2 9 8 1 9 1 3 7 8 5 6 4 2 6 2 8 9 1 4 7 5 3 3 6 2 8 7 9 4 1 5 9 4 1 2 5 3 8 6 7 8 5 7 1 4 6 3 2 9 5 33 
1 2 4 8 5 7 6 9 3 5 3 6 1 2 9 7 4 8 7 8 9 6 4 3 5 2 1 2 7 5 3 6 1 9 8 4 4 1 3 9 8 5 6 7 2 6 9 8 2 7 4 1 3 5 3 5 2 7 9 6 8 1 4 9 4 1 5 3 8 2 6 7 8 6 7 4 1 2 3 5 9 3 31 
1 6 8 5 4 7 2 9 3 5 3 4 1 2 9 7 6 8 2 7 9 6 3 8 5 4 1 4 8 5 3 6 1 9 7 6 7 1 3 9 8 5 4 3 2 6 9 2 2 7 4 1 8 5 3 5 6 7 9 2 8 1 4 9 4 1 8 5 3 6 2 7 8 2 7 4 1 6 3 5 9 4 30 
1 5 8 8 4 7 2 9 6 4 3 6 9 2 5 1 7 8 2 7 9 6 3 1 5 4 3 7 8 5 3 1 2 9 6 4 9 1 4 5 8 6 7 3 2 6 2 3 9 7 4 8 5 1 3 9 2 7 6 8 4 1 5 5 4 1 2 9 3 6 8 7 8 6 7 4 5 1 3 2 9 5 29 
1 8 6 4 5 7 2 9 3 5 3 4 1 2 9 7 6 8 7 2 9 6 3 8 5 4 1 4 2 5 3 7 1 9 8 6 9 1 3 5 8 6 4 7 2 6 7 8 2 9 4 1 3 5 3 9 2 7 4 5 8 1 9 5 4 1 8 6 3 6 2 7 8 6 7 9 1 2 3 5 4 5 28 
1 6 8 5 4 7 2 9 3 5 3 4 9 2 1 6 7 8 7 2 9 6 3 8 5 4 1 4 7 5 3 6 2 9 8 1 9 1 3 7 8 5 4 6 2 6 8 2 1 9 4 7 3 5 3 9 6 4 7 5 8 1 9 8 4 1 2 3 6 2 5 7 2 5 7 8 1 9 3 4 6 8 34 
1 5 8 5 4 7 2 9 6 4 3 6 1 2 9 4 7 8 7 2 9 6 3 8 5 3 1 7 2 5 3 6 1 9 8 4 9 1 4 7 8 5 7 6 2 6 8 3 2 9 4 1 5 3 3 5 6 7 4 2 6 1 9 8 4 1 9 5 3 8 2 7 2 9 7 8 6 1 3 4 5 16 33 
1 2 4 8 3 7 2 9 4 5 3 6 5 2 9 1 6 8 8 7 9 6 4 1 5 7 3 2 7 5 3 6 2 9 8 6 9 1 4 9 8 5 7 4 2 6 8 3 1 7 4 1 5 3 3 9 2 4 7 6 2 1 9 8 4 1 9 5 3 8 6 7 5 6 7 8 1 2 3 4 5 29 34 
1 5 6 8 4 7 2 9 3 7 3 4 5 2 9 1 6 8 2 8 9 6 3 1 5 7 4 4 7 5 3 1 2 9 8 6 9 1 3 7 8 6 4 5 2 6 8 2 9 5 4 1 7 3 3 6 2 4 7 5 8 1 5 5 4 1 8 9 3 6 2 7 8 9 7 2 1 6 3 4 9 11 32 
1 6 2 8 4 7 2 9 3 5 3 4 5 2 9 1 6 8 8 7 9 6 1 3 5 7 4 7 2 5 3 6 1 9 8 4 9 1 4 7 8 5 6 3 2 6 8 3 2 9 4 7 5 1 3 6 8 7 5 2 4 1 9 2 4 1 9 3 6 8 5 7 5 9 7 4 1 8 3 2 6 11 32 
1 5 2 8 4 7 6 9 3 4 3 6 9 2 5 1 7 8 7 8 9 6 3 1 5 2 4 8 7 5 3 1 2 9 4 6 4 1 3 9 8 6 7 5 2 6 9 2 5 7 4 8 3 1 3 6 8 7 5 9 2 1 4 9 4 1 2 6 3 8 5 7 5 2 7 1 4 8 3 6 9 8 28 
1 2 6 8 5 7 4 9 3 5 3 4 9 2 1 7 6 8 8 7 9 6 4 3 5 2 1 7 8 5 3 6 2 9 4 1 4 1 3 5 8 9 6 7 2 6 9 2 1 7 4 8 3 5 3 5 8 7 4 6 2 1 9 9 4 1 2 3 5 6 8 7 2 6 7 9 1 8 3 5 4 5 27 
1 6 8 5 4 7 2 9 3 5 3 4 1 2 9 6 7 8 7 2 9 6 3 8 5 4 1 8 7 5 3 1 2 9 6 4 4 1 3 9 8 6 7 5 2 6 9 2 5 7 4 8 3 1 3 8 6 7 9 2 4 1 5 9 4 1 8 5 3 6 2 7 2 5 7 4 6 1 3 8 9 5 26 
1 6 8 5 3 7 2 9 4 5 3 4 9 2 1 6 7 8 7 2 9 6 4 8 5 3 1 4 7 5 3 1 2 9 8 6 9 1 3 5 8 6 7 4 2 6 8 2 7 9 4 1 5 3 3 5 6 4 7 2 8 1 9 9 4 1 8 5 3 6 2 7 2 8 7 1 6 9 3 4 5 7 26 
1 5 2 8 3 7 4 9 6 4 3 6 5 2 9 1 7 8 7 8 9 6 4 1 5 2 3 8 7 5 3 1 2 9 6 4 9 1 4 7 8 6 7 5 2 6 2 3 9 5 4 8 3 1 3 6 8 4 7 5 2 1 9 5 4 1 2 9 3 6 8 7 2 9 7 1 6 8 3 4 5 3 25 
1 6 8 5 3 7 4 9 3 5 3 4 1 2 9 6 7 8 2 7 9 6 4 8 5 2 1 7 8 5 3 1 2 9 4 6 4 1 3 9 8 6 7 5 2 6 9 2 7 5 4 1 8 3 3 5 6 2 7 9 8 1 4 9 4 1 5 3 8 2 6 7 8 2 7 4 6 1 3 5 9 9 27 
1 5 4 8 3 7 2 9 6 7 3 6 9 2 5 1 7 8 2 8 9 6 4 1 5 3 4 8 7 5 3 6 2 9 4 1 4 1 3 5 8 9 7 6 2 6 9 2 1 7 4 8 5 3 3 2 8 7 9 6 4 1 5 9 4 1 2 5 3 6 8 7 5 6 7 4 1 8 3 2 9 3 25 
1 6 2 8 5 7 4 9 3 5 3 4 1 2 9 7 6 8 7 8 9 6 4 3 5 2 1 2 7 5 3 6 1 9 8 4 4 1 3 7 8 5 6 3 2 6 9 8 2 9 4 1 7 5 3 5 6 4 7 2 8 1 9 8 4 1 9 3 6 2 5 7 9 2 7 5 1 8 3 4 6 3 24 
1 8 4 4 5 7 2 9 6 5 3 6 9 2 1 1 7 8 7 2 9 6 3 8 5 3 4 8 7 5 3 6 2 9 4 1 4 1 3 5 8 9 7 6 2 6 9 2 7 1 4 8 5 3 3 6 8 2 7 9 4 1 5 9 4 1 8 3 5 6 2 7 2 5 7 1 4 6 3 8 9 6 25 
1 8 4 5 3 7 2 9 6 5 3 6 1 2 9 4 7 8 7 2 9 6 4 8 5 3 1 2 7 5 3 1 6 9 8 4 4 1 3 9 8 5 7 6 2 6 9 8 2 7 4 1 5 3 3 5 2 7 6 2 8 1 9 9 4 1 8 5 3 6 2 7 8 6 7 4 9 1 3 4 5 3 23 
1 5 6 8 4 7 2 9 6 7 3 4 5 2 9 7 4 8 8 2 9 6 3 1 5 3 1 2 8 5 3 1 6 9 4 1 7 1 4 7 8 9 6 3 2 6 9 3 2 5 4 7 8 5 3 6 8 7 5 2 4 1 9 5 4 1 9 6 3 8 2 7 9 2 7 1 4 8 3 5 6 21 32 
1 6 2 4 5 7 4 9 3 5 3 4 9 2 1 6 7 8 8 7 9 6 3 8 5 2 1 4 8 5 3 7 2 9 4 1 9 1 3 5 8 6 7 6 2 6 7 2 1 9 4 8 5 3 3 2 6 9 7 8 4 1 5 5 4 1 1 3 6 2 8 7 9 8 7 4 5 2 3 6 9 25 32 
1 2 6 8 3 7 4 9 6 5 3 4 9 2 5 1 7 8 7 8 9 6 4 1 5 2 3 2 7 5 3 6 2 9 8 4 4 1 3 7 8 9 6 5 2 6 9 8 5 1 4 7 3 1 3 5 2 4 7 8 6 1 9 9 4 1 5 6 3 8 2 7 8 6 7 1 9 2 3 4 5 10 30 
1 5 6 8 4 7 2 9 6 7 3 4 5 2 9 1 7 8 8 2 9 6 3 1 5 4 3 2 7 5 3 7 2 9 8 4 4 1 3 9 8 6 6 5 2 6 9 8 1 5 4 7 3 1 3 8 2 7 6 5 4 1 9 5 4 1 8 9 3 6 2 7 9 6 7 2 4 1 3 8 5 13 29 
1 2 8 5 3 7 4 9 6 5 3 6 4 2 9 1 7 8 4 7 9 6 1 8 5 2 3 7 8 5 3 6 2 9 4 1 4 1 3 9 8 5 7 6 2 6 9 2 1 7 4 8 3 5 3 5 8 7 4 6 2 1 9 9 4 1 2 5 3 6 8 7 2 6 7 8 9 1 3 5 4 3 22 
1 5 8 4 3 7 2 9 6 4 3 6 5 2 9 1 7 8 7 2 9 6 1 8 5 4 3 2 7 5 3 7 2 9 8 1 9 1 4 5 8 6 6 4 2 6 8 3 9 1 4 7 3 5 3 6 2 7 4 5 8 1 9 5 4 1 8 9 3 2 6 7 8 9 7 2 6 1 3 5 4 10 28 
1 8 6 4 5 7 2 9 3 5 3 4 1 2 9 7 6 8 2 7 9 6 3 8 5 4 1 8 2 5 3 1 6 9 7 4 7 1 4 9 8 5 6 3 2 6 9 3 2 7 4 1 8 5 3 5 8 7 9 2 4 1 6 9 4 1 5 6 3 8 2 7 2 6 7 8 4 1 3 5 9 3 21 
1 6 8 4 5 7 4 9 3 5 3 4 9 2 1 6 7 8 2 7 9 6 3 8 5 2 1 4 7 5 3 1 2 9 8 6 9 1 3 5 8 6 7 4 2 6 8 2 9 7 4 1 3 5 3 2 6 7 4 5 8 1 9 9 4 1 8 6 3 2 5 7 8 5 7 2 1 9 3 6 4 7 25 
1 5 6 8 4 7 2 9 3 7 3 4 5 2 9 6 7 8 2 8 9 6 1 3 5 4 1 8 7 5 3 6 2 9 4 1 9 1 4 7 8 5 6 3 2 6 2 3 1 9 4 7 8 5 3 6 2 8 7 6 4 1 9 5 4 1 2 9 3 8 5 7 8 9 7 4 5 1 3 2 6 13 29 
1 5 6 8 4 7 2 9 3 7 3 4 5 2 9 1 6 8 8 2 9 6 1 3 5 7 4 2 7 5 3 1 6 9 8 6 4 1 3 7 8 9 4 5 2 6 9 8 2 5 4 7 3 1 3 6 2 4 7 5 8 1 9 5 4 1 9 3 8 6 2 7 9 8 7 1 6 2 3 4 5 5 24 
1 5 2 4 5 7 6 9 3 4 3 6 1 2 9 7 4 8 8 7 9 6 3 8 5 2 1 4 2 5 3 7 6 9 8 6 9 1 3 9 8 5 4 7 2 6 7 8 2 1 4 1 5 3 3 9 6 8 7 5 2 1 4 5 4 1 2 9 3 8 6 7 2 8 7 4 6 1 3 5 9 16 30 
1 8 2 4 5 7 6 9 3 5 3 6 1 2 9 4 7 8 4 7 9 6 3 8 5 2 1 8 2 5 3 7 1 9 6 4 9 1 4 5 8 6 7 3 2 6 7 3 2 9 4 8 5 1 3 6 8 7 4 5 2 1 9 5 4 1 9 1 3 6 8 7 2 9 7 8 6 2 3 4 5 7 24 
1 5 8 8 5 7 2 9 6 7 3 6 4 2 9 1 4 8 4 2 9 6 1 3 5 7 3 2 8 5 3 7 1 9 6 1 9 1 4 5 8 6 7 4 2 6 7 3 2 9 4 8 3 5 3 9 2 7 6 8 4 1 5 5 4 1 9 3 2 6 8 7 8 6 7 1 4 5 3 2 9 10 26 
1 2 6 8 5 7 4 9 3 5 3 4 1 2 9 6 7 8 7 8 9 6 4 3 5 2 1 8 7 5 3 1 2 9 6 4 9 1 4 5 8 6 7 3 2 6 2 3 7 9 4 8 5 1 3 9 2 4 7 8 6 1 5 5 4 1 9 3 6 2 8 7 8 6 7 2 1 5 3 4 9 9 24 
1 2 6 5 3 7 6 9 4 5 3 4 1 2 9 1 7 8 8 7 9 6 4 8 5 2 3 2 8 5 3 1 6 9 4 6 9 1 4 7 8 5 7 3 2 6 7 3 2 9 4 8 5 1 3 9 8 4 7 2 4 1 5 5 4 1 8 9 3 2 6 7 2 6 7 5 6 1 3 8 9 14 29 
1 5 4 8 5 7 2 9 6 7 3 6 1 2 9 4 7 8 2 8 9 6 4 3 5 3 1 8 7 5 3 1 6 9 4 1 4 1 3 9 8 5 7 6 2 6 9 2 2 7 4 8 5 3 3 9 6 4 7 8 2 1 5 5 4 1 9 3 2 8 6 7 8 2 7 5 6 1 3 4 9 16 29 
1 2 8 4 5 7 6 9 3 5 3 6 1 2 9 4 7 8 4 7 9 6 3 8 5 2 1 2 8 5 3 7 6 9 4 1 7 1 4 9 8 5 6 3 2 6 9 3 2 1 4 7 8 5 3 5 2 7 4 2 8 1 9 8 4 1 5 9 3 2 6 7 9 6 7 8 6 1 3 5 4 5 23 
1 8 4 8 5 7 2 9 3 5 3 6 4 2 9 1 6 8 2 7 9 6 1 3 5 7 4 4 2 5 3 7 1 9 8 6 7 1 3 5 8 6 4 3 2 6 9 8 2 9 4 7 5 1 3 5 2 7 4 8 6 1 9 9 4 1 1 3 6 8 5 7 8 6 7 9 5 2 3 2 4 12 28 
1 8 6 8 5 7 2 9 3 5 3 4 1 2 9 7 6 8 2 7 9 6 4 3 5 4 1 4 7 5 3 1 2 9 8 6 9 1 3 5 8 6 4 7 2 6 2 8 7 9 4 1 3 5 3 6 2 4 7 5 8 1 9 9 4 1 2 3 8 6 5 7 8 5 7 9 6 1 3 2 4 5 22 
1 2 4 8 5 7 6 9 3 5 3 6 1 2 9 7 4 8 8 7 9 6 4 3 5 2 1 4 8 5 3 1 2 9 7 6 7 1 3 5 8 6 4 3 2 6 9 2 7 9 4 1 8 5 3 6 8 4 7 5 2 1 9 9 4 1 2 3 1 8 6 7 2 5 7 9 6 8 3 5 4 5 22 
1 5 4 8 4 7 2 9 3 7 3 6 5 2 9 1 6 8 2 8 9 6 3 1 5 7 4 2 7 5 3 7 6 9 4 1 4 1 3 5 8 9 6 3 2 6 9 8 2 1 4 7 8 5 3 6 2 9 7 5 4 1 6 9 4 1 2 3 6 8 5 7 8 5 7 4 1 8 3 2 9 17 29 
1 2 6 8 4 7 6 9 3 5 3 4 5 2 9 1 7 8 7 8 9 6 3 1 5 2 4 4 8 5 3 6 2 9 7 6 7 1 3 9 8 5 4 5 2 6 9 2 1 7 4 1 8 3 3 6 8 5 7 8 4 1 9 9 4 1 2 9 3 2 8 7 2 5 7 4 1 6 3 6 5 20 30 
1 2 4 8 5 7 2 9 6 5 3 6 1 2 9 1 7 8 7 8 9 6 4 3 5 3 4 2 8 5 3 7 1 9 4 1 9 1 4 5 8 6 7 6 2 6 7 3 2 9 4 8 5 3 3 5 6 9 7 8 4 1 9 2 4 1 5 3 6 8 2 7 8 9 7 4 1 2 3 5 6 20 30 
1 6 8 4 5 7 2 9 3 5 3 4 1 2 9 7 6 8 7 2 9 6 3 8 5 4 1 4 7 5 3 1 2 9 8 6 9 1 3 5 8 6 4 7 2 6 8 2 9 7 4 1 3 5 3 5 6 7 4 2 8 1 9 2 4 1 8 9 3 6 5 7 8 9 7 5 6 1 3 2 4 3 20 
1 5 2 5 4 7 6 9 3 7 3 6 1 2 9 7 4 8 4 8 9 6 3 8 5 2 1 4 2 5 3 6 1 9 7 6 7 1 3 5 8 9 4 3 2 6 9 8 2 7 4 1 8 5 3 5 2 4 7 6 8 1 9 8 4 1 8 9 3 2 5 7 9 6 7 1 5 2 3 6 4 17 29 
1 8 4 4 5 7 2 9 6 5 3 6 1 2 9 1 7 8 2 7 9 6 3 8 5 4 3 7 8 5 3 1 2 9 6 4 4 1 3 9 8 6 7 5 2 6 9 2 5 7 4 8 3 1 3 2 8 7 6 5 8 1 4 5 4 1 8 9 3 6 2 7 9 6 7 2 4 1 3 5 9 11 25 
1 8 4 5 3 7 2 9 6 5 3 6 1 2 9 4 7 8 7 2 9 6 4 8 5 3 1 8 7 5 3 1 2 9 6 4 4 1 3 9 8 6 7 5 2 6 9 2 7 5 4 8 3 1 3 6 8 4 7 5 2 1 9 2 4 1 8 9 3 6 8 7 9 5 7 2 6 1 3 4 5 6 23 
1 2 6 5 3 7 4 9 6 5 3 4 9 2 1 1 7 8 8 7 9 6 4 8 5 2 3 7 8 5 3 1 2 9 8 4 9 1 4 5 8 6 7 6 2 6 2 3 9 7 4 1 3 5 3 9 8 7 4 5 2 1 9 2 4 1 8 9 3 6 5 7 5 6 7 1 6 2 3 8 4 19 28 
1 6 8 8 3 7 2 9 6 5 3 4 9 2 5 7 4 8 7 2 9 6 4 1 5 3 1 8 7 5 3 6 2 9 6 4 9 1 4 7 8 9 7 3 2 6 2 3 5 1 4 8 5 1 3 8 6 2 7 6 4 1 5 2 4 1 5 9 3 6 8 7 5 9 7 1 4 8 3 2 9 21 30 
1 5 8 4 5 7 6 9 3 4 3 6 9 2 1 7 4 8 2 7 9 6 3 8 5 2 1 8 7 5 3 1 2 9 6 4 9 1 4 5 8 6 7 5 2 6 2 3 7 9 4 8 3 1 3 6 2 7 5 9 4 1 9 9 4 1 8 6 3 2 8 7 5 8 7 2 4 1 3 6 5 17 27 
1 6 8 5 3 7 2 9 3 5 3 4 9 2 1 1 6 8 2 7 9 6 4 8 5 7 4 7 8 5 3 6 2 9 8 1 9 1 4 7 8 5 6 4 2 6 2 3 1 9 4 7 3 5 3 2 8 5 7 8 4 1 6 9 4 1 2 6 3 8 5 7 5 6 7 9 4 1 3 2 9 22 28 
1 8 4 8 5 7 2 9 6 5 3 6 1 2 9 1 7 8 2 7 9 6 4 3 5 4 3 8 2 5 3 1 2 9 8 4 7 1 4 5 8 6 6 5 2 6 9 3 7 9 4 7 3 1 3 6 8 9 7 2 2 1 9 2 4 1 1 3 6 6 5 7 5 9 7 5 4 8 3 8 4 33 30 
1 2 4 4 3 7 6 9 3 5 3 6 9 2 5 4 7 8 7 8 9 6 1 8 5 2 1 2 8 5 3 6 1 9 4 6 9 1 4 7 8 5 7 3 2 6 7 3 2 9 4 1 8 5 3 8 6 4 7 9 2 1 5 5 4 1 2 3 5 6 8 7 2 9 7 1 6 8 3 4 9 29 29 
1 2 4 8 3 7 6 9 3 5 3 6 9 2 5 4 7 8 7 8 9 6 4 1 5 2 1 8 2 5 3 7 1 9 8 4 9 1 4 5 8 6 7 6 2 6 7 3 2 9 4 1 3 5 3 5 2 4 7 6 8 1 9 8 4 1 8 9 3 2 5 7 9 6 7 1 5 2 3 4 6 18 27 
1 5 2 5 4 7 2 9 6 4 3 6 1 2 9 7 4 8 7 8 9 6 3 8 5 3 1 8 7 5 3 6 2 9 8 4 9 1 4 9 8 5 7 6 2 6 2 3 7 1 4 1 5 3 3 2 8 4 7 6 4 1 5 9 4 1 8 5 3 8 6 7 5 6 7 2 9 1 3 2 9 18 27 
1 8 6 5 4 7 2 9 3 5 3 4 1 2 9 7 6 8 2 7 9 6 3 8 5 4 1 7 2 5 3 6 2 9 8 6 4 1 3 9 8 5 4 7 2 6 9 8 7 1 4 1 3 5 3 5 2 4 7 6 8 1 9 8 4 1 2 9 3 6 5 7 9 6 7 8 5 1 3 2 4 5 21 
1 8 6 5 3 7 2 9 4 5 3 4 9 2 1 7 6 8 2 7 9 6 4 8 5 3 1 7 2 5 3 1 6 9 8 4 4 1 3 7 8 5 6 7 2 6 9 8 2 9 4 1 3 5 3 5 2 4 7 9 8 1 6 9 4 1 8 6 3 2 5 7 8 6 7 1 5 2 3 4 9 6 23 
1 5 8 5 3 7 2 9 4 7 3 6 4 2 9 7 6 8 4 2 9 6 1 8 5 3 1 2 8 5 3 6 2 9 4 1 9 1 4 7 8 5 6 7 2 6 7 3 9 1 4 8 5 3 3 9 2 7 5 8 4 1 9 5 4 1 9 3 6 8 2 7 8 6 7 1 4 2 3 5 6 19 27 
1 5 2 4 5 7 6 9 3 4 3 6 1 2 9 1 7 8 8 7 9 6 3 8 5 2 4 7 2 5 3 1 6 9 6 4 9 1 4 7 8 5 7 3 2 6 8 3 2 9 4 8 5 1 3 9 8 5 7 2 4 1 6 5 4 1 9 6 3 8 2 7 2 6 7 8 4 1 3 5 9 11 23 
1 2 4 8 3 7 2 9 6 5 3 6 9 2 5 7 4 8 7 8 9 6 4 1 5 3 1 2 7 5 3 6 2 9 8 4 4 1 3 5 8 9 6 7 2 6 9 8 1 7 4 1 5 3 3 6 2 7 9 8 4 1 5 9 4 1 2 5 3 8 6 7 8 5 7 4 1 6 3 2 9 6 21 
1 6 8 5 3 7 2 9 4 5 3 4 1 2 9 7 6 8 2 7 9 6 4 8 5 3 1 4 8 5 3 1 2 9 7 6 7 1 3 9 8 6 4 5 2 6 9 2 7 5 4 1 8 3 3 2 6 4 7 9 8 1 5 9 4 1 8 5 3 6 2 7 8 5 7 2 6 1 3 4 9 3 20 
1 2 4 8 5 7 6 9 3 5 3 6 4 2 9 1 7 8 7 8 9 6 1 3 5 2 4 2 7 5 3 1 6 9 4 6 4 1 3 9 8 5 7 3 2 6 9 8 2 7 4 8 5 1 3 6 2 7 4 9 8 1 5 9 4 1 5 3 8 2 6 7 8 5 7 1 6 2 3 4 9 8 22 
1 8 6 8 4 7 2 9 3 5 3 4 5 2 9 6 7 8 2 7 9 6 3 1 5 4 1 4 8 5 3 1 6 9 7 6 9 1 3 9 8 5 4 3 2 6 7 2 2 7 4 8 5 1 3 6 2 8 7 5 6 1 4 9 4 1 9 6 3 2 8 7 8 5 7 2 4 1 3 5 9 28 27 
1 5 4 8 5 7 2 9 3 7 3 6 9 2 1 6 4 8 2 8 9 6 4 3 5 7 1 8 7 5 3 1 2 9 6 4 4 1 3 9 8 6 7 5 2 6 9 2 7 5 4 8 3 1 3 6 8 4 7 2 4 1 5 9 4 1 8 3 9 6 2 7 5 2 7 1 6 5 3 8 9 12 26 
1 8 6 5 4 7 2 9 3 5 3 4 1 2 9 7 6 8 7 2 9 6 3 8 5 4 1 2 7 5 3 6 1 9 8 4 4 1 3 9 8 5 6 7 2 6 9 8 2 7 4 1 3 5 3 5 2 7 9 6 4 1 6 9 4 1 8 5 3 8 2 7 8 6 7 4 1 2 3 5 9 3 18 
1 8 4 5 3 7 2 9 6 5 3 6 1 2 9 4 7 8 2 7 9 6 4 8 5 3 1 4 7 5 3 1 2 9 8 6 9 1 3 5 8 6 7 4 2 6 2 8 7 9 4 1 5 3 3 9 2 4 7 5 4 1 5 8 4 1 9 3 2 8 6 7 5 6 7 8 6 1 3 2 9 12 24 
1 5 4 8 3 7 2 9 6 7 3 6 9 2 5 7 4 8 2 8 9 6 4 1 5 3 1 2 7 5 3 6 1 9 8 4 4 1 3 7 8 9 6 5 2 6 9 8 2 5 4 1 7 3 3 5 2 4 7 6 4 1 9 9 4 1 5 3 2 8 6 7 8 6 7 1 9 8 3 2 5 9 22 
1 5 2 8 3 7 4 9 6 4 3 6 9 2 5 1 7 8 7 8 9 6 4 1 5 2 3 8 7 5 3 1 2 9 6 4 9 1 4 5 8 6 7 3 2 6 2 3 7 9 4 8 5 1 3 9 8 4 7 2 6 1 5 5 4 1 9 6 3 2 8 7 2 6 7 1 5 8 3 4 9 3 17 
1 6 2 8 5 7 4 9 3 5 3 4 9 2 1 6 7 8 7 8 9 6 4 3 5 2 1 2 7 5 3 1 6 9 8 4 4 1 3 7 8 5 6 5 2 6 9 8 2 9 4 7 3 1 3 5 6 4 7 2 8 1 9 9 4 1 5 3 8 2 6 7 8 2 7 1 6 9 3 4 5 5 19 
1 5 2 5 4 7 6 9 3 4 3 6 9 2 1 4 7 8 8 7 9 6 3 8 5 2 1 7 8 5 3 1 2 9 6 4 4 1 3 5 8 6 7 3 2 6 9 2 7 9 4 8 5 1 3 6 8 4 7 9 2 1 5 9 4 1 2 5 3 6 8 7 2 5 7 1 6 8 3 4 9 13 26 
1 2 6 8 5 7 4 9 3 5 3 4 1 2 9 6 7 8 8 7 9 6 4 3 5 2 1 7 8 5 3 1 2 9 4 6 4 1 3 9 8 6 7 5 2 6 9 2 5 7 4 1 8 3 3 6 8 7 9 8 2 1 4 9 4 1 2 3 5 8 6 7 2 5 7 4 6 1 3 5 9 5 19 
1 2 6 8 5 7 4 9 3 5 3 4 9 2 1 7 6 8 8 7 9 6 4 3 5 2 1 4 8 5 3 6 2 9 7 1 7 1 3 5 8 9 6 4 2 6 9 2 7 1 4 8 3 5 3 5 8 2 7 6 4 1 9 9 4 1 1 3 8 2 5 7 2 6 7 4 9 5 3 8 6 5 18 
1 8 2 4 5 7 6 9 3 5 3 6 1 2 9 4 7 8 4 7 9 6 3 8 5 2 1 7 2 5 3 1 6 9 8 4 4 1 3 9 8 5 7 6 2 6 9 8 2 7 4 1 5 3 3 5 6 7 4 2 8 1 9 8 4 1 5 9 3 2 6 7 9 2 7 8 6 1 3 4 5 6 20 
1 5 4 8 3 7 2 9 6 7 3 6 9 2 5 1 4 8 2 8 9 6 4 1 5 7 3 8 7 5 3 1 2 9 6 4 4 1 3 9 8 6 7 5 2 6 9 2 5 7 4 8 3 1 3 2 8 7 6 9 4 1 5 9 4 1 2 5 3 6 8 7 5 6 7 1 4 8 3 2 9 3 16 
1 6 2 8 5 7 4 9 3 5 3 4 9 2 1 7 6 8 7 8 9 6 4 3 5 2 1 4 2 5 3 6 2 9 8 1 7 1 3 5 8 9 6 4 2 6 9 8 7 1 4 7 3 5 3 5 6 4 7 8 2 1 9 2 4 1 9 3 6 8 5 7 9 8 7 5 1 2 3 6 4 12 21 
1 2 4 8 5 7 6 9 3 5 3 6 1 2 9 4 7 8 7 8 9 6 4 3 5 2 1 2 7 5 3 6 1 9 8 4 4 1 3 5 8 9 7 6 2 6 9 8 2 7 4 1 3 5 3 5 2 4 7 5 8 1 9 8 4 1 9 3 6 2 5 7 9 6 7 8 1 2 3 4 6 6 17 
1 2 4 8 5 7 6 9 3 5 3 6 4 2 9 1 7 8 7 8 9 6 1 3 5 2 4 8 7 5 3 6 2 9 6 4 4 1 3 9 8 5 7 3 2 6 9 2 1 7 4 8 5 1 3 5 8 7 9 2 4 1 6 9 4 1 5 3 6 2 8 7 2 6 7 8 4 1 3 5 9 8 18 
1 8 4 5 3 7 2 9 6 5 3 6 1 2 9 7 4 8 7 2 9 6 4 8 5 3 1 2 7 5 3 6 1 9 8 4 4 1 3 7 8 9 6 5 2 6 9 8 2 5 4 1 7 3 3 6 2 7 9 5 4 1 5 9 4 1 8 3 2 8 6 7 5 8 7 4 1 6 3 2 9 8 18 
1 6 2 8 5 7 4 9 3 5 3 4 1 2 9 6 7 8 7 8 9 6 4 3 5 2 1 8 2 5 3 7 1 9 6 4 9 1 4 5 8 6 7 3 2 6 7 3 2 9 4 8 5 1 3 5 6 7 4 8 2 1 9 2 4 1 9 3 5 6 8 7 8 9 7 2 6 1 3 4 5 8 18 
1 5 6 8 3 7 4 9 6 7 3 4 9 2 5 1 7 8 8 2 9 6 4 1 5 2 3 2 7 5 3 1 6 9 8 4 4 1 3 7 8 9 6 5 2 6 9 8 2 5 4 7 3 1 3 6 2 4 7 5 8 1 9 5 4 1 8 9 3 2 6 7 9 8 7 1 6 2 3 4 5 6 16 
1 8 4 5 3 7 6 9 3 5 3 6 9 2 1 1 7 8 7 2 9 6 4 8 5 2 4 2 7 5 3 6 2 9 4 1 4 1 3 9 8 5 7 6 2 6 9 8 7 1 4 8 3 5 3 5 2 4 7 6 4 1 9 9 4 1 8 5 3 2 6 7 8 6 7 1 9 2 3 8 5 13 23 
1 8 4 5 3 7 2 9 6 5 3 6 1 2 9 4 7 8 7 2 9 6 4 8 5 3 1 8 7 5 3 1 2 9 6 4 4 1 3 9 8 6 7 5 2 6 9 2 7 5 4 1 8 3 3 5 8 4 7 2 6 1 9 9 4 1 5 6 3 8 2 7 2 6 7 8 9 1 3 4 5 3 15 
1 5 8 8 4 7 2 9 3 4 3 6 9 2 5 7 6 8 7 2 9 6 3 1 5 4 1 2 7 5 3 1 2 9 4 6 9 1 4 5 8 6 7 3 2 6 8 3 9 7 4 8 5 1 3 6 2 7 5 8 4 1 9 5 4 1 1 9 3 6 2 7 8 9 7 4 6 2 3 8 5 13 21 
1 5 4 8 4 7 2 9 3 7 3 6 9 2 5 1 6 8 8 2 9 6 3 1 5 7 4 4 7 5 3 1 2 9 4 6 9 1 3 5 8 6 7 5 2 6 8 2 7 9 4 8 3 1 3 9 8 2 7 5 4 1 9 5 4 1 9 6 3 6 8 7 2 6 7 8 4 1 3 2 5 14 26 
1 6 8 5 3 7 2 9 4 5 3 4 9 2 1 7 6 8 2 7 9 6 4 8 5 3 1 4 8 5 3 1 2 9 7 6 9 1 3 7 8 6 4 5 2 6 7 2 9 5 4 1 8 3 3 2 6 4 7 5 8 1 9 5 4 1 8 9 3 6 2 7 8 9 7 1 6 2 3 4 5 5 14 
1 2 8 4 5 7 2 9 6 5 3 6 9 2 1 4 7 8 4 7 9 6 3 8 5 3 1 7 2 5 3 1 6 9 8 4 9 1 4 5 8 9 7 6 2 6 8 3 2 7 4 1 5 3 3 6 2 7 5 9 8 1 4 9 4 1 8 6 3 2 5 7 8 5 7 2 4 1 3 6 9 15 26 
1 8 6 5 4 7 2 9 3 5 3 4 1 2 9 7 6 8 2 7 9 6 3 8 5 4 1 7 2 5 3 1 2 9 8 6 4 1 3 9 8 6 4 7 2 6 9 8 7 5 4 1 3 5 3 6 2 7 9 5 8 1 4 9 4 1 8 3 2 6 5 7 8 5 7 4 6 1 3 2 9 7 17 
1 6 2 8 5 7 4 9 3 5 3 4 1 2 9 7 6 8 7 8 9 6 4 3 5 2 1 4 2 5 3 6 1 9 8 4 9 1 3 7 8 5 6 7 2 6 7 8 2 9 4 1 3 5 3 5 6 4 7 8 2 1 9 2 4 1 9 3 6 8 5 7 8 9 7 5 1 2 3 4 6 3 13 
1 2 6 8 5 7 4 9 3 5 3 4 9 2 1 6 7 8 8 7 9 6 4 3 5 2 1 8 7 5 3 1 2 9 4 1 4 1 3 9 8 6 6 5 2 6 9 2 7 5 4 7 8 3 3 6 8 4 7 5 2 1 9 9 4 1 2 3 6 8 5 7 2 5 7 1 9 8 3 6 4 13 20 

