MonoObjective Genetic Algorithm
Number of Evaluations = 0
Mutation Probability = 0.0100000000000000002
Crossover Probability = 0.5
Population Size = 100
Survival Selection Type = 16

Time =  300.113504999999975

Current Evaluation = 167700
Front Size = 100
1 6 2 8 5 7 4 9 3 5 3 4 1 2 9 6 7 8 7 8 9 6 4 3 5 2 1 4 7 5 3 1 2 9 8 6 9 1 3 5 8 6 7 4 2 6 2 8 7 9 4 1 3 5 3 5 6 4 7 8 2 1 9 2 4 1 9 3 5 8 6 7 8 9 7 2 6 1 3 5 4 1 21 
1 5 8 4 3 7 2 9 6 4 3 6 5 2 9 1 7 8 2 7 9 6 1 8 5 4 3 8 2 5 3 6 1 9 7 4 7 1 4 9 8 5 6 3 2 6 9 3 2 7 4 8 5 1 3 8 2 7 9 6 4 1 5 9 4 1 8 5 3 6 2 7 5 6 7 1 4 2 3 8 9 3 55 
1 8 4 5 3 7 2 9 6 5 3 6 9 2 1 7 4 8 7 2 9 6 4 8 5 3 1 2 7 5 3 1 6 9 8 4 4 1 3 7 8 9 6 5 2 6 9 8 2 5 4 1 7 3 3 6 2 8 7 5 4 1 9 9 4 1 1 6 3 8 2 7 8 5 7 4 9 2 3 6 5 3 42 
1 2 4 8 5 7 6 9 3 5 3 6 4 2 9 1 7 8 8 7 9 6 3 1 5 2 4 7 8 5 3 1 2 9 4 6 4 1 3 9 8 6 7 5 2 6 9 2 7 5 4 8 3 1 3 6 8 2 7 9 4 1 5 9 4 1 5 6 3 2 8 7 2 5 7 1 4 8 3 6 9 3 40 
1 6 8 4 5 7 2 9 3 5 3 4 1 2 9 7 6 8 2 7 9 6 3 8 5 4 1 4 8 5 3 1 2 9 7 6 7 1 3 9 8 6 4 5 2 6 9 2 5 7 4 1 8 3 3 2 6 7 4 5 8 1 9 8 4 1 2 9 3 6 5 7 9 5 7 8 6 1 3 2 4 3 37 
1 8 2 4 5 7 6 9 3 5 3 6 1 2 9 4 7 8 4 7 9 6 3 8 5 2 1 7 8 5 3 1 2 9 4 6 9 1 4 5 8 6 7 3 2 6 2 3 9 7 4 1 8 5 3 9 8 7 6 5 2 1 4 5 4 1 2 9 3 8 6 7 2 6 7 8 4 1 3 5 9 3 32 
1 8 6 4 3 7 2 9 6 5 3 4 9 2 5 1 7 8 7 2 9 6 1 8 5 3 4 2 7 5 3 7 2 9 8 1 9 1 4 5 8 6 4 6 2 6 8 3 1 9 4 7 5 3 3 9 2 7 4 9 8 1 5 5 4 1 8 6 3 6 2 7 8 6 7 2 5 1 3 4 9 13 37 
1 6 2 8 3 7 4 9 6 5 3 4 9 2 5 1 7 8 8 7 9 6 4 1 5 2 3 7 2 5 3 1 6 9 8 4 4 1 3 7 8 9 6 5 2 6 9 8 2 5 4 7 3 1 3 5 6 4 7 8 2 1 9 2 4 1 5 9 3 8 6 7 9 8 7 1 6 2 3 4 5 3 32 
1 6 8 5 3 7 2 9 4 5 3 4 9 2 1 6 7 8 2 7 9 6 4 8 5 3 1 7 8 5 3 6 2 9 4 1 4 1 3 5 8 9 7 6 2 6 9 2 1 7 4 8 5 3 3 2 6 7 9 8 4 1 5 9 4 1 2 5 3 6 8 7 8 5 7 4 1 6 3 2 9 5 33 
1 6 2 8 5 7 4 9 3 5 3 4 1 2 9 7 6 8 7 8 9 6 4 3 5 2 1 8 2 5 3 6 1 9 7 4 9 1 4 7 8 5 6 3 2 6 7 3 2 9 4 8 5 1 3 9 8 4 7 2 6 1 5 5 4 1 9 3 6 2 8 7 2 6 7 5 1 8 3 4 9 6 35 
1 2 6 8 5 7 4 9 3 5 3 4 9 2 1 7 6 8 8 7 9 6 4 3 5 2 1 7 8 5 3 6 2 9 8 4 4 1 3 5 8 9 6 7 2 6 9 2 7 1 4 1 3 5 3 6 8 4 7 5 2 1 9 9 4 1 2 3 6 8 5 7 2 5 7 1 9 8 3 4 6 3 32 
1 6 8 5 4 7 2 9 3 5 3 4 1 2 9 7 6 8 7 2 9 6 3 8 5 4 1 2 7 5 3 6 1 9 8 6 9 1 4 7 8 5 4 3 2 6 8 3 2 9 4 1 7 5 3 5 6 4 7 2 8 1 9 9 4 1 8 5 3 6 2 7 8 2 7 9 1 6 3 5 4 6 33 
1 8 4 4 5 7 6 9 3 5 3 6 1 2 9 4 7 8 7 2 9 6 3 8 5 2 1 2 7 5 3 6 1 9 8 4 4 1 3 5 8 9 7 6 2 6 9 8 2 7 4 1 3 5 3 6 2 7 4 5 8 1 9 8 4 1 9 3 6 2 5 7 9 5 7 8 1 2 3 4 6 5 32 
1 8 2 5 3 7 4 9 6 5 3 6 4 2 9 1 7 8 4 7 9 6 1 8 5 2 3 8 2 5 3 7 6 9 4 1 7 1 4 9 8 5 7 6 2 6 9 3 2 1 4 8 3 5 3 5 8 7 9 2 6 1 4 9 4 1 5 6 3 2 8 7 2 6 7 8 4 1 3 5 9 5 30 
1 5 4 4 5 7 2 9 6 7 3 6 9 2 1 1 4 8 8 2 9 6 3 8 5 7 3 4 7 5 3 1 2 9 8 6 9 1 3 5 8 6 7 4 2 6 8 2 7 9 4 1 3 5 3 8 2 9 7 6 4 1 5 9 4 1 5 3 2 8 6 7 5 6 7 1 4 8 3 2 9 19 33 
1 2 4 5 4 7 6 9 3 5 3 6 9 2 1 1 7 8 7 8 9 6 3 8 5 2 4 7 8 5 3 6 2 9 6 1 9 1 4 7 8 5 4 3 2 6 2 3 1 9 4 7 8 5 3 6 8 7 9 8 2 1 9 2 4 1 5 3 6 6 5 7 5 9 7 4 1 2 3 8 4 25 36 
1 6 8 5 3 7 2 9 4 5 3 4 1 2 9 6 7 8 7 2 9 6 4 8 5 3 1 8 7 5 3 1 2 9 4 6 4 1 3 9 8 6 7 5 2 6 9 2 7 5 4 1 8 3 3 5 6 8 7 2 4 1 9 2 4 1 5 9 3 8 6 7 9 8 7 4 6 1 3 2 5 3 28 
1 5 8 8 4 7 2 9 3 4 3 6 5 2 9 6 7 8 7 2 9 6 1 3 5 4 1 8 2 5 3 7 1 9 6 4 9 1 4 5 8 6 7 3 2 6 7 3 2 9 4 1 8 5 3 6 2 7 5 2 8 1 4 9 4 1 1 3 8 6 5 7 5 8 7 9 4 6 3 2 9 14 32 
1 6 8 4 5 7 2 9 3 5 3 4 9 2 1 6 7 8 2 7 9 6 3 8 5 4 1 7 8 5 3 1 2 9 6 4 9 1 4 5 8 6 7 3 2 6 2 3 7 9 4 1 8 5 3 2 6 8 7 5 4 1 9 9 4 1 2 6 3 8 5 7 8 5 7 1 4 9 3 2 6 4 28 
1 8 6 8 5 7 2 9 3 5 3 4 4 2 9 7 6 8 2 7 9 6 1 3 5 4 1 8 2 5 3 6 2 9 7 4 7 1 4 9 8 5 6 3 2 6 9 3 1 7 4 1 8 5 3 5 2 9 7 8 4 1 6 9 4 1 2 3 6 8 5 7 8 6 7 5 4 1 3 2 9 10 31 
1 5 2 8 5 7 6 9 4 4 3 6 9 2 1 1 7 8 7 8 9 6 4 3 5 2 3 8 7 5 3 6 2 9 4 1 4 1 3 9 8 5 7 6 2 6 9 2 7 1 4 8 5 3 3 5 8 4 7 5 4 1 9 9 4 1 2 3 8 2 6 7 2 6 7 1 6 9 3 8 5 16 32 
1 2 4 8 5 7 6 9 3 5 3 6 9 2 1 4 7 8 7 8 9 6 4 3 5 2 1 2 7 5 3 1 6 9 8 4 4 1 3 7 8 5 6 5 2 6 9 8 2 9 4 7 3 1 3 6 2 4 7 9 8 1 5 9 4 1 5 3 8 2 6 7 8 5 7 1 6 2 3 4 9 5 28 
1 2 4 8 5 7 4 9 6 5 3 6 4 2 9 1 7 8 7 8 9 6 1 3 5 2 3 8 7 5 3 1 2 9 6 4 4 1 3 9 8 6 7 5 2 6 9 2 5 7 4 8 3 1 3 5 8 7 4 6 2 1 9 9 4 1 2 3 5 6 8 7 2 6 7 1 9 8 3 4 5 5 27 
1 8 6 4 5 7 2 9 3 5 3 4 1 2 9 6 7 8 7 2 9 6 3 8 5 4 1 2 7 5 3 1 6 9 8 4 4 1 3 9 8 5 7 6 2 6 9 8 2 7 4 1 3 5 3 5 2 7 9 2 4 1 6 9 4 1 8 6 3 8 5 7 8 6 7 5 4 1 3 2 9 3 26 
1 2 8 8 5 7 4 9 3 5 3 6 4 2 9 6 7 8 4 7 9 6 1 3 5 2 1 2 8 5 3 6 1 9 4 6 7 1 4 9 8 5 7 3 2 6 9 3 2 7 4 1 8 5 3 5 2 7 4 6 8 1 9 9 4 1 5 3 8 2 6 7 8 6 7 1 9 2 3 5 4 6 29 
1 2 4 8 5 7 6 9 3 5 3 6 4 2 9 1 7 8 8 7 9 6 3 1 5 2 4 4 7 5 3 6 2 9 8 1 9 1 3 7 8 5 4 6 2 6 8 2 1 9 4 7 3 5 3 6 8 5 7 6 2 1 9 2 4 1 9 1 3 8 5 7 9 5 7 2 4 8 3 4 6 6 28 
1 8 2 4 5 7 2 9 6 5 3 6 1 2 9 1 4 8 4 7 9 6 3 8 5 7 3 7 2 5 3 1 6 9 8 4 9 1 4 7 8 5 6 3 2 6 8 3 2 9 4 7 5 1 3 5 8 7 4 2 6 1 9 2 4 1 9 6 3 8 5 7 9 6 7 5 1 8 3 2 4 13 31 
1 8 6 5 3 7 2 9 4 5 3 4 1 2 9 7 6 8 7 2 9 6 4 8 5 3 1 4 7 5 3 6 1 9 8 6 9 1 3 7 8 9 4 5 2 6 8 2 2 5 4 1 7 3 3 9 8 4 7 6 2 1 5 5 4 1 9 3 2 6 8 7 2 6 7 8 1 5 3 4 9 10 29 
1 5 8 5 4 7 2 9 3 4 3 6 1 2 9 7 6 8 2 7 9 6 3 8 5 4 1 7 8 5 3 6 2 9 8 4 4 1 3 9 8 5 6 3 2 6 9 2 7 1 4 1 7 5 3 6 2 2 7 6 4 1 9 5 4 1 5 9 3 8 2 7 8 9 7 8 4 1 3 5 6 16 31 
1 8 6 4 5 7 2 9 3 5 3 4 1 2 9 7 6 8 7 2 9 6 3 8 5 4 1 4 7 5 3 1 2 9 8 6 9 1 3 5 8 6 4 7 2 6 8 2 7 9 4 1 3 5 3 9 8 2 7 5 6 1 4 5 4 1 9 6 3 8 2 7 2 6 7 8 4 1 3 5 9 3 25 
1 6 2 8 5 7 6 9 3 5 3 4 4 2 9 1 7 8 7 8 9 6 3 1 5 2 4 4 7 5 3 1 2 9 8 6 9 1 3 7 8 6 4 5 2 6 2 8 9 5 4 7 3 1 3 9 6 7 4 2 8 1 5 8 4 1 5 9 3 2 6 7 2 5 7 1 6 8 3 4 9 6 26 
1 5 8 8 4 7 2 9 3 4 3 6 9 2 5 6 7 8 2 7 9 6 1 3 5 4 1 8 7 5 3 6 2 9 6 4 4 1 3 5 8 9 7 3 2 6 9 2 1 7 4 8 5 1 3 8 6 2 7 5 4 1 9 9 4 1 8 3 6 2 5 7 5 2 7 4 9 1 3 8 6 16 31 
1 2 4 8 5 7 2 9 6 5 3 6 1 2 9 7 4 8 7 8 9 6 4 3 5 3 1 2 7 5 3 6 1 9 8 4 4 1 3 9 8 5 6 7 2 6 9 8 2 7 4 1 5 3 3 5 2 7 9 8 4 1 5 9 4 1 5 3 6 2 8 7 8 6 7 4 1 2 3 6 9 7 26 
1 5 2 8 4 7 6 9 3 7 3 6 5 2 9 1 7 8 4 8 9 6 3 1 5 2 4 2 7 5 3 6 2 9 8 6 4 1 3 9 8 5 4 3 2 6 9 8 1 7 4 1 7 5 3 5 6 7 9 8 2 1 4 9 4 1 1 5 3 6 5 7 8 2 7 4 6 2 3 8 9 24 31 
1 5 8 8 3 7 4 9 6 4 3 6 9 2 5 1 7 8 2 7 9 6 4 1 5 2 3 8 2 5 3 6 2 9 8 4 7 1 4 5 8 9 7 6 2 6 9 3 7 1 4 1 3 5 3 6 2 7 4 5 2 1 9 5 4 1 2 9 3 6 8 7 9 8 7 1 6 8 3 5 4 17 30 
1 5 2 4 5 7 2 9 3 4 3 6 9 2 1 1 6 8 7 8 9 6 3 8 5 7 4 8 2 5 3 7 2 9 4 6 9 1 4 5 8 6 7 3 2 6 7 3 1 9 4 8 5 1 3 9 6 2 7 5 8 1 4 2 4 1 8 6 3 6 5 7 8 5 7 4 1 9 3 2 9 19 30 
1 8 4 5 3 7 2 9 6 5 3 6 4 2 9 1 7 8 7 2 9 6 1 8 5 3 4 8 7 5 3 6 1 9 4 1 4 1 3 9 8 5 7 6 2 6 9 2 2 7 4 8 5 3 3 6 8 7 9 2 4 1 5 9 4 1 8 5 3 6 2 7 2 5 7 1 4 6 3 8 9 3 24 
1 6 2 8 5 7 4 9 3 5 3 4 1 2 9 6 7 8 8 7 9 6 4 3 5 2 1 7 2 5 3 1 6 9 8 4 4 1 3 9 8 5 7 6 2 6 9 8 2 7 4 1 3 5 3 5 6 7 4 8 2 1 9 9 4 1 2 3 6 8 5 7 2 8 7 5 9 1 3 4 6 4 24 
1 5 8 5 3 7 2 9 6 4 3 6 1 2 9 4 7 8 2 7 9 6 4 8 5 3 1 4 8 5 3 1 2 9 7 4 9 1 3 7 8 6 6 5 2 6 7 2 5 9 4 8 3 1 3 9 2 7 4 6 8 1 5 5 4 1 8 5 3 2 6 7 8 6 7 9 1 2 3 4 9 21 30 
1 2 4 8 5 7 4 9 6 5 3 6 1 2 9 1 7 8 8 7 9 6 4 3 5 2 3 4 8 5 3 1 2 9 6 1 7 1 3 5 8 6 7 4 2 6 9 2 7 9 4 8 3 5 3 6 8 4 7 5 2 1 9 9 4 1 2 3 8 6 5 7 2 5 7 9 6 1 3 8 4 7 25 
1 5 8 4 3 7 2 9 6 4 3 6 5 2 9 1 7 8 2 7 9 6 1 8 5 4 3 7 8 5 3 7 2 9 6 4 4 1 3 5 8 6 7 3 2 6 9 2 1 9 4 1 8 5 3 2 8 7 4 5 6 1 9 5 4 1 9 3 2 8 5 7 9 6 7 8 6 1 3 2 4 14 29 
1 8 4 5 3 7 6 9 4 5 3 6 4 2 9 1 7 8 2 7 9 6 1 8 5 2 3 7 2 5 3 1 2 9 8 6 4 1 3 5 8 6 7 4 2 6 9 8 7 9 4 1 5 3 3 5 2 2 7 5 4 1 9 9 4 1 8 6 3 8 6 7 8 6 7 1 4 9 3 2 5 16 29 
1 8 4 5 3 7 2 9 6 5 3 6 1 2 9 7 4 8 7 2 9 6 4 8 5 3 1 8 7 5 3 6 2 9 8 4 4 1 3 9 8 5 6 7 2 6 9 2 7 1 4 1 5 3 3 5 8 4 7 6 4 1 9 9 4 1 2 5 3 8 6 7 2 6 7 8 9 1 3 2 5 5 24 
1 2 6 8 4 7 2 9 6 5 3 4 5 2 9 1 7 8 7 8 9 6 3 1 5 3 4 2 8 5 3 7 2 9 8 4 7 1 4 9 8 6 6 5 2 6 9 3 1 5 4 1 7 3 3 5 2 8 7 6 4 1 9 8 4 1 2 9 3 8 6 7 9 6 7 4 1 5 3 2 5 21 29 
1 5 2 4 3 7 4 9 3 4 3 6 5 2 9 7 6 8 8 7 9 6 1 8 5 2 1 4 8 5 3 7 2 9 7 1 7 1 3 9 8 6 6 4 2 6 9 2 1 5 4 8 5 3 3 8 6 7 9 5 4 1 5 2 4 1 8 6 3 6 8 7 9 5 7 2 4 1 3 2 9 24 29 
1 2 8 4 5 7 6 9 3 5 3 6 1 2 9 4 7 8 4 7 9 6 3 8 5 2 1 2 8 5 3 1 2 9 6 4 7 1 4 5 8 6 7 3 2 6 9 3 9 7 4 1 8 5 3 6 2 7 4 5 8 1 9 9 4 1 8 6 3 2 5 7 8 5 7 2 9 1 3 4 6 4 23 
1 2 8 4 5 7 6 9 3 5 3 6 9 2 1 7 4 8 4 7 9 6 3 8 5 2 1 4 8 5 3 6 2 9 7 1 7 1 3 5 8 9 4 6 2 6 9 2 1 7 4 8 3 5 3 5 6 7 4 8 2 1 9 9 4 1 2 3 5 6 8 7 8 2 7 9 1 6 3 5 4 9 27 
1 2 4 8 5 7 2 9 6 5 3 6 4 2 9 1 7 8 8 7 9 6 3 1 5 4 3 2 8 5 3 1 6 9 7 4 7 1 4 9 8 5 6 3 2 6 9 3 2 7 4 1 8 5 3 5 8 7 6 2 4 1 9 2 4 1 5 9 3 8 6 7 9 6 7 1 4 8 3 2 5 8 26 
1 6 8 8 4 7 2 9 3 5 3 4 5 2 9 1 6 8 7 2 9 6 3 1 5 7 4 2 8 5 3 7 1 9 6 1 9 1 4 5 8 6 4 7 2 6 7 3 2 9 4 8 3 5 3 9 8 7 9 2 2 1 9 2 4 1 8 6 3 8 5 7 5 6 7 1 4 5 3 4 6 29 31 
1 2 4 5 3 7 6 9 4 5 3 6 9 2 1 1 7 8 8 7 9 6 4 8 5 2 3 2 7 5 3 1 6 9 8 6 4 1 3 9 8 5 4 7 2 6 9 8 2 7 4 1 3 5 3 5 2 4 7 6 4 1 6 8 4 1 2 3 5 2 5 7 9 6 7 9 1 8 3 8 9 31 29 
1 2 6 4 5 7 4 9 3 5 3 4 1 2 9 6 7 8 7 8 9 6 3 8 5 2 1 8 7 5 3 1 2 9 4 6 4 1 3 9 8 6 7 5 2 6 9 2 5 7 4 1 8 3 3 6 8 7 9 5 2 1 4 9 4 1 2 6 3 8 5 7 2 5 7 8 4 1 3 6 9 5 24 
1 8 6 8 5 7 2 9 3 5 3 4 4 2 9 6 7 8 7 2 9 6 1 3 5 4 1 4 2 5 3 7 1 9 4 1 9 1 3 5 8 6 7 6 2 6 7 8 2 9 4 8 5 3 3 6 2 9 7 8 4 1 5 9 4 1 5 6 3 8 2 7 8 5 7 1 4 2 3 6 9 18 28 
1 8 4 4 5 7 2 9 6 5 3 6 1 2 9 4 7 8 7 2 9 6 3 8 5 3 1 8 7 5 3 1 2 9 6 4 4 1 3 9 8 6 7 5 2 6 9 2 5 7 4 1 8 3 3 6 2 7 4 5 8 1 9 5 4 1 8 9 3 6 2 7 9 8 7 2 6 1 3 4 5 6 24 
1 2 8 5 4 7 6 9 3 5 3 6 1 2 9 7 4 8 4 7 9 6 3 8 5 2 1 7 8 5 3 6 2 9 4 1 4 1 3 9 8 5 6 7 2 6 9 2 7 1 4 8 3 5 3 5 8 2 7 9 4 1 6 9 4 1 8 6 3 2 5 7 2 6 7 4 5 1 3 8 9 8 25 
1 6 2 8 5 7 2 9 6 5 3 4 9 2 1 1 7 8 8 7 9 6 4 3 5 3 4 7 8 5 3 6 2 9 7 6 4 1 3 9 8 5 4 5 2 6 9 2 1 7 4 1 8 3 3 2 8 4 7 9 4 1 5 9 4 1 2 3 5 6 2 7 5 6 7 1 6 8 3 8 9 28 28 
1 8 6 4 5 7 2 9 3 5 3 4 9 2 1 7 6 8 7 2 9 6 3 8 5 4 1 2 7 5 3 6 2 9 8 6 4 1 3 5 8 9 4 7 2 6 9 8 1 7 4 1 3 5 3 5 2 7 4 6 8 1 9 8 4 1 2 9 3 6 5 7 9 6 7 8 1 5 3 2 4 5 23 
1 6 8 5 3 7 2 9 4 5 3 4 4 2 9 7 6 8 2 7 9 6 1 8 5 3 1 4 8 5 3 6 1 9 7 6 7 1 3 9 8 5 4 5 2 6 9 2 2 7 4 1 8 3 3 5 6 7 4 2 8 1 9 9 4 1 8 5 3 6 2 7 8 2 7 1 9 6 3 4 5 6 23 
1 8 6 5 4 7 2 9 3 5 3 4 1 2 9 7 6 8 2 7 9 6 3 8 5 4 1 7 2 5 3 6 1 9 8 4 4 1 3 9 8 5 6 7 2 6 9 8 2 7 4 1 3 5 3 5 2 7 9 6 8 1 4 9 4 1 8 5 3 6 2 7 8 6 7 4 1 2 3 5 9 3 22 
1 6 2 8 5 7 4 9 3 5 3 4 1 2 9 6 7 8 7 8 9 6 4 3 5 2 1 4 2 5 3 7 1 9 8 6 9 1 3 5 8 6 7 4 2 6 7 8 2 9 4 1 3 5 3 9 6 7 6 5 8 1 4 2 4 1 9 3 8 2 5 7 8 5 7 4 1 2 3 6 9 3 20 
1 8 6 4 5 7 2 9 3 5 3 4 9 2 1 6 7 8 2 7 9 6 3 8 5 4 1 7 2 5 3 1 6 9 8 4 4 1 3 5 8 9 7 6 2 6 9 8 2 7 4 1 3 5 3 6 2 7 4 5 8 1 9 9 4 1 8 6 3 2 5 7 8 5 7 1 9 2 3 4 6 3 20 
1 8 4 5 3 7 2 9 6 5 3 6 1 2 9 4 7 8 7 2 9 6 4 8 5 3 1 2 7 5 3 6 1 9 8 4 4 1 3 7 8 5 7 6 2 6 9 8 2 9 4 1 5 3 3 5 2 4 7 6 8 1 9 8 4 1 9 5 3 6 2 7 9 6 7 8 1 2 3 4 5 3 20 
1 2 4 8 5 7 6 9 3 5 3 6 1 2 9 7 4 8 8 7 9 6 4 3 5 2 1 4 7 5 3 1 2 9 8 6 9 1 3 5 8 6 4 7 2 6 8 2 7 9 4 1 3 5 3 5 8 4 7 6 2 1 9 9 4 1 2 3 5 8 6 7 2 6 7 9 1 8 3 5 4 5 21 
1 6 8 4 5 7 2 9 3 5 3 4 1 2 9 7 6 8 2 7 9 6 3 8 5 4 1 7 2 5 3 1 6 9 8 4 9 1 4 7 8 5 6 3 2 6 8 3 2 9 4 1 7 5 3 5 6 8 7 2 4 1 9 2 4 1 9 6 3 8 5 7 8 9 7 5 4 1 3 2 6 3 20 
1 5 2 8 4 7 6 9 3 4 3 6 5 2 9 4 7 8 8 7 9 6 1 3 5 2 1 7 2 5 3 6 1 9 8 4 9 1 4 7 8 5 7 6 2 6 8 3 2 9 4 1 3 5 3 9 8 4 7 2 8 1 6 5 4 1 9 3 6 2 5 7 2 6 7 1 5 8 3 4 9 7 24 
1 6 8 5 4 7 2 9 3 5 3 4 9 2 1 7 6 8 7 2 9 6 3 8 5 4 1 4 7 5 3 1 2 9 8 6 9 1 3 5 8 6 4 7 2 6 8 2 7 9 4 1 3 5 3 9 6 4 7 5 8 1 9 8 4 1 2 9 3 6 5 7 2 5 7 1 6 8 3 2 4 6 21 
1 5 2 5 3 7 4 9 6 4 3 6 1 2 9 1 7 8 8 7 9 6 4 8 5 2 3 7 2 5 3 1 6 9 6 4 9 1 4 7 8 5 7 3 2 6 8 3 2 9 4 8 5 1 3 9 8 4 7 2 6 1 5 5 4 1 9 6 3 2 8 7 2 6 7 8 5 1 3 4 9 7 23 
1 8 4 5 3 7 2 9 6 5 3 6 1 2 9 7 4 8 2 7 9 6 4 8 5 3 1 7 2 5 3 1 6 9 8 4 4 1 3 9 8 5 6 7 2 6 9 8 2 7 4 1 5 3 3 6 2 7 9 2 4 1 5 9 4 1 8 5 3 8 2 7 8 5 7 4 6 1 3 6 9 4 20 
1 6 2 5 3 7 4 9 3 5 3 4 9 2 1 6 7 8 7 8 9 6 4 8 5 2 1 2 7 5 3 1 6 9 4 6 4 1 3 7 8 9 7 5 2 6 9 8 2 5 4 1 8 3 3 5 6 4 7 2 8 1 9 9 4 1 8 9 3 2 5 7 8 2 7 1 6 5 3 6 4 10 25 
1 8 6 5 3 7 2 9 4 5 3 4 1 2 9 6 7 8 7 2 9 6 4 8 5 3 1 8 7 5 3 1 2 9 4 6 9 1 4 5 8 6 7 3 2 6 2 3 7 9 4 8 5 1 3 6 8 2 7 5 4 1 9 9 4 1 8 6 3 2 5 7 2 5 7 9 4 1 3 8 6 11 27 
1 2 4 8 5 7 6 9 3 5 3 6 4 2 9 1 7 8 7 8 9 6 1 3 5 2 4 8 7 5 3 6 2 9 4 1 4 1 3 9 8 5 7 6 2 6 9 2 1 7 4 8 3 5 3 5 8 7 9 6 2 1 4 9 4 1 2 3 8 6 5 7 2 6 7 5 4 1 3 8 9 3 19 
1 8 6 4 5 7 2 9 3 5 3 4 1 2 9 6 7 8 7 2 9 6 3 8 5 4 1 8 7 5 3 1 2 9 6 4 4 1 3 5 8 6 7 3 2 6 9 2 7 9 4 1 8 5 3 6 8 2 7 5 4 1 9 2 4 1 9 6 3 8 5 7 9 5 7 8 4 1 3 2 6 3 19 
1 5 2 8 5 7 6 9 3 4 3 6 4 2 9 1 7 8 8 7 9 6 1 3 5 2 4 2 7 5 3 1 6 9 8 4 4 1 3 5 8 9 6 3 2 6 9 8 2 7 4 7 5 1 3 2 6 7 9 2 8 1 5 9 4 1 8 6 3 2 6 7 5 8 7 1 4 5 3 4 9 18 27 
1 8 6 4 5 7 2 9 3 5 3 4 1 2 9 7 6 8 7 2 9 6 3 8 5 4 1 4 7 5 3 1 2 9 8 6 9 1 3 5 8 6 4 7 2 6 2 8 9 7 4 1 3 5 3 6 2 7 4 5 8 1 9 5 4 1 8 9 3 6 2 7 8 9 7 2 6 1 3 5 4 3 18 
1 5 8 4 3 7 2 9 6 4 3 6 5 2 9 1 7 8 2 7 9 6 1 8 5 3 4 7 8 5 3 6 2 9 4 1 4 1 3 9 8 5 7 6 2 6 9 2 1 7 4 8 3 5 3 2 8 7 9 6 4 1 5 9 4 1 8 5 3 6 2 7 5 6 7 2 4 1 3 8 9 5 19 
1 8 2 8 5 7 6 9 4 5 3 6 4 2 9 1 7 8 4 7 9 6 3 1 5 2 3 8 7 5 3 6 2 9 4 6 9 1 4 7 8 5 7 3 2 6 2 3 1 9 4 8 5 1 3 6 8 5 7 8 4 1 9 5 4 1 9 1 3 2 6 7 2 9 7 2 4 6 3 8 5 11 26 
1 2 4 8 5 7 6 9 3 5 3 6 4 2 9 1 7 8 8 7 9 6 3 1 5 2 4 4 7 5 3 1 2 9 8 6 9 1 3 5 8 6 7 4 2 6 8 2 7 9 4 1 5 3 3 6 8 2 7 5 4 1 9 5 4 1 9 6 3 8 2 7 2 9 7 1 4 8 3 6 5 6 19 
1 2 4 8 4 7 6 9 3 5 3 6 9 2 5 4 7 8 7 8 9 6 1 3 5 2 1 2 8 5 3 6 1 9 7 4 7 1 4 5 8 9 6 3 2 6 9 3 2 7 4 1 8 5 3 5 6 4 7 8 2 1 9 9 4 1 2 5 3 8 6 7 8 2 7 1 9 6 3 4 5 15 26 
1 2 8 4 5 7 6 9 3 5 3 6 1 2 9 7 4 8 4 7 9 6 3 8 5 2 1 2 8 5 3 6 1 9 7 4 7 1 4 9 8 5 6 3 2 6 9 3 2 7 4 1 8 5 3 5 2 7 4 6 8 1 9 8 4 1 5 9 3 2 6 7 9 6 7 8 1 2 3 5 4 3 16 
1 5 8 4 5 7 2 9 3 4 3 6 1 2 9 6 7 8 2 7 9 6 3 8 5 4 1 7 8 5 3 1 2 9 6 4 9 1 4 5 8 6 7 3 2 6 2 3 7 9 4 8 5 1 3 8 6 7 4 2 4 1 9 2 4 1 9 3 5 6 8 7 5 9 7 8 6 1 3 2 5 13 24 
1 6 2 8 4 7 2 9 6 5 3 4 5 2 9 1 7 8 8 7 9 6 3 1 5 4 3 7 2 5 3 1 6 9 6 4 4 1 3 7 8 9 7 5 2 6 9 8 2 5 4 1 8 3 3 5 6 9 7 2 8 1 4 9 4 1 8 5 3 6 2 7 2 8 7 4 6 1 3 5 9 16 25 
1 8 4 8 5 7 2 9 6 5 3 6 1 2 9 7 4 8 7 2 9 6 4 3 5 3 1 8 2 5 3 7 6 9 6 4 9 1 4 9 8 5 7 3 2 6 7 3 2 1 4 1 8 5 3 9 8 4 7 2 8 1 5 2 4 1 5 6 3 6 2 7 5 6 7 1 9 8 3 4 9 20 27 
1 8 6 5 3 7 4 9 3 5 3 4 1 2 9 6 7 8 7 2 9 6 4 8 5 2 1 2 7 5 3 7 1 9 8 6 4 1 3 9 8 6 7 4 2 6 9 8 2 5 4 1 3 5 3 6 2 7 9 5 8 1 4 9 4 1 8 6 3 2 5 7 8 5 7 4 1 2 3 6 9 6 19 
1 8 6 5 3 7 2 9 4 5 3 4 1 2 9 6 7 8 7 2 9 6 4 8 5 3 1 8 7 5 3 6 2 9 4 1 4 1 3 9 8 5 7 6 2 6 9 2 7 1 4 8 5 3 3 5 8 2 7 6 4 1 9 9 4 1 8 5 3 6 2 7 2 6 7 4 9 1 3 8 5 3 16 
1 2 6 5 3 7 4 9 6 5 3 4 9 2 1 1 7 8 8 7 9 6 4 8 5 2 3 7 8 5 3 1 2 9 6 4 4 1 3 9 8 6 7 5 2 6 9 2 7 5 4 8 3 1 3 6 8 4 7 5 2 1 9 5 4 1 2 3 9 6 8 7 9 2 7 1 6 8 3 4 5 9 23 
1 6 8 8 3 7 2 9 6 5 3 4 9 2 5 1 7 8 2 7 9 6 4 1 5 4 3 4 8 5 3 7 1 9 6 4 7 1 3 5 8 6 7 3 2 6 9 2 2 9 4 1 8 5 3 2 6 7 5 2 8 1 4 8 4 1 9 6 3 6 5 7 9 5 7 4 1 8 3 2 9 17 26 
1 6 2 8 5 7 4 9 3 5 3 4 9 2 1 7 6 8 8 7 9 6 4 3 5 2 1 4 8 5 3 1 2 9 7 6 7 1 3 9 8 6 4 5 2 6 9 2 7 5 4 1 8 3 3 5 6 4 7 9 2 1 9 8 4 1 2 3 5 8 6 7 9 2 7 1 6 8 3 4 5 10 23 
1 8 6 5 3 7 2 9 4 5 3 4 1 2 9 6 7 8 7 2 9 6 4 8 5 3 1 8 7 5 3 1 2 9 4 6 4 1 3 9 8 6 7 5 2 6 9 2 7 5 4 1 8 3 3 6 8 2 7 5 4 1 9 9 4 1 8 6 3 8 2 7 2 5 7 4 9 1 3 6 5 3 13 
1 2 8 4 5 7 6 9 3 5 3 6 9 2 1 7 4 8 4 7 9 6 3 8 5 2 1 7 8 5 3 1 6 9 7 4 4 1 3 5 8 9 6 3 2 6 9 2 2 7 4 8 5 1 3 6 2 7 4 5 4 1 6 8 4 1 8 9 3 2 5 7 9 5 7 1 6 2 3 8 9 13 24 
1 6 8 8 5 7 2 9 3 5 3 4 1 2 9 7 6 8 2 7 9 6 4 3 5 4 1 4 8 5 3 1 2 9 7 6 7 1 3 9 8 6 4 5 2 6 9 2 5 7 4 8 3 1 3 5 6 7 9 2 6 1 4 9 4 1 5 3 1 2 8 7 8 2 7 4 6 8 3 5 9 11 23 
1 6 8 4 5 7 2 9 3 5 3 4 1 2 9 7 6 8 7 2 9 6 3 8 5 4 1 4 7 5 3 1 2 9 8 6 9 1 3 5 8 6 4 7 2 6 8 2 9 7 4 1 3 5 3 5 6 7 4 5 8 1 9 8 4 1 2 9 3 6 5 7 2 9 7 8 6 1 3 2 4 3 12 
1 2 6 5 4 7 4 9 3 5 3 4 1 2 9 6 7 8 8 7 9 6 3 8 5 2 1 4 8 5 3 1 6 9 4 6 9 1 3 9 8 5 7 3 2 6 7 2 2 7 4 1 8 5 3 5 6 7 4 2 2 1 4 8 4 1 8 9 3 8 6 7 2 9 7 1 6 5 3 5 9 22 26 
1 2 4 8 5 7 6 9 3 5 3 6 1 2 9 4 7 8 8 7 9 6 4 3 5 2 1 7 2 5 3 6 1 9 8 4 4 1 3 7 8 5 6 3 2 6 9 8 2 9 4 1 7 5 3 8 6 4 7 2 4 1 5 9 4 1 9 3 6 2 8 7 2 5 7 5 1 8 3 6 9 13 23 
1 6 2 8 5 7 4 9 3 5 3 4 1 2 9 7 6 8 7 8 9 6 4 3 5 2 1 8 2 5 3 6 1 9 7 4 9 1 4 7 8 5 6 3 2 6 7 3 2 9 4 1 8 5 3 5 6 4 7 2 8 1 9 8 4 1 9 3 6 2 5 7 2 9 7 5 1 8 3 4 6 3 11 
1 8 6 5 3 7 2 9 4 5 3 4 1 2 9 6 7 8 7 2 9 6 4 8 5 3 1 8 7 5 3 1 2 9 4 6 4 1 3 9 8 6 7 5 2 6 9 2 5 7 4 1 8 3 3 5 8 7 9 6 4 1 5 9 4 1 2 5 3 8 6 7 2 6 7 8 4 1 3 2 9 6 15 
1 6 2 8 5 7 2 9 3 5 3 4 4 2 9 6 7 8 8 7 9 6 3 1 5 4 1 7 2 5 3 1 6 9 8 4 4 1 3 9 8 5 6 5 2 6 9 8 2 7 4 7 3 1 3 5 6 7 9 2 4 1 5 9 4 1 5 6 3 8 2 7 2 8 7 1 4 8 3 6 9 10 22 
1 8 2 5 3 7 4 9 6 5 3 6 4 2 9 1 7 8 4 7 9 6 1 8 5 2 3 8 2 5 3 6 2 9 4 1 7 1 4 9 8 5 7 6 2 6 9 3 1 7 4 8 3 5 3 5 8 7 4 6 2 1 9 9 4 1 2 5 3 6 8 7 2 6 7 8 9 1 3 5 4 4 13 
1 6 8 5 3 7 6 9 3 5 3 4 1 2 9 1 7 8 7 2 9 6 4 8 5 2 4 8 7 5 3 1 2 9 6 1 4 1 3 9 8 6 7 4 2 6 9 2 7 5 4 8 3 5 3 5 6 7 5 2 8 1 4 9 4 1 8 6 3 2 6 7 2 8 7 4 9 1 3 5 9 18 23 
1 5 2 5 3 7 2 9 3 4 3 6 9 2 1 6 7 8 8 7 9 6 4 8 5 4 1 2 7 5 3 6 1 9 6 1 4 1 3 7 8 9 7 4 2 6 9 8 2 5 4 8 5 3 3 2 8 7 6 5 4 1 6 5 4 1 2 9 3 8 5 7 9 6 7 4 1 8 3 2 9 29 27 
1 5 2 8 5 7 6 9 3 4 3 6 9 2 1 1 7 8 7 8 9 6 4 3 5 2 4 8 7 5 3 1 2 9 4 6 9 1 4 5 8 6 7 3 2 6 2 3 7 9 4 8 5 1 3 6 8 4 7 5 4 1 9 5 4 1 2 3 9 2 6 7 2 9 7 1 6 8 3 8 5 7 18 
1 6 8 5 3 7 2 9 4 5 3 4 1 2 9 6 7 8 2 7 9 6 4 8 5 3 1 7 8 5 3 1 2 9 4 6 4 1 3 9 8 6 7 5 2 6 9 2 7 5 4 1 8 3 3 2 6 8 7 5 4 1 9 5 4 1 2 9 3 8 6 7 8 9 7 4 6 1 3 2 5 3 10 

