MonoObjective Genetic Algorithm
Number of Evaluations = 0
Mutation Probability = 0.0100000000000000002
Crossover Probability = 0.5
Population Size = 100
Survival Selection Type = 16

Time =  300.042697999999973

Current Evaluation = 136600
Front Size = 100
8 1 2 7 5 3 6 4 9 9 4 3 6 8 2 1 7 5 6 7 5 4 9 1 2 8 3 1 5 4 2 3 7 8 9 6 3 6 9 8 4 5 7 2 1 2 8 7 1 6 9 5 3 4 5 2 1 9 7 4 3 6 8 4 3 8 5 2 6 9 1 7 7 9 6 3 1 8 4 5 2 1 28 
8 6 9 2 5 4 1 7 3 5 2 3 6 7 1 8 9 4 1 7 4 8 9 3 2 5 6 3 5 2 9 8 7 6 4 1 9 1 6 3 4 5 7 8 2 4 8 7 1 2 6 9 3 5 2 3 1 4 3 9 5 6 8 7 4 8 5 6 2 3 1 9 6 9 5 7 1 8 4 2 7 3 55 
8 2 5 7 1 4 3 9 6 9 1 3 6 5 2 8 4 7 6 7 4 3 9 8 2 5 1 1 5 9 2 3 7 6 8 4 3 8 6 9 4 5 7 2 1 2 4 7 1 8 6 9 3 5 7 3 1 4 2 9 5 6 8 4 6 8 5 7 3 9 1 2 5 9 2 8 6 1 4 7 3 3 46 
8 1 9 2 7 4 6 5 3 2 4 3 6 5 1 8 7 9 5 7 6 8 9 3 2 4 1 6 5 4 9 8 7 1 8 2 1 3 2 3 4 5 7 9 6 7 8 9 1 6 2 5 3 4 5 2 1 7 3 4 9 6 8 4 6 8 5 2 9 3 1 7 3 9 7 8 1 6 4 2 5 7 44 
8 6 2 7 5 4 1 9 3 9 4 3 6 1 2 8 5 7 1 7 5 3 9 8 2 4 6 2 5 4 9 3 7 6 8 1 3 1 6 8 4 5 7 2 9 7 8 9 1 2 6 5 3 4 5 2 1 4 7 3 9 6 8 4 3 8 5 6 9 3 1 2 6 9 7 2 8 1 4 7 5 3 39 
8 6 9 7 1 2 3 5 4 2 4 3 6 5 8 1 7 9 1 7 5 4 9 3 2 8 6 6 5 4 9 3 7 8 4 1 3 1 2 8 4 5 7 9 2 9 8 7 1 2 6 6 3 5 4 3 1 2 7 9 5 6 8 7 2 8 5 6 4 9 1 3 5 9 6 3 8 1 4 2 7 4 38 
8 2 9 7 5 3 1 4 6 4 1 3 6 2 8 9 5 7 6 7 5 4 9 1 2 8 3 3 5 2 9 6 7 8 4 1 1 8 6 3 4 5 7 9 2 9 4 7 1 8 2 6 3 5 7 4 1 2 3 9 5 6 8 2 6 8 5 7 4 3 1 9 3 9 5 8 1 6 4 7 2 6 40 
8 1 5 4 7 2 3 9 6 9 2 3 6 5 1 8 7 4 4 7 6 8 9 3 2 5 1 2 5 9 3 6 7 1 4 9 1 3 6 9 4 5 7 8 2 7 8 4 1 2 8 6 3 5 3 4 1 2 7 9 5 6 8 6 2 8 5 3 4 9 1 7 5 9 7 8 1 6 4 2 3 7 39 
8 1 5 7 2 4 6 9 3 9 2 3 6 5 8 1 7 4 4 7 6 3 9 1 2 8 5 1 5 9 2 3 7 8 4 6 3 8 2 9 4 5 7 2 1 7 6 4 1 8 6 5 3 9 5 3 1 4 7 2 9 6 8 2 4 8 5 6 9 3 1 7 6 9 7 8 1 3 4 5 2 3 37 
8 2 9 7 1 3 6 4 3 4 1 3 6 5 2 8 9 7 6 7 5 4 9 8 2 5 1 9 5 6 3 8 7 1 2 4 1 3 2 9 4 5 7 8 6 7 8 4 1 2 6 5 3 9 5 4 1 2 7 9 3 6 8 3 6 8 5 3 4 9 1 2 2 9 7 8 6 1 4 7 5 5 37 
8 2 5 4 7 3 1 9 6 9 1 3 6 5 2 8 4 7 6 7 4 8 9 1 2 5 3 1 5 9 3 8 7 6 2 4 3 6 2 9 4 5 7 8 1 4 8 7 1 2 6 5 3 9 5 2 1 7 3 4 9 6 8 7 4 8 5 6 9 3 1 2 3 9 6 2 1 8 4 7 5 3 35 
8 6 4 7 5 2 1 9 3 9 2 3 6 8 1 5 7 4 1 7 5 4 9 3 2 8 6 2 5 9 3 6 7 8 4 1 3 1 6 8 4 5 7 2 9 4 8 7 1 2 9 6 3 5 7 3 1 2 3 4 9 6 8 6 4 8 5 7 9 3 1 2 5 9 2 8 1 6 4 5 7 5 35 
8 2 6 4 7 1 3 5 9 9 1 3 6 5 2 1 7 4 5 7 4 8 9 3 2 8 6 1 5 9 2 6 7 8 4 2 3 6 2 3 4 5 7 9 1 4 8 7 1 8 9 6 3 5 7 3 1 9 2 4 5 6 8 2 4 8 5 3 6 9 1 7 6 9 5 7 1 8 4 2 3 6 38 
8 6 9 4 5 2 3 7 1 4 2 3 6 7 1 8 5 9 1 7 5 8 9 3 2 4 6 6 5 4 3 8 7 1 9 2 3 1 2 9 4 5 7 8 6 9 8 7 1 2 6 5 3 4 7 4 1 2 3 9 5 6 8 2 3 8 5 6 4 9 1 7 5 9 6 7 1 8 4 2 3 3 32 
8 1 4 4 5 2 6 7 3 9 2 3 6 7 1 5 8 9 6 7 5 8 9 3 2 4 1 1 5 2 3 6 7 8 9 4 3 8 6 9 4 5 7 2 1 7 4 9 1 8 2 5 3 6 2 3 1 9 7 4 3 6 8 4 6 8 5 3 6 9 1 2 5 9 7 2 1 8 4 5 7 12 37 
8 4 9 2 5 1 6 7 3 2 1 3 6 7 4 8 9 5 5 7 6 3 9 8 2 4 1 3 5 4 9 8 7 1 2 6 1 6 2 3 4 5 7 8 9 9 8 7 1 6 2 5 3 4 4 3 1 7 2 9 3 6 8 6 2 8 5 3 4 9 1 7 7 9 5 8 1 6 4 5 2 5 33 
8 2 5 7 1 3 3 9 6 9 1 3 6 5 2 8 7 4 6 7 4 4 9 8 2 5 1 2 5 9 8 3 7 1 4 6 1 3 6 2 4 5 7 8 9 4 8 7 1 6 9 5 3 2 3 2 1 9 7 4 5 6 8 7 4 8 5 2 6 9 1 3 5 9 6 3 8 1 4 2 7 7 34 
8 2 9 7 1 4 6 5 3 4 1 3 6 5 2 9 8 7 5 7 6 3 9 8 2 4 1 3 5 4 2 6 7 8 9 1 1 8 9 3 4 5 7 2 6 7 6 2 1 8 9 5 3 4 2 3 1 4 7 9 5 6 8 7 4 8 5 2 3 3 1 9 6 9 5 8 1 6 4 7 2 10 35 
8 6 2 4 5 3 3 7 1 9 1 3 6 7 2 8 4 9 4 7 5 8 9 1 2 5 6 3 5 4 9 2 7 6 9 1 1 8 6 3 4 5 7 8 2 7 2 9 1 6 8 5 3 4 2 3 1 4 7 9 5 6 8 6 4 8 5 3 6 9 1 7 5 9 7 2 8 1 4 2 3 13 36 
8 4 9 2 7 1 3 5 6 2 1 3 6 5 4 8 7 9 6 7 5 8 9 3 2 4 1 3 5 4 9 6 7 1 8 2 1 8 2 3 4 5 7 9 6 9 6 7 1 8 2 5 3 4 7 3 1 4 2 9 5 6 8 4 2 8 5 3 6 9 1 7 5 9 6 7 1 8 4 2 3 3 30 
8 6 9 7 2 1 3 5 4 5 2 3 6 5 8 1 7 9 1 7 4 4 9 3 2 8 6 1 5 2 8 3 7 6 9 4 9 3 6 9 4 5 7 2 1 4 8 7 1 6 2 8 3 5 7 4 1 3 2 9 5 6 8 2 6 8 5 7 4 9 1 3 3 9 5 8 1 6 4 7 2 11 35 
8 6 9 4 7 1 6 9 3 5 2 3 6 5 2 5 7 4 1 7 4 8 9 3 2 8 1 1 5 4 9 6 7 1 9 4 3 6 9 3 4 5 7 8 2 2 8 7 1 8 2 6 3 5 2 4 1 9 7 2 9 6 8 6 3 8 5 6 4 3 1 7 7 9 5 3 8 1 4 5 2 39 36 
8 4 2 7 5 1 6 9 3 9 1 3 6 8 2 5 7 4 6 7 5 3 9 4 2 8 1 2 5 9 8 3 7 1 4 6 1 3 6 9 4 5 7 8 2 7 8 4 1 2 6 5 3 9 5 2 1 4 7 9 3 6 8 4 6 8 5 6 3 9 1 7 3 9 7 2 1 8 4 2 5 5 32 
8 1 9 4 5 2 6 7 3 5 2 3 6 7 1 8 9 4 6 7 4 3 9 8 2 5 1 3 5 9 2 6 7 1 4 9 1 8 6 3 4 5 7 8 2 2 4 7 1 8 9 5 3 6 5 2 1 9 7 4 3 6 8 4 3 8 5 2 6 9 1 7 7 9 6 8 1 3 4 2 5 9 33 
8 1 5 2 7 3 6 9 4 9 2 3 6 5 4 1 8 7 6 7 4 8 9 1 2 5 3 1 5 2 9 3 7 8 4 6 3 6 9 8 4 5 7 2 1 4 8 7 1 2 6 9 3 5 2 3 1 4 7 9 5 6 8 7 4 8 5 6 2 3 1 9 5 9 6 3 1 8 4 7 2 3 30 
8 2 9 7 5 1 3 9 4 1 4 3 6 2 8 5 7 1 6 7 5 4 9 3 2 8 6 3 5 9 2 8 7 1 4 2 2 1 6 3 4 5 7 8 9 7 8 4 1 6 9 6 3 5 2 3 1 9 7 4 5 6 8 4 6 8 5 3 2 9 1 7 5 9 7 8 1 6 4 2 3 10 34 
8 2 4 7 5 1 6 9 3 9 1 3 6 8 2 1 7 5 6 7 5 4 9 3 2 8 4 3 5 6 9 2 7 8 4 1 1 8 9 3 4 5 7 2 6 7 4 2 1 6 8 5 3 9 5 3 1 2 7 4 9 6 8 4 6 8 5 3 9 3 1 2 2 9 7 8 1 6 4 5 7 5 32 
8 1 4 7 2 3 6 5 9 9 2 3 6 5 8 1 4 7 5 7 6 4 9 1 2 8 3 3 5 2 2 6 7 8 9 4 1 6 9 3 4 5 7 2 1 4 8 7 1 8 9 5 3 6 2 3 1 9 7 4 3 6 8 7 4 8 5 3 6 9 1 2 6 9 5 8 1 2 4 7 5 6 31 
8 1 4 7 3 2 9 5 6 9 2 3 6 5 8 1 4 7 6 7 5 4 9 1 2 8 3 1 5 9 3 8 7 6 2 4 3 8 6 2 4 5 7 9 1 2 4 7 1 6 9 8 3 5 7 3 1 9 2 4 5 6 8 4 6 8 5 7 6 3 1 9 5 9 2 8 1 3 4 7 2 3 30 
8 1 9 7 3 2 3 5 6 4 2 3 6 5 1 8 7 9 5 7 6 4 9 8 2 4 1 1 5 4 3 8 7 6 9 2 3 6 9 2 4 5 7 8 1 7 8 2 1 6 9 5 3 4 2 3 1 9 7 4 5 6 8 6 4 8 5 2 3 9 1 7 7 9 5 8 1 6 4 2 3 7 31 
8 6 9 3 5 2 6 7 1 2 4 3 6 7 1 8 9 5 1 7 5 4 9 8 2 4 3 6 5 2 8 3 7 1 9 4 3 1 9 2 4 5 7 8 6 7 8 4 1 6 9 5 3 2 5 3 1 7 2 4 9 6 8 4 2 8 5 6 9 3 1 7 7 9 6 8 1 3 4 2 5 10 34 
8 2 9 3 7 4 6 4 5 1 4 3 6 5 2 1 7 9 6 7 5 8 9 1 2 8 3 3 5 2 9 8 7 6 2 4 9 1 6 3 4 5 7 8 1 7 8 4 1 2 6 5 3 9 5 3 1 4 7 9 9 6 8 2 4 8 5 3 6 3 1 7 7 9 6 2 1 8 4 5 2 18 33 
8 2 5 7 1 3 6 4 9 9 4 3 6 5 2 8 7 1 1 7 6 4 9 8 2 5 3 2 5 6 3 8 7 1 9 4 3 1 9 2 4 5 7 8 6 7 8 4 1 6 9 5 3 2 5 2 1 9 7 4 3 6 8 4 3 8 5 2 6 9 1 7 6 9 7 8 3 1 4 2 5 3 29 
8 6 2 4 5 1 3 7 1 9 1 3 6 7 2 8 9 4 5 7 4 3 9 8 2 5 6 2 5 9 2 3 7 1 4 6 3 1 6 8 4 5 7 2 9 4 8 7 1 6 9 8 3 5 4 3 1 7 2 9 5 6 8 7 2 8 5 6 4 9 1 3 6 9 5 8 1 3 4 7 2 14 32 
8 6 9 7 2 4 1 5 6 2 4 3 6 5 1 9 8 7 1 7 5 8 9 3 2 4 3 9 5 2 3 6 7 1 8 4 3 1 6 9 4 5 7 9 2 7 8 4 1 8 2 6 3 5 4 3 1 2 3 9 9 6 8 6 2 8 5 7 4 3 1 7 5 9 7 8 1 6 4 2 5 16 32 
8 1 5 2 7 4 9 5 3 9 2 3 6 5 8 1 4 7 6 7 4 3 9 1 2 8 6 3 5 4 9 8 7 6 8 2 1 8 9 3 4 5 7 9 1 2 6 7 1 2 6 5 3 4 7 2 1 4 3 9 3 6 8 4 3 8 5 6 2 9 1 7 5 9 6 8 7 1 4 2 5 18 33 
8 4 9 2 5 3 1 7 6 2 1 3 6 7 8 8 9 4 6 7 5 4 9 1 2 5 3 9 5 2 3 8 7 6 4 1 1 3 6 9 4 5 7 8 2 7 8 4 1 6 2 5 3 9 5 2 1 7 3 4 9 6 8 4 6 8 5 2 9 3 1 7 3 9 7 8 1 6 4 2 5 3 29 
8 1 9 2 7 3 5 4 6 4 2 3 6 5 8 1 7 9 6 7 5 4 9 1 2 8 3 1 5 4 3 6 7 8 2 4 2 3 6 9 4 5 7 9 1 9 8 7 1 8 2 6 3 5 5 4 1 7 2 9 3 6 8 7 6 8 5 3 4 9 1 2 3 9 2 8 1 6 4 5 7 4 30 
8 1 5 7 2 4 3 7 6 9 2 3 6 5 8 9 5 1 4 7 6 3 9 1 2 8 4 9 5 4 8 3 7 6 2 1 3 1 2 9 4 5 7 8 9 7 8 6 1 2 6 5 3 4 7 4 1 2 3 9 9 6 8 6 3 8 5 7 4 3 1 7 5 9 2 8 6 1 4 5 2 28 33 
8 1 9 7 5 3 6 7 3 5 2 3 6 8 2 9 8 4 6 7 4 4 9 1 2 5 1 3 5 6 2 3 7 8 4 1 1 8 9 8 4 5 7 2 6 4 2 7 1 6 9 5 3 9 2 3 1 7 3 4 3 6 8 7 4 8 5 6 9 9 1 7 6 9 5 2 1 8 4 5 2 28 32 
8 4 5 3 5 2 6 9 3 9 2 3 6 7 8 5 7 1 1 7 6 4 9 1 2 8 4 3 5 4 3 8 7 8 4 6 2 1 6 9 4 5 7 9 1 7 8 9 1 2 6 5 3 2 5 4 1 7 3 9 5 6 8 2 3 8 5 6 4 3 1 9 7 9 6 2 1 8 4 2 7 29 34 
8 6 9 7 2 1 3 5 4 2 1 3 6 5 4 1 9 7 5 7 4 8 9 3 2 8 6 3 5 2 9 6 7 8 4 1 1 8 6 3 4 5 7 2 9 9 4 7 1 8 2 6 3 5 7 2 1 4 3 9 5 6 8 4 3 8 5 7 6 9 1 2 6 9 5 2 1 8 4 7 3 3 29 
8 1 4 2 7 3 6 5 9 9 2 3 6 5 4 8 7 1 6 7 5 8 9 1 2 4 3 4 5 2 3 8 7 1 9 6 1 3 6 9 4 5 7 8 2 7 8 9 1 6 2 5 3 4 5 4 1 7 2 9 3 6 8 2 6 8 5 3 4 9 1 7 3 9 7 8 1 6 4 2 5 3 28 
8 6 4 7 5 2 1 9 3 9 2 3 6 1 8 8 7 4 1 7 5 4 9 3 2 5 6 3 5 2 9 8 7 6 4 1 6 1 9 3 4 5 7 8 2 4 8 7 1 2 6 5 3 9 5 3 1 2 7 4 9 6 8 2 4 8 5 6 9 3 1 7 7 9 6 8 3 1 4 2 5 3 28 
8 1 5 2 7 4 6 9 3 9 2 3 6 5 1 8 7 4 6 7 4 8 9 3 2 5 1 3 5 2 9 8 7 1 4 6 1 6 9 3 4 5 7 8 2 4 8 7 1 6 2 9 3 5 7 3 1 4 2 9 5 6 8 2 4 8 5 3 6 9 1 7 5 9 6 7 1 8 4 2 3 3 27 
8 1 4 7 5 2 6 9 3 9 2 3 6 1 4 8 7 5 6 7 5 3 9 8 2 4 1 6 5 2 9 3 7 1 8 4 1 3 9 8 4 5 7 2 6 4 8 7 1 2 6 5 3 9 5 2 1 4 7 3 9 6 8 7 4 8 5 6 9 3 1 2 3 9 6 2 8 1 4 5 7 3 27 
8 6 9 7 1 2 3 4 5 2 4 3 6 5 8 1 9 7 1 7 5 4 9 3 2 8 6 9 5 4 8 3 7 6 2 1 3 1 6 2 4 5 7 8 9 7 8 2 1 6 9 5 3 4 5 2 1 9 7 4 3 6 8 4 3 8 5 2 6 9 1 7 6 9 7 3 8 1 4 5 2 4 29 
8 1 6 4 7 2 9 5 3 9 2 3 6 5 8 1 4 7 4 7 5 3 9 1 2 8 6 1 5 6 2 3 7 8 9 4 3 8 9 9 4 5 7 2 1 7 4 2 1 8 6 6 3 5 2 4 1 7 3 9 5 6 8 6 3 8 5 2 4 3 1 9 5 9 7 8 1 6 4 7 2 9 31 
8 4 2 7 3 1 6 5 9 9 1 3 6 5 2 8 7 1 6 7 5 4 9 8 2 4 3 3 5 4 2 8 7 1 4 2 1 6 9 3 4 5 7 8 6 2 8 7 1 6 9 9 3 5 7 3 1 9 2 4 5 6 8 4 2 8 5 7 3 3 1 9 5 9 6 8 1 6 4 2 7 11 31 
8 2 5 4 7 1 6 9 3 9 4 3 6 5 2 8 7 1 1 7 6 8 9 3 2 4 5 6 5 9 2 3 7 1 8 4 3 1 2 9 4 5 7 2 6 7 8 4 1 8 6 5 3 9 5 4 1 7 2 9 3 6 8 2 3 8 5 6 4 9 1 7 6 9 7 3 1 8 4 5 2 5 29 
8 4 9 2 5 3 6 7 1 5 2 3 6 7 1 8 9 4 1 7 6 4 9 8 2 5 3 6 5 9 3 8 7 1 4 2 3 1 2 9 4 5 7 8 6 7 8 4 1 6 2 9 3 5 4 3 1 7 2 9 5 6 8 2 6 8 5 3 4 9 1 7 5 9 7 8 1 6 4 2 3 5 29 
8 4 2 4 7 3 1 5 6 9 1 3 6 5 2 8 9 7 5 7 6 8 9 1 2 4 3 3 5 4 2 6 7 6 8 1 1 8 9 3 4 5 7 2 9 6 2 7 1 8 9 5 3 4 4 3 1 7 2 9 3 6 8 7 6 8 5 3 4 9 1 2 2 9 5 8 6 1 4 7 5 11 30 
8 1 5 7 5 3 6 9 3 9 2 3 6 2 8 8 7 4 6 7 4 4 9 1 2 5 1 1 5 9 3 6 7 1 4 6 3 8 6 2 4 5 7 8 2 4 2 7 1 8 9 9 3 5 5 4 1 2 3 9 3 6 8 7 3 8 5 6 4 9 1 2 2 9 6 7 1 8 4 7 5 25 31 
8 1 2 7 5 4 9 5 3 9 4 3 6 2 1 8 7 1 6 7 5 8 9 3 2 4 6 2 5 9 9 3 7 1 8 4 1 3 6 8 4 5 7 2 9 7 8 4 1 2 6 6 3 5 3 2 1 4 7 9 5 6 8 7 4 8 5 6 2 3 1 9 5 9 6 3 1 8 4 7 2 13 30 
8 1 4 2 5 3 6 9 7 9 2 3 6 7 8 8 4 1 5 7 6 4 9 1 2 5 3 3 5 2 9 6 7 1 8 4 1 8 9 3 4 5 7 2 6 4 6 7 1 8 2 9 3 5 2 4 1 7 3 9 5 6 8 7 6 8 5 2 4 3 1 9 3 9 5 8 1 6 4 7 2 5 28 
8 4 5 7 1 2 3 9 6 9 2 3 6 5 4 1 7 5 1 7 6 8 9 3 2 8 4 3 5 2 3 8 7 6 4 1 1 6 9 9 4 5 7 8 2 4 8 7 1 2 6 5 3 9 2 4 1 2 3 9 5 6 8 7 3 8 5 6 4 9 1 7 6 9 5 7 1 8 4 2 3 15 30 
8 2 9 4 7 1 3 5 6 4 1 3 6 5 2 8 9 7 6 7 5 8 9 3 2 4 1 3 5 4 9 8 7 6 2 1 1 6 2 3 4 5 7 8 9 9 8 7 1 2 6 5 3 4 2 4 1 7 3 9 5 6 8 7 3 8 5 6 4 9 1 2 5 9 6 2 1 8 4 7 3 3 27 
8 2 9 7 5 3 6 4 1 4 1 3 6 1 2 9 7 5 6 7 5 8 9 4 2 8 3 3 5 4 2 3 7 1 8 4 1 8 2 9 4 5 7 9 6 9 6 7 1 8 6 5 3 2 7 4 1 2 7 9 5 6 8 2 3 8 5 6 4 3 1 9 6 9 5 3 8 1 4 2 7 16 30 
8 2 4 7 5 3 1 9 6 9 1 3 6 2 4 5 7 4 6 7 5 8 9 1 2 8 3 3 5 2 9 6 7 8 4 1 1 8 9 3 4 5 7 2 6 4 6 7 1 8 2 5 3 9 5 2 1 4 7 9 3 6 8 7 4 8 5 3 6 9 1 2 3 9 6 2 1 8 4 5 7 7 29 
8 2 9 2 5 1 3 7 6 4 1 3 6 7 8 9 8 4 6 7 5 4 9 3 2 5 1 3 5 4 3 2 7 1 4 6 9 1 6 8 4 5 7 2 9 2 8 7 1 6 9 8 3 5 5 3 1 7 3 9 5 6 8 6 4 8 5 2 4 9 1 7 7 9 2 8 1 6 4 2 3 21 30 
8 1 5 7 2 4 3 4 5 9 2 3 6 5 1 1 7 9 4 7 6 3 9 8 2 8 6 9 5 4 8 3 7 1 4 2 3 1 6 9 4 5 7 8 6 7 8 2 1 6 2 5 3 9 5 4 1 4 7 9 3 6 8 2 6 8 5 2 3 9 1 7 3 9 7 8 1 6 4 2 5 25 30 
8 1 9 7 3 2 1 5 6 4 2 3 6 5 1 8 9 7 6 7 5 4 9 8 2 4 3 1 5 2 3 6 7 9 8 4 9 3 6 2 4 5 7 2 1 7 8 4 1 8 9 6 3 5 5 4 1 9 2 3 5 6 8 2 6 8 5 7 4 3 1 9 3 9 7 8 1 6 4 7 2 7 28 
8 1 4 7 2 3 5 9 6 9 2 3 6 5 8 1 7 4 6 7 5 4 9 1 2 8 3 1 5 2 3 8 7 6 4 9 3 8 6 9 4 5 7 2 1 7 4 9 1 6 2 8 3 5 4 3 1 2 7 9 5 6 8 2 6 8 5 3 4 9 1 7 5 9 7 8 1 6 4 2 3 4 27 
8 6 9 7 1 3 1 5 3 2 1 3 6 5 2 9 8 7 4 7 5 4 9 8 2 4 6 1 5 4 9 6 7 9 4 1 3 8 6 3 4 5 7 8 2 9 2 7 1 8 2 6 3 5 5 3 1 4 7 3 5 6 8 6 4 8 5 2 9 3 1 9 7 9 2 8 1 6 4 2 7 26 30 
8 6 5 7 2 4 3 9 1 9 2 3 6 5 1 8 4 7 1 7 4 3 9 8 2 5 6 6 5 9 2 3 7 1 2 4 3 1 2 9 4 5 7 8 6 4 8 7 1 8 6 9 3 5 2 3 1 4 7 9 5 6 8 7 4 8 5 6 2 3 1 9 5 9 6 8 1 3 4 7 2 5 27 
8 6 9 7 1 2 3 5 4 5 2 3 6 5 8 1 9 7 1 7 4 4 9 3 2 8 6 9 5 2 3 6 7 8 4 1 3 1 6 8 4 5 7 2 9 4 8 7 1 2 9 6 3 5 2 3 1 9 7 4 5 6 8 7 4 8 5 3 6 9 1 2 6 9 5 2 8 1 4 7 3 3 26 
8 1 9 4 5 2 6 7 3 2 4 3 6 7 1 8 9 5 6 7 5 8 9 3 2 4 1 9 5 6 3 8 7 1 2 4 1 3 2 9 4 5 7 8 6 7 8 4 1 2 6 5 3 9 5 2 1 7 3 4 9 6 8 4 6 8 5 6 9 3 1 2 3 9 7 2 1 8 4 5 7 3 26 
8 1 4 7 5 2 3 9 6 9 2 3 6 1 8 5 4 7 6 7 5 4 9 3 2 8 1 3 5 9 8 2 7 1 2 4 1 6 2 3 4 5 7 8 9 4 8 7 1 6 9 6 3 5 2 3 1 9 7 4 3 6 8 7 4 8 5 3 6 9 1 2 5 9 6 2 8 1 4 5 7 8 29 
8 1 5 2 7 4 3 9 6 9 2 3 6 5 8 1 8 7 4 7 6 3 9 1 2 5 4 3 5 4 9 6 7 8 4 1 1 8 9 3 4 5 7 2 6 2 6 7 1 8 2 5 3 9 5 3 1 4 2 9 9 6 8 7 4 8 5 7 6 3 1 2 6 9 2 8 1 3 4 7 5 11 29 
8 6 9 4 5 2 1 7 3 2 4 3 6 7 1 8 9 5 1 7 5 3 9 8 2 4 6 3 5 4 9 8 7 6 2 1 6 1 2 3 4 5 7 8 9 9 8 7 1 2 6 5 3 4 5 3 1 2 7 4 9 6 8 4 2 8 5 6 9 3 1 7 7 9 6 8 1 3 4 5 2 3 24 
8 1 9 4 7 2 6 5 3 4 2 3 6 5 1 8 7 9 6 7 5 3 9 8 2 4 1 1 5 4 2 3 7 1 9 6 3 6 2 9 4 5 7 8 2 9 8 7 1 8 6 5 3 4 5 4 1 7 2 9 3 6 8 2 3 8 5 6 4 9 1 7 7 9 6 8 1 3 4 2 5 4 26 
8 2 4 7 5 3 1 9 6 9 1 3 6 8 2 5 7 4 6 7 5 4 9 1 2 8 3 1 5 9 8 3 7 6 2 4 3 6 2 9 4 5 7 8 1 4 8 7 1 2 6 9 3 5 5 4 1 2 7 9 3 6 8 7 3 8 5 6 4 9 1 2 2 9 6 3 1 8 4 5 7 4 26 
8 2 4 7 5 1 6 9 3 9 1 3 6 2 4 8 5 7 6 7 5 3 9 8 2 4 1 3 5 2 9 6 7 1 8 4 1 8 9 3 4 5 7 2 6 4 6 7 1 8 2 9 3 5 2 3 1 4 7 9 5 6 8 7 4 8 5 2 6 3 1 9 5 9 6 8 1 3 4 7 2 3 23 
8 1 4 3 5 2 6 9 7 9 2 3 6 7 8 1 5 4 6 7 5 4 9 1 2 8 3 1 5 2 9 3 7 8 4 6 3 6 9 8 4 5 7 2 1 4 8 7 1 2 6 5 3 9 2 4 1 7 2 9 3 6 8 7 3 8 5 6 4 9 1 2 5 9 6 8 1 3 4 7 5 5 25 
8 1 9 7 2 4 6 5 3 4 2 3 6 5 1 8 7 9 5 7 6 3 9 8 2 4 1 1 5 6 9 3 7 1 8 4 3 8 2 2 4 5 7 9 6 9 4 7 1 8 6 5 3 2 7 3 1 4 7 2 9 6 8 2 4 8 5 6 9 3 1 7 6 9 5 8 1 3 4 2 5 7 26 
8 2 9 7 5 1 6 4 3 4 1 3 6 2 8 9 5 7 6 7 5 4 9 3 2 8 1 2 5 4 3 8 7 1 9 6 1 3 6 9 4 5 7 8 2 9 8 7 1 6 2 5 3 4 5 4 1 2 7 9 3 6 8 7 6 8 5 3 4 9 1 2 3 9 2 8 1 6 4 7 5 4 24 
8 1 9 2 5 4 3 7 6 2 4 3 6 7 1 1 5 9 5 7 6 8 9 3 2 8 4 1 5 2 9 3 7 8 4 6 9 3 6 8 4 5 7 9 1 4 8 7 1 2 6 5 3 2 3 2 1 4 7 9 5 6 8 7 4 8 5 6 2 9 1 3 6 9 5 3 1 8 4 2 7 11 28 
8 1 9 2 7 3 6 7 5 2 4 3 6 5 1 1 9 4 6 7 5 8 9 4 2 8 3 1 5 2 3 6 7 8 4 9 3 6 9 9 4 5 7 2 1 4 8 7 1 8 2 5 3 6 7 2 1 4 3 9 5 6 8 4 3 8 5 2 6 9 1 7 5 9 6 7 1 8 4 2 3 12 29 
8 6 2 7 3 1 1 9 6 9 4 3 6 5 2 8 7 4 1 7 5 4 9 8 2 5 3 2 5 9 8 3 7 6 4 1 1 3 6 9 4 5 7 8 2 4 8 7 1 2 6 9 3 5 4 3 1 9 7 4 3 6 8 7 6 8 5 6 2 9 1 7 5 9 2 8 3 1 4 5 2 26 29 
8 4 9 7 2 3 1 5 6 2 1 3 6 5 4 8 9 7 6 7 5 8 9 1 2 4 3 1 5 4 3 8 7 6 2 9 3 6 2 9 4 5 7 8 1 9 8 7 1 6 2 5 3 4 5 2 1 4 7 9 3 6 8 7 4 8 5 3 6 9 1 2 3 9 6 2 1 8 4 7 5 3 23 
8 2 9 7 5 4 6 7 3 5 4 3 6 2 1 8 9 1 1 7 6 3 9 8 2 4 5 3 5 4 2 8 7 1 9 6 9 1 6 3 4 5 7 8 2 2 8 7 1 6 9 5 3 4 2 3 1 9 7 4 5 6 8 7 4 8 5 2 6 3 1 9 6 9 5 8 1 3 4 2 7 11 28 
8 1 4 7 3 2 6 9 5 9 2 3 6 5 4 1 8 7 5 7 6 8 9 1 2 4 3 3 5 9 2 6 7 1 8 4 1 6 2 3 4 5 7 2 9 7 8 4 1 8 9 5 3 6 7 3 1 4 2 3 9 6 8 6 4 8 5 7 9 3 1 2 2 9 5 8 1 6 4 5 7 12 28 
8 1 9 2 7 4 3 5 6 2 4 3 6 5 1 8 7 9 6 7 5 8 9 3 2 4 1 4 5 2 3 8 7 6 9 1 1 3 6 9 4 5 7 8 2 9 8 7 1 2 6 5 3 4 7 2 1 4 3 9 5 6 8 3 4 8 5 6 2 9 1 7 5 9 6 7 1 8 4 2 3 5 25 
8 1 2 7 3 1 6 5 9 9 4 3 6 5 2 8 7 1 6 7 5 4 9 8 2 4 3 3 5 4 2 8 7 1 9 6 1 6 9 3 4 5 7 8 2 2 8 7 1 6 9 5 3 4 5 2 1 9 7 4 3 6 8 4 3 8 5 2 6 9 1 7 7 9 6 8 1 3 4 2 5 3 19 
8 6 4 7 1 2 5 9 3 9 2 3 6 5 8 1 4 7 1 7 5 4 9 3 2 8 6 4 5 6 9 8 7 6 2 1 3 1 2 3 4 5 7 8 9 7 8 9 1 2 6 5 3 4 5 4 1 2 7 9 3 6 8 6 3 8 5 3 4 9 1 2 2 9 7 8 6 1 4 7 5 7 26 
8 4 9 3 7 2 6 5 9 2 1 3 6 5 4 1 8 7 6 7 5 8 9 1 2 4 3 1 5 4 9 3 7 6 2 4 3 8 6 2 4 5 7 9 1 7 2 9 1 6 8 8 3 5 7 3 1 4 2 9 5 6 8 4 6 8 5 3 6 9 1 2 5 9 2 7 8 1 4 7 3 13 28 
8 1 9 7 2 3 6 5 4 2 4 3 6 5 8 1 9 7 6 7 5 4 9 1 2 8 3 9 5 2 3 6 7 8 4 1 1 3 6 8 4 5 7 2 9 7 8 4 1 2 9 5 3 6 5 2 1 9 7 4 3 6 8 4 6 8 5 3 2 9 1 7 3 9 7 8 1 6 4 2 5 5 25 
8 1 5 4 7 2 6 9 3 9 2 3 6 5 1 8 7 4 6 7 4 8 9 3 2 5 1 1 5 2 9 3 7 1 4 6 3 6 9 2 4 5 7 8 9 4 8 7 1 8 6 5 3 2 5 3 1 7 2 4 9 6 8 2 4 8 5 6 9 3 1 7 7 9 6 3 1 8 4 2 5 4 21 
8 1 5 4 7 2 3 9 6 9 2 3 6 5 1 8 7 4 6 7 4 8 9 3 2 5 1 3 5 2 9 8 7 6 4 1 1 6 9 3 4 5 7 8 2 4 8 7 1 2 6 5 3 9 7 4 1 2 3 9 5 6 8 2 3 8 5 6 4 9 1 7 5 9 6 7 1 8 4 2 3 3 16 
8 2 5 7 5 2 1 9 3 9 1 3 6 1 4 8 7 5 4 7 6 3 9 8 2 4 6 3 5 4 2 6 7 6 8 9 1 8 9 3 4 5 7 2 1 2 6 7 1 8 9 5 3 4 5 3 1 2 7 4 9 6 8 2 4 8 5 6 9 3 1 7 6 9 7 8 3 1 4 5 2 15 28 
8 2 4 4 5 1 6 7 3 9 1 3 6 7 2 8 9 5 6 7 5 3 9 8 2 4 1 4 5 6 9 3 7 1 2 4 1 3 9 2 4 5 7 8 9 7 8 2 1 8 6 5 3 6 5 3 1 7 2 4 9 6 8 2 4 8 5 6 9 3 1 7 6 9 7 8 1 3 4 5 2 9 26 
8 2 4 4 7 1 6 5 9 9 1 3 6 5 2 1 4 7 6 7 5 8 9 3 2 8 3 3 5 2 9 6 7 8 4 1 1 6 9 3 4 5 7 9 2 4 8 7 1 2 8 5 3 6 7 4 1 9 3 2 5 6 8 2 3 8 5 7 4 3 1 9 5 9 6 8 1 6 4 7 2 17 27 
8 2 9 7 5 3 6 4 3 4 1 3 6 1 2 9 8 7 6 7 5 4 9 8 2 5 1 9 5 4 8 3 7 8 2 1 1 3 6 2 4 5 7 9 6 7 8 2 1 6 9 5 3 4 5 2 1 9 2 4 3 6 8 3 4 8 5 7 6 9 1 2 6 9 7 3 8 1 4 7 5 12 26 
8 6 2 7 5 4 1 9 3 9 1 3 6 8 2 5 4 7 5 7 4 3 9 1 2 8 6 1 5 9 2 3 7 6 8 4 3 8 6 9 4 5 7 2 1 4 2 7 1 6 8 5 3 9 7 3 1 4 2 9 3 6 8 6 4 8 5 7 3 9 1 2 2 9 5 8 1 6 4 7 5 5 25 
8 1 5 7 2 4 6 9 3 9 2 3 6 5 8 1 7 4 6 7 4 3 9 1 2 8 5 1 5 9 2 3 7 8 4 6 3 8 6 9 4 5 7 2 1 7 4 2 1 8 6 5 3 9 5 3 1 4 7 2 9 6 8 4 6 8 5 6 9 3 1 2 2 9 7 8 1 3 4 5 7 3 10 
8 6 2 4 7 1 3 5 9 9 1 3 6 5 2 1 7 4 4 7 5 3 9 8 2 8 6 3 5 9 2 6 7 8 4 1 1 8 6 3 4 5 7 9 2 7 2 4 1 8 9 6 3 5 2 3 1 9 7 4 5 6 8 6 4 8 5 2 3 9 1 7 5 9 7 8 1 6 4 2 3 5 24 
8 1 4 7 2 1 6 5 4 9 2 3 6 5 8 1 9 7 6 7 5 4 9 3 2 8 3 2 5 6 9 3 7 8 4 1 1 3 9 8 4 5 7 2 6 4 8 7 1 2 6 5 3 9 5 4 1 2 7 9 3 6 8 2 3 8 5 6 4 9 1 7 7 9 6 3 1 8 4 5 2 12 25 
8 2 9 4 7 1 6 5 3 4 1 3 6 5 2 8 9 7 6 7 5 8 9 3 2 4 1 3 5 4 9 8 7 1 2 6 1 6 2 3 4 5 7 8 9 9 8 7 1 2 6 5 3 4 5 4 1 7 3 9 3 6 8 7 3 8 5 6 4 9 1 2 2 9 6 2 1 8 4 7 5 3 8 
8 2 9 2 5 1 3 9 7 4 1 3 6 7 8 8 5 1 6 7 5 4 9 3 2 4 6 3 5 2 9 8 7 1 8 4 1 8 6 3 4 5 7 2 9 9 4 7 1 6 2 6 3 5 5 3 1 7 2 9 5 6 8 4 6 8 5 3 4 9 1 2 7 9 2 8 1 6 4 7 3 14 25 
8 1 2 2 7 1 3 4 5 9 4 3 6 5 8 1 7 9 5 7 6 4 9 3 2 8 6 3 5 4 2 6 7 8 4 1 1 6 9 3 4 5 7 9 2 2 8 7 1 8 9 6 3 5 2 3 1 9 3 4 9 6 8 7 4 8 5 2 6 3 1 7 6 9 5 7 1 8 4 5 2 20 25 

