MonoObjective Genetic Algorithm
Number of Evaluations = 0
Mutation Probability = 0.0100000000000000002
Crossover Probability = 0.5
Population Size = 100
Survival Selection Type = 16

Time =  300.153565000000015

Current Evaluation = 197100
Front Size = 100
8 1 2 7 5 3 6 4 9 9 4 3 6 8 2 1 7 5 6 7 5 4 9 1 2 8 3 1 5 4 2 3 7 8 9 6 3 6 9 8 4 5 7 2 1 2 8 7 1 6 9 5 3 4 5 2 1 9 7 4 3 6 8 4 3 8 5 2 6 9 1 7 7 9 6 3 1 8 4 5 2 1 22 
8 6 9 2 5 4 1 7 3 5 2 3 6 7 1 8 9 4 1 7 4 3 9 8 2 5 6 3 5 2 9 8 7 6 4 1 9 1 6 3 4 5 7 8 2 4 8 7 1 2 6 9 3 5 2 3 1 4 7 9 5 6 8 7 4 8 5 6 2 3 1 9 6 9 5 8 1 3 4 2 7 3 55 
8 1 4 7 2 3 9 5 6 9 2 3 6 5 8 1 4 7 5 7 6 4 9 1 2 8 3 1 5 9 3 8 7 6 2 4 6 3 2 9 4 5 7 9 1 4 8 7 1 6 2 8 3 5 7 4 1 2 3 9 5 6 8 2 6 8 5 7 4 3 1 9 3 9 5 8 1 6 4 7 2 3 44 
8 2 9 4 7 1 6 5 3 4 1 3 6 5 2 8 7 9 5 7 6 3 9 8 2 4 1 3 5 4 9 6 7 8 2 1 1 8 2 3 4 5 7 9 6 7 6 9 1 8 2 5 3 4 5 3 1 7 2 4 3 6 8 2 4 8 5 3 9 9 1 7 6 9 7 8 1 6 4 5 2 11 45 
8 6 2 4 5 1 3 9 7 9 1 3 6 7 2 8 5 1 4 7 5 8 9 3 2 4 6 1 5 4 9 2 7 6 8 4 6 3 9 3 4 5 7 2 1 7 8 2 1 8 6 5 3 9 5 4 1 7 3 9 9 6 8 7 2 8 5 6 4 3 1 2 3 9 6 2 1 8 4 5 7 14 43 
8 4 5 7 1 2 6 9 1 9 2 3 6 5 8 8 7 4 1 7 6 4 9 3 2 5 3 6 5 9 9 6 7 1 8 4 3 1 2 3 4 5 7 2 6 7 8 4 1 2 8 9 3 5 5 4 1 2 7 9 3 6 8 2 3 8 5 6 4 9 1 7 6 9 7 3 8 1 4 2 5 18 42 
8 2 5 2 7 1 3 4 5 9 4 3 6 5 8 1 7 9 1 7 6 3 9 4 2 8 6 9 5 4 3 2 7 1 4 6 1 3 2 9 4 5 7 8 2 6 8 7 1 8 6 5 3 9 7 4 1 9 3 2 3 6 8 3 2 8 5 6 4 9 1 7 5 9 6 8 7 1 4 5 2 28 41 
8 1 9 7 5 2 6 4 3 4 2 3 6 1 8 9 5 7 6 7 5 4 9 3 2 8 1 3 5 4 9 8 7 1 2 6 1 6 2 3 4 5 7 8 9 9 8 7 1 2 6 5 3 4 5 3 1 2 7 4 9 6 8 7 4 8 5 6 9 3 1 2 2 9 6 8 3 1 4 7 5 3 40 
8 1 5 7 2 4 6 9 3 9 2 3 6 5 1 8 4 7 6 7 4 8 9 3 2 5 1 3 5 2 9 6 7 1 8 4 1 8 9 3 4 5 7 2 6 4 6 7 1 8 2 5 3 9 2 3 1 4 7 9 5 6 8 7 4 8 5 3 6 9 1 2 5 9 6 2 1 8 4 7 3 3 37 
8 2 4 7 5 3 6 9 1 9 1 3 6 2 1 8 4 7 6 7 5 4 9 8 2 5 3 4 5 6 3 8 7 1 2 9 1 3 9 2 4 5 7 8 6 2 8 7 1 6 9 5 3 4 5 4 1 9 7 2 3 6 8 7 6 8 5 3 4 9 1 2 3 9 2 8 1 6 4 7 5 3 37 
8 1 9 2 5 4 6 7 3 2 4 3 6 7 1 8 9 5 6 7 5 8 9 3 2 4 1 9 5 6 3 8 7 1 2 4 1 3 2 9 4 5 7 8 6 7 8 4 1 6 2 5 3 9 5 2 1 7 3 4 9 6 8 4 6 8 5 2 9 3 1 7 3 9 7 8 1 6 4 5 2 3 36 
8 4 9 7 3 2 6 5 1 2 1 3 6 5 8 9 7 4 6 7 5 4 9 1 2 8 3 3 5 9 2 8 7 1 4 6 1 8 6 3 4 5 7 9 2 7 2 4 1 6 9 8 3 5 7 3 1 9 2 4 5 6 8 4 6 8 5 7 6 3 1 9 5 9 2 8 1 3 4 2 7 5 38 
8 4 9 2 5 3 1 7 6 2 1 3 6 7 4 8 5 9 6 7 5 8 9 1 2 4 3 1 5 4 3 8 7 6 9 2 3 6 2 9 4 5 7 8 1 9 8 7 1 2 6 5 3 4 7 3 1 4 3 2 9 6 8 4 2 8 5 6 9 3 1 7 5 9 6 7 1 8 4 2 5 3 35 
8 4 6 7 2 1 3 9 5 9 2 3 6 5 8 1 7 4 1 7 5 4 9 3 2 8 6 3 5 2 9 8 7 6 4 1 6 1 9 3 4 5 7 8 2 7 8 4 1 6 2 5 3 9 4 3 1 2 7 9 5 6 8 2 6 8 5 3 4 9 1 7 5 9 7 8 1 6 4 2 3 3 33 
8 6 9 7 2 4 1 5 3 4 2 3 6 5 1 8 9 7 1 7 5 8 9 3 2 4 6 2 5 4 9 3 7 6 8 1 3 1 6 2 4 5 7 2 9 9 8 7 1 8 6 5 3 4 5 3 1 4 7 2 9 6 8 7 4 8 5 6 9 3 1 2 6 9 2 3 1 8 4 7 5 3 31 
8 4 9 7 5 2 6 5 3 2 1 3 6 1 8 8 9 7 5 7 6 4 9 3 2 4 1 1 5 2 3 6 7 1 9 4 3 8 6 2 4 5 7 8 2 9 4 7 1 8 9 5 3 6 4 2 1 9 7 3 3 6 8 3 6 8 5 2 4 9 1 7 7 9 5 8 6 1 4 2 5 18 38 
8 6 2 4 7 1 3 5 9 9 1 3 6 5 2 1 8 7 5 7 4 8 9 3 2 4 6 1 5 9 3 6 7 8 2 4 3 8 6 2 4 5 7 9 1 4 2 7 1 8 9 6 3 5 7 3 1 9 2 4 5 6 8 2 4 8 5 7 6 9 1 3 6 9 5 3 1 8 4 7 2 5 36 
8 1 4 2 5 3 6 7 9 9 2 3 6 7 8 1 5 4 5 7 6 4 9 1 2 8 3 3 5 2 9 6 7 8 4 1 1 8 9 3 4 5 7 2 6 4 6 7 1 8 2 9 3 5 2 4 1 7 3 9 5 6 8 6 3 8 5 2 4 9 1 7 7 9 5 8 1 6 4 2 3 4 34 
8 1 4 7 5 2 6 9 3 9 2 3 6 1 8 5 7 4 6 7 5 4 9 3 2 8 1 2 5 9 3 8 7 1 4 6 1 3 6 9 4 5 7 2 9 4 8 7 1 2 6 8 3 5 5 4 1 2 7 9 3 6 8 7 6 8 5 3 4 9 1 2 3 9 2 8 6 1 4 5 7 3 29 
8 2 4 7 5 1 3 9 6 9 1 3 6 2 4 8 5 7 6 7 5 3 9 8 2 4 1 3 5 9 2 6 7 1 8 4 1 8 6 3 4 5 7 2 9 2 4 7 1 8 9 6 3 5 7 3 1 4 2 9 5 6 8 4 6 8 5 7 3 9 1 2 5 9 2 8 1 6 4 7 3 4 32 
8 1 9 7 5 2 6 4 3 5 2 3 6 8 1 8 9 7 4 7 6 3 9 4 2 5 1 1 5 4 2 3 7 9 8 6 3 8 2 9 4 5 7 2 1 9 6 7 1 6 8 5 3 4 7 3 1 4 2 9 5 6 8 2 4 8 5 7 6 3 1 9 6 9 5 8 1 3 4 7 2 7 36 
8 1 5 7 3 2 1 9 6 9 2 3 6 5 1 8 4 7 6 7 4 4 9 8 2 5 3 1 5 9 3 8 7 6 2 4 3 6 2 9 4 5 7 8 1 4 8 7 1 2 6 5 3 9 5 4 1 2 7 9 3 6 8 7 3 8 5 6 4 9 1 2 2 9 6 8 1 3 4 7 5 3 29 
8 1 9 2 5 3 6 4 7 4 2 3 6 7 8 1 5 9 6 7 5 4 9 1 2 8 3 2 5 4 3 6 7 8 9 1 1 3 6 9 4 5 7 2 6 9 8 7 1 8 2 5 3 4 5 4 1 7 2 9 3 6 8 7 6 8 5 3 4 9 1 2 3 9 2 8 1 6 4 7 5 3 29 
8 6 9 7 5 2 1 4 3 2 1 3 6 8 4 9 5 7 5 7 4 3 9 1 2 8 6 4 5 6 3 8 7 6 9 2 1 3 9 2 4 5 7 8 1 7 8 2 1 6 9 5 3 4 7 4 1 4 2 9 3 6 8 3 2 8 5 7 6 9 1 7 6 9 5 8 1 3 4 2 5 14 35 
8 1 5 4 7 2 6 9 3 9 2 3 6 5 8 1 7 4 6 7 4 3 9 1 2 8 5 1 5 2 9 3 7 8 4 6 3 6 9 8 4 5 7 2 1 4 8 7 1 2 6 5 3 9 5 3 1 2 7 4 9 6 8 7 4 8 5 6 9 3 1 2 2 9 6 8 1 3 4 5 7 3 29 
8 6 4 7 5 2 1 9 3 9 2 3 6 1 4 8 7 5 1 7 5 3 9 8 2 4 6 4 5 2 9 3 7 6 8 1 3 1 6 8 4 5 7 2 9 7 8 9 1 2 6 5 3 4 5 4 1 2 7 9 3 6 8 2 3 8 5 6 4 9 1 7 6 9 7 3 8 1 4 5 2 3 27 
8 2 9 4 7 1 6 5 3 4 1 3 6 5 2 8 9 7 6 7 5 8 9 3 2 4 1 3 5 4 9 8 7 1 2 6 1 6 2 3 4 5 7 8 9 9 8 7 1 2 6 5 3 4 2 4 1 7 3 9 5 6 8 7 3 8 5 6 4 9 1 2 5 9 6 2 1 8 4 7 3 3 26 
8 4 2 7 5 3 1 9 6 9 1 3 6 2 4 8 5 7 6 7 5 8 9 1 2 4 3 1 5 9 3 8 7 6 2 4 2 3 6 9 4 5 7 8 1 4 8 7 1 6 2 5 3 9 5 2 1 4 7 9 3 6 8 7 4 8 5 3 6 9 1 2 3 9 6 2 1 8 4 7 5 3 25 
8 4 9 7 2 1 6 5 3 2 1 3 6 5 4 8 7 9 6 7 5 3 9 8 2 4 1 9 5 4 2 3 7 1 8 6 1 3 6 8 4 5 7 9 2 7 8 2 1 6 9 5 3 4 5 2 1 4 7 9 3 6 8 4 6 8 5 2 3 9 1 7 3 9 7 8 1 6 4 2 5 4 32 
8 2 4 7 5 3 6 9 1 9 1 3 6 2 4 8 5 7 6 7 5 8 9 1 2 4 3 6 5 2 9 3 7 1 8 4 1 3 9 8 4 5 7 2 6 4 8 7 1 2 6 9 3 5 3 4 1 2 7 9 5 6 8 7 2 8 5 6 4 3 1 9 5 9 6 3 1 8 4 7 2 6 31 
8 6 9 4 7 2 1 5 3 2 1 3 6 5 8 9 4 7 4 7 5 3 9 1 2 8 6 1 5 4 9 3 7 8 2 6 3 8 6 2 4 5 7 9 1 9 2 7 1 8 6 5 3 4 5 3 1 7 2 4 9 6 8 7 4 8 5 6 9 3 1 2 6 9 2 8 1 3 4 7 5 3 25 
8 1 5 2 7 4 3 9 6 9 2 3 6 5 1 8 4 7 4 7 6 3 9 8 2 5 1 1 5 2 9 3 7 6 8 4 3 6 9 8 4 5 7 2 1 7 8 4 1 6 2 9 3 5 2 4 1 7 3 9 5 6 8 6 3 8 5 2 4 9 1 7 5 9 7 8 1 6 4 2 3 8 31 
8 4 9 2 5 3 6 7 1 2 1 3 6 7 4 8 5 9 6 7 5 8 9 1 2 4 3 3 5 4 9 6 7 1 8 2 1 8 2 3 4 5 7 9 6 9 6 7 1 8 2 5 3 4 5 2 1 4 3 9 3 6 8 4 3 8 5 2 6 9 1 7 7 9 6 7 1 8 4 2 5 3 24 
8 6 2 3 7 1 1 7 6 9 1 3 6 5 2 9 4 5 5 7 4 4 9 8 2 8 3 1 5 9 3 8 7 6 8 1 3 8 6 2 4 5 7 9 2 2 4 7 1 6 9 5 3 4 7 3 1 7 2 9 5 6 8 4 2 8 5 6 4 3 1 9 5 9 6 8 1 3 4 2 7 21 33 
8 1 4 7 5 2 6 9 3 9 2 3 6 1 4 8 7 5 5 7 6 8 9 3 2 4 1 6 5 9 2 3 7 1 9 4 1 3 2 9 4 5 7 8 6 4 8 7 1 6 8 5 3 2 7 3 1 4 2 9 5 6 8 4 6 8 5 7 6 3 1 9 2 9 5 3 8 1 4 2 7 9 31 
8 1 4 7 3 2 6 9 5 9 2 3 6 5 8 1 4 7 5 7 6 4 9 1 2 8 3 3 5 4 2 6 7 8 2 1 1 8 9 3 4 5 7 9 6 2 6 7 1 8 9 5 3 4 4 3 1 9 2 3 5 6 8 7 2 8 5 6 4 3 1 9 6 9 5 8 7 1 4 7 2 11 31 
8 2 4 7 5 1 3 9 6 9 1 3 6 2 4 8 5 7 5 7 6 8 9 3 2 4 1 3 5 9 9 8 7 1 2 4 1 6 2 3 4 5 7 8 9 4 8 7 1 6 2 6 3 5 2 3 1 4 7 9 5 6 8 7 4 8 5 3 6 9 1 2 6 9 5 2 1 8 4 7 3 3 24 
8 1 5 7 2 3 6 9 4 9 2 3 6 5 4 8 7 1 6 7 4 8 9 1 2 5 3 3 5 9 2 3 7 1 4 6 1 6 2 9 4 5 7 8 9 4 8 7 1 8 6 5 3 2 5 3 1 4 7 2 9 6 8 2 4 8 5 6 9 3 1 7 7 9 6 3 1 8 4 2 5 4 30 
8 2 5 4 7 1 3 9 6 9 4 3 6 5 2 1 8 7 1 7 6 8 9 3 2 5 4 4 5 9 2 3 7 6 4 1 3 1 6 9 4 5 7 8 2 2 8 7 1 8 6 5 3 9 5 4 1 7 2 9 3 6 8 7 3 8 5 6 4 9 1 2 6 9 2 3 1 8 4 7 5 8 30 
8 1 9 7 5 2 6 4 3 5 2 3 6 8 4 1 7 9 6 7 4 3 9 1 2 8 5 4 5 6 9 3 7 8 2 1 1 3 2 8 4 5 7 9 6 9 8 7 1 2 6 5 3 4 2 4 1 4 7 3 9 6 8 7 6 8 5 6 9 3 1 2 3 9 5 2 1 8 4 5 7 4 28 
8 6 9 7 2 3 6 5 1 2 4 3 6 5 1 8 9 7 1 7 5 4 9 8 2 4 3 9 5 6 3 8 7 1 2 4 3 1 2 9 4 5 7 8 6 7 8 4 1 6 2 9 3 5 4 3 1 2 7 9 5 6 8 6 2 8 5 3 4 3 1 9 5 9 7 8 1 6 4 7 2 5 29 
8 1 9 7 1 2 6 4 5 2 4 3 6 5 8 1 7 9 6 7 5 4 9 3 2 8 3 1 5 4 9 3 7 8 2 6 3 6 2 8 4 5 7 9 1 9 8 7 1 2 6 5 3 4 5 3 1 2 7 4 9 6 8 4 2 8 5 6 9 3 1 7 7 9 6 3 8 1 4 5 2 3 24 
8 4 5 7 3 2 6 9 1 9 2 3 6 5 1 8 4 7 1 7 6 4 9 8 2 5 3 3 5 4 9 8 7 1 2 6 6 1 2 3 4 5 7 8 9 7 8 9 1 2 6 5 3 4 5 3 1 2 7 4 9 6 8 4 6 8 5 6 9 3 1 2 2 9 7 8 1 3 4 7 5 3 24 
8 1 9 4 5 2 6 7 3 4 2 3 6 7 1 8 9 5 6 7 5 3 9 8 2 4 1 6 5 4 2 3 7 1 8 9 3 1 2 9 4 5 7 2 6 9 8 7 1 8 6 5 3 4 5 4 1 7 2 9 3 6 8 2 3 8 5 6 4 9 1 7 7 9 6 8 1 3 4 5 2 5 29 
8 1 9 7 2 4 6 7 5 4 2 3 6 5 8 8 9 1 5 7 6 3 9 1 2 4 3 3 5 4 9 8 7 1 2 6 1 6 2 3 4 5 7 8 9 9 8 7 1 6 2 5 3 4 2 3 1 4 7 9 5 6 8 4 6 8 5 2 3 3 1 9 7 9 5 8 1 6 4 2 7 13 31 
8 6 2 4 5 3 6 7 9 9 1 3 6 7 2 1 8 5 4 7 5 8 9 1 2 4 3 1 5 4 2 3 7 8 9 6 3 8 6 9 4 5 7 2 1 7 2 9 1 8 6 5 3 4 5 4 1 7 2 9 3 6 8 2 3 8 5 6 4 9 1 7 6 9 7 3 1 8 4 5 2 4 26 
8 1 9 7 5 1 3 9 4 5 2 3 6 2 8 5 7 1 6 7 4 3 9 4 2 8 6 2 5 6 3 8 7 1 4 9 3 1 9 2 4 5 7 8 2 7 8 4 1 6 9 6 3 5 4 3 1 9 3 4 5 6 8 7 6 8 5 7 2 9 1 2 2 9 5 8 1 6 4 7 3 24 32 
8 2 5 4 7 1 6 9 3 9 1 3 6 5 2 8 7 4 6 7 4 3 9 8 2 5 1 1 5 6 2 3 7 9 4 6 3 8 2 9 4 5 7 8 1 7 4 9 1 6 8 5 3 2 4 2 1 3 7 4 5 6 8 6 3 8 5 2 9 9 1 7 5 9 7 8 1 6 4 2 3 14 31 
8 4 9 2 5 3 3 9 6 2 1 3 6 7 4 5 4 7 6 7 5 8 9 1 2 8 1 1 5 2 3 6 7 6 2 9 3 8 9 2 4 5 7 8 1 7 6 4 1 8 9 5 3 4 2 3 1 9 7 4 3 6 8 7 4 8 5 3 6 9 1 7 5 9 6 8 1 2 4 5 2 28 32 
8 1 4 7 5 2 6 9 3 9 2 3 6 1 4 8 5 7 5 7 6 8 9 3 2 4 1 3 5 2 9 6 7 1 8 4 1 8 9 3 4 5 7 2 6 4 6 7 1 2 8 9 3 5 2 3 1 4 7 9 5 6 8 7 4 8 5 2 6 3 1 9 6 9 5 3 8 1 4 7 2 3 22 
8 1 2 4 5 3 6 9 7 9 4 3 6 7 2 8 5 1 6 7 5 8 9 1 2 4 3 3 5 6 9 2 7 1 8 4 1 8 9 3 4 5 7 2 6 7 2 4 1 6 8 5 3 9 5 3 1 2 7 4 9 6 8 4 6 8 5 3 9 3 1 2 2 9 7 8 1 6 4 7 5 5 29 
8 1 9 7 5 2 3 4 6 5 2 3 6 1 8 8 9 7 4 7 6 4 9 3 2 5 1 1 5 4 3 8 7 6 2 9 6 3 2 9 4 5 7 8 1 9 8 7 1 2 6 5 3 4 7 4 1 2 3 9 5 6 8 3 6 8 5 7 4 9 1 2 2 9 5 8 6 1 4 7 3 5 28 
8 2 4 7 5 2 9 7 6 9 1 3 6 8 4 1 8 5 6 7 5 3 9 1 2 4 3 3 5 2 8 6 7 8 4 1 1 6 9 3 4 5 7 2 9 4 8 7 1 2 9 5 3 6 5 4 1 4 7 9 3 6 8 7 3 8 5 3 6 9 1 2 2 9 6 2 1 8 4 5 7 16 31 
8 6 4 7 1 2 9 5 3 9 2 3 6 5 8 1 4 7 1 7 5 4 9 3 2 8 6 4 5 6 9 3 7 8 2 4 1 3 2 8 4 5 7 9 1 7 8 9 1 2 6 6 3 5 5 4 1 3 7 9 5 6 8 7 2 8 5 6 4 3 1 9 3 9 6 2 8 1 4 7 2 10 30 
8 2 5 7 1 4 6 9 3 9 1 3 6 5 2 8 4 7 6 7 4 8 9 3 2 5 1 1 5 9 2 3 7 1 8 4 3 8 2 9 4 5 7 2 6 4 6 7 1 6 8 9 3 5 7 3 1 4 2 9 5 6 8 2 4 8 5 7 6 3 1 9 5 9 6 3 8 1 4 7 2 4 25 
8 4 6 2 5 3 1 7 6 9 2 3 6 7 1 5 8 9 1 7 5 8 9 4 2 4 3 3 5 2 9 8 7 6 2 4 6 1 9 3 4 5 7 9 1 7 8 4 1 6 2 8 3 5 5 3 1 4 3 2 9 6 8 4 6 8 5 6 9 3 1 7 2 9 7 7 1 8 4 5 2 14 30 
8 1 9 7 3 2 5 4 6 4 2 3 6 5 8 1 7 9 6 7 5 4 9 1 2 8 3 1 5 4 3 8 7 6 9 2 3 6 2 9 4 5 7 8 1 9 8 7 1 2 6 5 3 4 5 3 1 2 7 4 9 6 8 2 4 8 5 6 9 3 1 7 7 9 6 8 1 3 4 2 5 3 20 
8 1 4 7 5 2 6 9 3 9 2 3 6 1 4 8 5 7 6 7 5 3 9 8 2 4 1 4 5 2 9 3 7 1 8 6 1 3 6 8 4 5 7 2 9 7 8 9 1 2 6 5 3 4 5 2 1 4 7 3 9 6 8 7 4 8 5 6 9 3 1 2 3 9 6 2 8 1 4 7 5 4 24 
8 1 4 7 3 2 6 5 3 9 2 3 6 5 1 8 9 7 6 7 5 4 9 8 2 4 1 1 5 9 3 2 7 8 4 6 3 8 6 9 4 5 7 2 1 7 4 2 1 8 6 5 3 9 5 3 1 2 7 9 9 6 8 4 2 8 5 6 4 3 1 7 6 9 7 8 1 3 4 5 2 13 29 
8 1 9 2 7 4 6 5 3 2 4 3 6 5 1 8 7 9 6 7 5 3 9 8 2 4 1 3 5 4 9 6 7 1 8 2 1 8 2 3 4 5 7 9 6 9 6 7 1 8 2 5 3 4 5 3 1 7 2 4 9 6 8 4 2 8 5 6 9 3 1 7 7 9 6 8 1 3 4 2 5 4 23 
8 6 2 4 7 1 3 5 9 9 4 3 6 5 2 1 8 7 1 7 5 8 9 3 2 4 6 3 5 4 2 8 7 1 9 6 1 6 9 3 4 5 7 8 2 2 8 7 1 6 9 5 3 4 5 2 1 9 7 4 5 6 8 4 3 8 5 6 2 9 1 3 7 9 6 8 3 1 4 7 2 16 29 
8 1 4 2 7 3 6 9 5 9 2 3 6 5 8 1 7 4 6 7 5 4 9 1 2 8 3 4 5 6 3 8 7 9 2 1 1 3 2 9 4 5 7 8 6 7 8 9 1 6 2 5 3 4 5 4 1 7 2 9 3 6 8 2 6 8 5 3 4 9 1 7 3 9 7 8 1 6 4 5 2 4 23 
8 1 4 7 5 2 6 9 3 9 2 3 6 1 8 5 7 4 6 7 5 4 9 3 2 8 1 3 5 2 9 8 7 1 4 6 1 8 9 3 4 5 7 2 9 4 6 7 1 2 6 8 3 5 5 4 1 2 7 9 3 6 8 7 3 8 5 6 4 9 1 2 2 9 6 8 3 1 4 5 7 3 12 
8 1 9 2 5 3 6 4 7 4 2 3 6 7 8 1 5 9 6 7 5 4 9 1 2 8 3 1 5 4 3 2 7 8 9 6 9 3 6 8 4 5 7 2 1 2 8 7 1 6 9 5 3 4 5 4 1 9 7 2 3 6 8 7 6 8 5 3 4 9 1 2 3 9 2 8 1 6 4 7 5 3 12 
8 6 9 7 2 1 3 4 5 4 2 3 6 5 8 1 7 9 1 7 5 4 9 3 2 8 6 3 5 4 2 3 7 8 9 1 9 1 6 8 4 5 7 2 6 7 8 2 1 6 9 5 3 4 5 4 1 9 7 2 3 6 8 2 3 8 5 6 4 9 1 7 6 9 7 3 1 8 4 5 2 7 28 
8 2 9 4 5 1 6 7 3 1 4 3 6 7 2 5 8 9 5 7 6 3 9 8 2 4 1 6 5 4 9 3 7 1 2 4 3 1 2 8 4 5 7 9 6 9 8 7 1 2 6 8 3 5 7 3 1 7 2 4 9 6 8 4 2 8 5 6 9 3 1 7 6 9 5 8 1 3 4 5 2 9 28 
8 4 9 2 5 3 1 7 6 2 1 3 6 7 4 8 5 9 6 7 5 8 9 1 2 4 3 1 5 4 3 8 7 6 9 2 3 6 2 9 4 5 7 8 1 9 8 7 1 2 6 5 3 4 5 2 1 4 7 9 3 6 8 4 3 8 5 6 2 9 1 7 7 9 6 3 1 8 4 2 5 3 10 
8 1 6 7 2 3 6 9 4 9 2 3 6 5 8 1 7 5 4 7 5 4 9 1 2 8 3 3 5 2 9 6 7 8 4 6 1 8 9 3 4 5 7 2 1 7 6 4 1 8 2 5 3 9 5 3 1 2 7 4 9 6 8 2 4 8 5 6 9 3 1 7 6 9 7 8 3 1 4 5 2 8 27 
8 1 4 7 5 2 6 9 5 9 2 3 6 8 1 1 7 4 5 7 6 4 9 3 2 8 3 9 5 6 9 3 7 8 4 1 1 3 2 8 4 5 7 9 6 7 8 4 1 2 6 5 3 2 5 2 1 9 7 4 3 6 8 3 4 8 5 3 6 9 1 7 6 9 7 2 1 8 4 2 5 18 31 
8 4 2 7 1 2 9 7 6 9 1 3 6 5 4 5 8 1 6 7 5 8 9 3 2 4 3 3 5 9 3 6 7 1 8 4 1 8 6 2 4 5 7 2 9 2 4 7 1 8 9 6 3 5 4 2 1 4 7 9 3 6 8 7 3 8 5 2 6 9 1 7 5 9 6 8 3 1 4 5 2 17 29 
8 1 9 4 5 2 6 7 3 2 4 3 6 7 1 8 9 5 6 7 5 8 9 3 2 4 1 9 5 4 3 8 7 1 2 6 1 3 6 2 4 5 7 8 9 7 8 2 1 6 9 5 3 4 5 2 1 7 3 4 9 6 8 4 6 8 5 2 9 3 1 7 3 9 7 8 1 6 4 5 2 3 10 
8 1 2 7 5 3 6 4 9 9 4 3 6 8 2 1 7 5 5 7 6 4 9 1 2 8 3 1 5 4 3 2 7 8 4 1 3 8 6 9 4 5 7 2 6 7 2 9 1 6 8 9 3 5 5 3 1 2 7 4 5 6 8 4 2 8 5 6 9 9 1 7 6 9 7 8 3 1 4 2 3 18 29 
8 4 9 7 5 2 3 4 1 2 1 3 6 8 1 9 5 7 6 7 5 4 9 3 2 8 6 3 5 2 9 8 7 8 2 4 1 8 6 3 4 5 7 9 1 9 4 7 1 2 6 6 3 5 7 2 1 9 3 4 9 6 8 4 3 8 5 7 6 3 1 7 5 9 6 2 1 8 4 5 2 23 31 
8 1 4 7 5 2 6 9 3 9 2 3 6 1 8 5 4 7 6 7 5 4 9 3 2 8 1 1 5 2 9 3 7 8 4 6 3 6 9 8 4 5 7 2 1 4 8 7 1 2 6 5 3 9 5 4 1 2 7 9 3 6 8 7 3 8 5 6 4 9 1 2 2 9 6 3 8 1 4 7 5 4 16 
8 6 5 2 7 4 3 4 1 9 2 3 6 5 1 8 9 7 1 7 4 8 9 3 2 5 6 6 5 9 3 8 7 1 2 4 1 3 2 9 4 5 7 8 6 4 8 7 1 2 6 5 3 9 5 3 1 4 3 2 9 6 8 7 4 8 5 6 9 3 1 2 2 9 6 7 1 8 4 7 5 9 27 
8 6 9 7 5 1 1 4 3 1 2 3 6 2 4 8 7 9 4 7 5 8 9 3 2 5 6 3 5 4 9 8 7 6 2 1 2 1 6 3 4 5 7 8 9 7 8 9 1 6 2 5 3 4 5 3 1 4 7 9 3 6 8 4 2 8 5 3 6 9 1 7 6 9 7 2 1 8 4 5 2 11 28 
8 2 9 7 1 2 6 4 3 4 1 3 6 5 8 8 9 7 5 7 6 4 9 3 2 5 1 2 5 4 9 3 7 1 8 6 3 1 6 8 4 5 7 2 9 7 8 9 1 2 6 5 3 4 7 3 1 2 7 4 5 6 8 2 4 8 5 6 9 9 1 3 6 9 5 8 1 3 4 7 2 16 28 
8 1 4 7 2 3 6 9 5 9 2 3 6 5 4 1 8 7 6 7 5 8 9 1 2 4 3 4 5 6 3 8 7 9 2 1 3 1 9 2 4 5 7 8 6 7 8 2 1 6 9 5 3 4 2 3 1 4 7 9 5 6 8 7 4 8 5 3 6 9 1 2 5 9 6 2 1 8 4 7 3 10 27 
8 1 9 7 2 3 3 4 6 5 2 3 6 5 1 8 9 7 6 7 4 4 9 8 2 5 1 3 5 2 8 3 7 1 8 4 1 8 6 9 4 5 7 2 9 9 4 7 1 2 6 6 3 5 5 3 1 4 7 2 5 6 8 4 2 8 5 6 9 9 1 2 7 9 6 3 1 8 4 7 3 19 28 
8 2 9 4 7 1 6 5 3 4 1 3 6 5 2 8 9 7 6 7 5 8 9 3 2 4 1 3 5 4 9 8 7 1 2 6 1 6 2 3 4 5 7 8 9 9 8 7 1 2 6 5 3 4 5 4 1 2 7 9 3 6 8 7 3 8 5 6 4 9 1 2 2 9 6 3 1 8 4 7 5 3 7 
8 1 5 7 2 4 3 9 6 9 2 3 6 5 1 8 4 7 6 7 4 8 9 3 2 5 1 3 5 2 9 6 7 1 8 4 1 6 9 3 4 5 7 2 9 4 8 7 1 8 2 6 3 5 2 3 1 4 7 9 5 6 8 7 4 8 5 3 6 9 1 2 5 9 6 2 1 8 4 7 3 3 7 
8 1 9 7 3 2 3 5 6 2 4 3 6 5 1 8 9 7 5 7 6 8 9 4 2 4 1 2 5 4 3 6 7 1 8 4 3 1 6 9 4 5 7 2 9 9 8 7 1 8 2 6 3 5 7 3 1 4 2 9 5 6 8 4 2 8 5 7 6 9 1 3 6 9 5 8 1 3 4 7 2 11 27 
8 6 4 7 2 1 3 5 4 9 2 3 6 5 8 1 9 7 1 7 5 4 9 3 2 8 6 3 5 9 2 8 7 6 4 1 6 1 2 3 4 5 7 2 9 4 8 7 1 6 9 8 3 5 2 3 1 9 7 4 5 6 8 7 4 8 5 3 6 9 1 2 5 9 6 8 1 2 4 7 3 5 26 
8 2 9 7 3 1 6 4 3 4 1 3 6 5 2 9 8 7 6 7 5 4 9 8 2 5 1 3 5 6 9 8 7 1 2 4 1 8 2 3 4 5 7 9 6 9 4 7 1 2 6 8 3 5 4 3 1 2 7 9 5 6 8 7 2 8 5 6 4 3 1 9 5 9 6 8 1 3 4 7 2 6 26 
8 1 9 7 5 2 6 4 3 2 4 3 6 1 8 9 7 5 6 7 5 4 9 3 2 8 1 1 5 4 9 3 7 8 2 6 3 6 2 8 4 5 7 9 1 9 8 7 1 2 6 5 3 4 5 3 1 2 7 4 9 6 8 4 2 8 5 6 9 3 1 7 7 9 6 3 8 1 4 5 2 3 6 
8 1 4 7 5 2 6 9 3 9 2 3 6 1 4 8 5 7 5 7 6 3 9 8 2 4 1 3 5 2 9 6 7 1 8 4 1 8 9 3 4 5 7 2 6 4 6 7 1 8 2 9 3 5 2 3 1 4 7 9 5 6 8 7 4 8 5 2 6 3 1 9 6 9 5 8 3 1 4 7 2 3 6 
8 6 9 7 2 1 6 5 3 2 1 3 6 5 4 8 9 7 4 7 5 3 9 8 2 4 1 3 5 2 9 6 7 1 8 4 1 8 6 3 4 5 7 2 9 7 4 9 1 8 2 5 3 6 5 4 1 2 7 9 3 6 8 3 2 8 5 6 4 9 1 7 6 9 7 8 3 1 4 2 5 12 27 
8 6 5 7 2 1 3 9 4 9 2 3 6 5 4 1 8 7 1 7 4 3 9 8 2 5 6 2 5 9 3 8 7 6 4 1 3 1 6 9 4 5 7 8 2 4 8 7 1 6 2 5 3 9 5 3 1 2 7 4 9 6 8 7 4 8 5 6 9 3 1 2 6 9 2 8 1 3 4 7 5 7 26 
8 1 5 4 7 2 6 9 3 9 2 3 6 5 1 8 4 7 6 7 4 3 9 8 2 5 1 4 5 9 9 3 7 1 2 6 1 3 6 2 4 5 7 8 9 7 8 2 1 8 6 5 3 4 5 4 1 7 2 9 3 6 8 3 6 8 5 6 4 9 1 2 2 9 7 8 1 3 4 7 5 5 25 
8 2 5 7 1 3 1 9 6 9 1 3 6 5 2 8 7 4 4 7 6 4 9 8 2 5 3 2 5 9 8 3 7 6 4 1 1 3 6 9 4 5 7 8 2 7 8 4 1 2 6 5 3 9 5 4 1 2 7 9 3 6 8 3 2 8 5 6 4 9 1 7 6 9 7 3 8 1 4 2 5 5 25 
8 4 5 7 2 3 1 9 6 9 2 3 6 5 1 8 4 7 1 7 6 8 9 4 2 5 3 3 5 4 9 8 7 6 2 1 1 6 2 3 4 5 7 8 9 7 8 9 1 6 2 5 3 4 5 2 1 4 3 9 3 6 8 4 3 8 5 7 6 9 1 2 6 9 7 2 1 8 4 7 5 5 24 
8 6 9 2 7 4 6 9 5 4 2 3 6 5 1 8 7 1 1 7 5 3 9 8 2 4 3 3 5 4 9 8 7 1 8 6 9 1 6 3 4 5 7 2 9 7 8 2 1 2 6 5 3 4 5 4 1 4 7 2 9 6 8 2 3 8 5 6 9 3 1 7 6 9 7 8 1 3 4 5 2 12 26 
8 1 5 4 7 2 3 9 6 9 2 3 6 5 8 1 4 7 6 7 4 3 9 1 2 8 5 1 5 9 3 8 7 6 2 4 3 8 6 2 4 5 7 9 1 2 4 7 1 6 9 8 3 5 7 3 1 9 2 4 5 6 8 4 2 8 5 7 6 9 1 3 5 9 6 8 1 3 4 7 2 7 25 
8 6 9 7 5 2 1 4 3 2 1 3 6 1 8 5 7 9 4 7 5 4 9 3 2 8 6 1 5 4 9 8 7 6 2 4 2 3 6 3 4 5 7 9 1 9 8 7 1 2 6 8 3 5 5 4 1 2 7 9 3 6 8 6 2 8 5 3 4 9 1 7 3 9 7 8 6 1 4 5 2 8 25 
8 6 9 2 7 3 3 5 4 2 1 3 6 5 8 1 9 7 4 7 5 4 9 1 2 8 6 1 5 4 8 3 7 6 2 9 6 3 2 9 4 5 7 8 1 9 8 7 1 2 6 5 3 4 5 2 1 7 3 9 5 6 8 7 4 8 5 6 4 3 1 9 3 9 6 8 1 2 4 7 2 14 27 
8 1 9 7 3 2 5 4 6 4 2 3 6 5 8 1 7 9 6 7 5 4 9 1 2 8 3 1 5 4 3 8 7 6 9 2 3 6 2 9 4 5 7 8 1 9 8 7 1 2 6 5 3 4 5 4 1 2 7 9 3 6 8 2 3 8 5 6 4 9 1 7 7 9 6 8 1 3 4 2 5 3 6 
8 1 4 7 3 2 9 5 6 9 2 3 6 5 8 1 7 4 6 7 5 4 9 1 2 8 3 1 5 9 3 8 7 6 4 2 3 8 6 9 4 5 7 9 1 2 4 7 1 2 6 8 3 5 4 3 1 2 7 9 5 6 8 7 6 8 5 6 4 3 1 9 5 9 2 8 1 3 4 2 7 5 24 
8 4 2 7 5 3 6 5 9 9 1 3 6 2 4 8 7 1 6 7 5 8 9 1 2 4 3 3 5 6 9 8 7 1 2 4 2 1 9 3 4 5 7 8 6 4 8 7 1 6 2 9 3 5 5 3 1 4 2 9 5 6 8 4 2 8 5 7 6 3 1 9 7 9 6 3 1 8 4 2 7 12 26 
8 2 4 7 5 3 6 7 9 9 1 3 6 1 2 1 8 5 6 7 5 4 9 8 2 4 3 1 5 9 2 3 7 8 2 4 3 8 6 9 4 5 7 9 1 2 4 7 1 8 6 6 3 5 5 3 1 9 7 4 3 6 8 4 6 8 5 2 6 9 1 7 7 9 2 8 3 1 4 5 2 17 26 
8 6 9 2 7 3 6 4 1 4 2 3 6 5 1 9 8 7 1 7 5 4 9 8 2 5 3 6 5 4 3 8 7 8 2 1 3 1 2 9 4 5 7 9 6 9 8 7 1 6 2 5 3 4 5 3 1 7 2 4 9 6 8 7 4 8 5 6 9 3 1 2 2 9 6 8 1 3 4 7 5 9 25 

