MonoObjective Genetic Algorithm
Number of Evaluations = 0
Mutation Probability = 0.0100000000000000002
Crossover Probability = 0.5
Population Size = 100
Survival Selection Type = 16

Time =  300.052986999999973

Current Evaluation = 89300
Front Size = 100
9 3 1 8 5 7 4 2 6 6 8 5 3 4 2 1 9 7 4 7 2 6 1 9 8 5 3 2 1 3 5 7 6 9 8 4 5 9 7 4 2 8 3 6 1 8 4 6 9 3 1 2 7 5 1 6 4 2 8 5 7 3 9 7 5 8 1 9 3 6 4 2 3 2 9 7 6 4 5 1 8 1 22 
1 3 9 8 5 7 4 2 6 6 8 5 3 2 4 7 9 1 4 7 2 6 1 9 8 5 3 2 1 3 5 4 6 9 8 7 5 9 7 2 3 8 1 6 4 8 4 6 9 7 1 2 3 5 3 6 1 4 8 5 3 7 9 7 5 8 1 9 3 6 4 2 9 2 4 7 6 2 5 1 8 3 22 
1 3 9 8 5 7 4 2 6 6 8 5 3 4 2 7 9 1 4 7 2 6 1 9 3 5 8 2 1 3 5 7 6 9 8 4 5 9 7 4 2 8 1 6 3 8 4 6 9 3 1 2 7 5 9 6 4 2 8 5 6 3 7 7 5 1 1 9 3 8 4 2 3 2 8 7 6 4 5 1 9 3 15 
4 3 1 9 5 7 6 2 8 6 8 5 3 4 2 1 9 7 7 2 9 6 1 8 5 3 4 2 1 3 5 7 6 9 8 4 7 9 5 4 3 8 7 6 1 8 4 6 9 2 1 2 3 5 3 6 1 4 8 5 6 5 3 7 5 8 1 9 3 7 4 2 9 2 4 7 6 2 8 1 9 323 29 
9 3 1 8 5 7 4 2 6 6 8 5 3 4 2 7 9 1 4 7 2 6 1 9 8 5 3 2 1 3 5 7 6 9 8 4 5 9 8 4 2 1 1 6 7 7 4 6 9 3 8 2 3 5 1 6 4 2 8 5 3 7 9 8 5 7 1 9 3 6 4 2 3 2 9 7 6 4 5 1 8 3 13 
9 3 1 8 5 7 6 2 4 6 8 5 3 2 4 1 9 7 4 7 2 6 1 9 3 5 8 2 1 3 5 4 6 9 8 1 5 9 8 2 7 1 4 6 3 7 4 6 9 3 8 2 7 5 1 6 9 4 8 5 7 3 6 8 5 7 1 9 3 8 4 2 3 2 4 7 6 2 5 1 9 6 24 
1 3 9 8 5 7 4 2 6 6 8 5 3 2 4 1 9 7 4 7 2 6 1 9 8 5 3 2 1 3 5 7 6 9 8 4 5 9 7 2 4 8 3 6 1 8 4 6 9 3 1 2 7 5 9 6 1 4 8 5 7 3 9 7 5 8 1 9 3 6 4 2 3 2 4 7 6 2 5 1 8 3 11 
9 3 1 8 5 7 4 2 6 6 8 5 3 2 4 7 9 1 4 7 2 6 1 9 3 5 8 2 1 3 5 7 6 9 8 4 5 9 7 2 4 8 1 6 3 8 4 6 9 3 1 2 7 5 1 6 9 4 8 5 6 3 7 7 5 8 1 9 3 8 4 2 3 2 4 7 6 2 5 1 9 4 12 
9 3 4 8 5 7 6 2 1 6 8 1 3 2 4 5 9 7 5 7 2 6 1 9 4 3 8 2 1 3 5 4 6 9 8 7 7 9 5 8 3 2 1 6 4 8 4 6 9 7 1 2 3 5 4 6 9 2 8 5 3 7 6 1 5 7 1 9 3 8 4 2 3 2 8 7 6 4 5 1 9 8 26 
1 3 9 8 5 7 1 2 6 6 8 5 3 2 4 4 9 7 7 2 4 6 1 9 8 5 3 2 7 3 5 7 6 9 8 1 1 9 5 8 4 2 7 6 4 8 4 6 9 3 1 2 3 5 3 6 1 2 8 5 6 7 9 9 5 7 1 9 3 8 4 2 4 2 8 7 6 4 5 1 3 16 25 
9 3 1 8 5 7 4 2 6 6 8 5 3 4 2 7 9 1 4 7 2 6 1 9 8 5 3 2 1 3 5 4 6 9 8 7 5 9 7 2 3 8 1 6 4 8 4 6 9 7 1 2 3 5 1 6 4 2 8 5 3 7 9 7 5 8 1 9 3 6 4 2 3 2 9 7 6 4 5 1 8 3 10 
9 3 1 8 5 7 4 2 6 6 8 5 3 4 2 1 9 7 7 2 4 6 1 9 8 5 3 2 7 3 4 7 6 9 8 1 5 9 8 5 2 1 3 6 4 1 4 6 9 3 8 2 7 5 4 6 1 2 8 5 7 3 9 8 5 7 1 9 3 6 4 2 3 2 9 7 6 4 5 1 8 5 16 
1 3 4 8 5 7 8 2 6 6 8 5 3 4 2 1 9 7 9 7 2 6 1 9 4 5 3 2 1 3 5 7 6 9 8 4 5 9 7 4 2 8 3 6 1 8 4 6 9 3 1 2 7 5 4 6 1 2 8 5 7 3 9 7 5 8 1 9 3 6 4 2 3 2 9 7 6 4 5 1 8 3 7 
9 3 1 8 5 7 4 2 6 6 8 5 3 2 4 7 9 1 4 7 2 6 1 9 3 5 8 2 1 3 5 4 6 9 8 7 5 9 7 2 3 8 1 6 4 8 4 6 9 7 1 2 3 5 1 6 9 4 8 5 6 7 3 7 5 8 1 9 3 8 4 2 3 2 4 7 6 2 5 1 9 4 8 
4 3 9 8 5 7 1 2 6 6 8 1 3 4 2 5 9 7 5 7 2 6 1 9 4 3 8 2 1 3 5 7 6 9 8 4 7 9 5 4 2 8 3 6 1 8 4 6 9 3 1 2 7 5 9 6 4 2 8 5 6 7 3 1 5 7 1 9 3 8 4 2 3 2 8 7 6 4 5 1 9 5 16 
9 3 4 8 5 7 1 2 6 6 8 1 3 4 2 5 9 7 5 7 2 6 1 9 8 3 4 2 1 3 4 7 6 9 8 1 7 9 5 5 2 8 4 6 3 8 4 6 9 3 1 2 7 5 4 6 7 2 8 5 6 3 9 1 5 8 1 9 3 7 4 2 3 2 9 7 6 4 5 1 8 7 17 
1 3 9 8 5 7 1 2 6 6 8 5 3 2 4 4 9 7 4 7 2 6 1 9 5 3 8 2 7 3 1 4 6 9 8 4 5 9 8 5 3 2 3 6 1 1 4 6 9 7 8 2 7 5 7 6 4 2 8 5 6 3 9 8 5 1 1 9 3 7 4 2 3 2 9 7 6 4 5 1 8 17 24 
9 3 1 8 5 7 4 2 6 6 8 7 3 4 2 5 9 1 5 2 4 6 1 9 8 3 7 2 1 3 5 7 6 9 8 4 7 9 5 4 2 8 1 6 3 8 4 6 9 3 1 2 7 5 4 6 1 2 8 5 3 7 9 7 5 8 1 9 3 6 4 2 3 2 9 7 6 4 5 1 8 6 16 
1 3 4 8 5 7 6 2 1 6 8 5 3 2 4 5 9 7 7 2 9 6 1 9 4 3 8 2 1 3 4 7 6 9 8 4 8 9 5 5 2 1 3 6 1 7 4 6 9 3 8 2 7 5 3 6 1 2 8 5 6 5 9 7 5 8 1 9 3 7 4 2 4 2 9 7 6 4 8 1 3 122 24 
1 3 9 8 5 7 4 2 6 6 8 5 3 2 4 1 9 7 4 7 2 6 1 9 3 5 8 2 1 3 5 4 6 9 8 1 5 9 8 2 3 1 7 6 4 7 4 6 9 7 8 2 3 5 3 6 1 4 8 5 6 7 9 9 5 7 1 9 3 8 4 2 8 2 4 7 6 2 5 1 3 6 16 
4 3 9 8 5 7 1 2 6 6 8 1 3 2 4 5 9 7 5 2 7 6 1 9 4 3 8 2 7 3 5 4 6 9 8 4 1 9 5 2 3 8 7 6 1 8 4 6 9 7 1 2 3 5 9 6 1 4 8 5 6 7 3 7 5 8 1 9 3 8 4 2 3 2 4 7 6 2 5 1 9 10 18 
1 3 9 8 5 7 6 2 8 6 8 5 3 2 4 5 9 1 4 7 2 6 1 9 4 3 7 2 7 3 4 7 6 9 8 7 5 9 1 5 2 8 4 6 1 8 4 6 9 3 1 2 3 5 7 6 4 2 8 5 7 5 3 1 5 9 1 9 3 6 4 2 3 2 8 7 6 4 8 1 9 126 23 
4 3 9 8 5 7 1 2 6 6 8 1 3 4 2 4 9 7 5 7 2 6 1 9 8 5 3 2 1 3 5 4 6 9 8 4 8 9 5 2 3 1 7 6 1 7 4 6 9 7 8 2 3 5 3 6 4 2 8 5 3 7 9 1 5 7 1 9 3 6 4 2 9 2 8 7 6 4 5 1 8 11 19 
9 3 4 8 5 7 4 2 6 6 8 1 3 2 4 7 9 1 5 2 7 6 1 9 8 5 3 2 7 3 5 4 6 9 8 4 5 9 8 8 7 2 3 6 1 1 4 6 9 3 1 2 7 5 3 6 4 2 8 5 6 7 9 7 5 1 1 9 3 8 4 2 8 2 9 7 6 4 5 1 3 19 22 
9 3 1 8 5 7 6 2 4 6 8 5 3 2 4 1 9 7 4 2 7 6 1 9 3 5 8 2 1 3 5 4 6 9 8 7 5 9 8 2 7 8 4 6 1 7 4 6 9 3 1 2 3 5 3 6 4 2 8 5 6 7 9 1 5 7 1 9 3 8 4 2 8 2 9 7 6 4 5 1 3 11 18 
9 3 1 8 5 7 6 2 4 6 8 5 3 4 2 1 9 7 4 7 2 6 1 9 3 5 8 2 1 3 4 7 6 9 8 1 5 9 7 5 2 8 4 6 3 8 4 6 9 3 1 2 7 5 1 6 4 2 8 5 7 3 6 7 5 9 1 9 3 8 4 2 3 2 8 7 6 4 5 1 9 5 14 
1 3 4 8 5 7 8 2 6 6 8 5 3 2 4 1 9 7 9 2 7 6 1 9 3 5 4 2 7 3 5 4 6 9 8 1 5 9 1 2 7 8 4 6 3 8 4 6 9 3 1 2 7 5 3 6 1 4 8 5 7 3 9 7 5 8 1 9 3 6 4 2 4 2 9 7 6 2 5 1 8 7 17 
1 3 4 8 5 7 1 2 6 6 8 2 3 2 4 5 9 7 9 7 5 6 1 9 8 3 4 2 7 3 5 4 6 9 8 1 8 9 5 2 3 1 4 6 7 1 4 6 9 7 8 2 3 5 4 6 1 4 8 5 3 7 9 7 5 8 1 9 3 6 4 2 3 2 9 7 6 2 5 1 8 12 20 
9 3 1 8 5 7 4 2 6 6 8 7 3 2 4 1 9 7 5 2 4 6 1 9 3 5 8 2 7 3 5 4 6 9 8 1 8 9 5 2 3 1 7 6 4 1 4 6 9 7 8 2 3 5 3 6 1 4 8 5 6 7 3 7 5 9 1 9 3 8 4 2 4 2 8 7 6 2 5 1 9 9 16 
9 3 1 8 5 7 4 2 6 6 8 5 3 2 4 1 9 7 7 2 4 6 1 9 3 5 8 2 1 3 5 7 6 9 8 4 5 9 7 4 2 8 3 6 1 8 4 6 9 3 1 2 7 5 3 6 1 4 8 5 6 7 9 7 5 9 1 9 3 8 4 2 4 2 8 7 6 2 5 1 3 11 17 
1 3 9 8 5 7 6 2 8 6 8 5 3 2 4 1 9 7 4 7 2 6 1 9 4 5 3 2 7 3 5 4 6 9 8 1 5 9 1 2 3 8 7 6 4 8 4 6 9 7 1 2 3 5 1 6 4 4 8 5 3 7 6 9 5 7 1 9 3 8 4 2 3 2 8 7 6 2 5 1 9 9 16 
1 3 4 8 5 7 6 2 8 6 8 5 3 2 4 1 9 7 9 7 2 6 1 9 3 5 4 2 7 3 5 4 6 9 8 1 8 9 5 1 7 2 4 6 3 1 4 6 9 3 8 2 7 5 4 6 9 2 8 5 3 7 6 7 5 1 1 9 3 8 4 2 3 2 8 7 6 4 5 1 9 12 19 
4 3 9 8 5 7 1 2 6 6 8 1 3 4 2 5 9 7 5 2 7 6 1 9 8 3 4 2 7 3 5 4 6 9 8 1 8 9 5 1 3 2 4 6 7 1 4 6 9 7 8 2 3 5 9 6 4 2 8 5 6 7 3 7 5 1 1 9 3 8 4 2 3 2 8 7 6 4 5 1 9 12 17 
9 3 1 8 5 7 4 2 6 6 8 5 3 2 4 1 9 7 7 2 4 6 1 9 8 5 3 2 7 3 5 4 6 9 8 1 5 9 8 2 3 8 7 6 4 1 4 6 9 7 1 2 3 5 4 6 1 4 8 5 3 7 9 8 5 7 1 9 3 6 4 2 3 2 9 7 6 2 5 1 8 7 15 
4 3 9 8 5 7 8 2 6 6 8 1 3 4 2 7 9 1 5 7 2 6 1 9 4 5 3 2 1 3 4 7 6 9 8 7 7 9 5 5 2 8 1 6 4 8 4 6 9 3 1 2 3 5 1 6 7 2 8 5 3 7 9 9 5 8 1 9 3 6 4 2 3 2 4 7 6 4 5 1 8 10 16 
9 3 2 8 5 7 6 2 1 6 8 1 3 2 4 4 9 7 4 7 5 6 1 9 8 5 3 2 1 3 5 4 6 9 8 4 5 9 8 2 3 8 1 6 7 7 4 6 9 7 1 2 3 5 1 6 9 4 8 5 3 7 6 8 5 7 1 9 3 8 4 2 3 2 4 7 6 2 5 1 9 12 16 
9 3 1 8 5 7 4 2 6 6 8 5 3 2 4 1 9 7 4 2 7 6 1 9 8 5 3 2 7 3 5 4 6 9 8 1 5 9 1 2 7 8 3 6 4 8 4 6 9 3 1 2 7 5 1 6 4 4 8 5 7 3 9 7 5 8 1 9 3 6 4 2 3 2 9 7 6 2 5 1 8 5 11 
9 3 1 8 5 7 4 2 6 6 8 5 3 4 2 1 9 7 4 7 2 6 1 9 8 5 3 2 1 3 5 7 6 9 8 4 5 9 8 4 2 8 7 6 1 7 4 6 9 3 1 2 3 5 1 6 4 2 8 5 3 7 9 8 5 7 1 9 3 6 4 2 3 2 9 7 6 4 5 1 8 3 6 
1 3 9 8 5 7 4 2 6 6 8 5 3 4 2 1 9 7 4 7 2 6 1 9 8 5 3 2 1 3 5 7 6 9 8 4 5 9 7 4 2 8 3 6 1 8 4 6 9 3 1 2 7 5 3 6 1 2 8 5 7 3 9 7 5 8 1 9 3 6 4 2 9 2 4 7 6 4 5 1 8 3 6 
9 3 1 8 5 7 4 2 6 6 8 5 3 4 2 7 9 1 4 7 2 6 1 9 8 5 3 2 1 3 5 7 6 9 8 4 5 9 7 4 2 8 1 6 7 8 4 6 9 3 1 2 3 5 1 6 4 2 8 5 3 7 9 7 5 8 1 9 3 6 4 2 3 2 9 7 6 4 5 1 8 3 6 
9 3 1 8 5 7 1 2 6 6 8 5 3 2 4 4 9 7 4 7 2 6 1 9 8 5 3 2 7 3 5 4 6 9 8 4 5 9 8 2 7 1 3 6 1 1 4 6 9 3 8 2 7 5 7 6 1 4 8 5 6 3 9 8 5 9 1 9 3 7 4 2 3 2 4 7 6 2 5 1 8 10 15 
9 3 1 8 5 7 4 2 6 6 8 5 3 4 2 1 9 7 4 7 2 6 1 9 8 5 3 2 1 3 5 7 6 9 8 4 5 9 8 4 2 1 3 6 1 7 4 6 9 3 8 2 7 5 1 6 4 2 8 5 7 3 9 8 5 7 1 9 3 6 4 2 3 2 9 7 6 4 5 1 8 3 6 
1 3 2 8 5 7 6 2 4 6 8 5 3 4 2 1 9 7 4 7 9 6 1 9 5 3 8 2 1 3 5 7 6 9 8 4 7 9 5 4 2 8 1 6 3 8 4 6 9 3 1 2 7 5 3 6 1 2 8 5 3 7 6 9 5 7 1 9 3 8 4 2 8 2 4 7 6 4 5 1 9 13 18 
9 3 1 8 5 7 4 2 6 6 8 5 3 4 2 7 9 1 4 7 2 6 1 9 3 5 8 2 1 3 5 7 6 9 8 4 5 9 7 4 2 8 1 6 3 8 4 6 9 3 1 2 7 5 1 6 4 2 8 5 7 3 9 7 5 8 1 9 3 6 4 2 3 2 9 7 6 4 5 1 8 3 6 
1 3 9 8 5 7 4 2 6 6 8 5 3 4 2 7 9 1 4 7 2 6 1 9 3 5 8 2 1 3 5 4 6 9 8 7 5 9 7 2 3 8 1 6 4 8 4 6 9 7 1 2 3 5 3 6 4 2 8 5 6 7 9 7 5 1 1 9 3 8 4 2 9 2 8 7 6 4 5 1 3 5 11 
4 3 9 8 5 7 6 2 1 6 8 1 3 4 2 5 9 7 5 7 2 6 1 9 4 3 8 2 1 3 5 7 6 9 8 4 5 9 8 2 4 1 1 6 3 7 4 6 9 3 8 2 7 5 9 6 1 2 8 5 3 7 9 8 5 7 1 9 3 6 4 2 3 2 4 7 6 4 5 1 8 13 18 
9 3 1 8 5 7 4 2 6 6 8 5 3 2 4 1 9 7 4 2 7 6 1 9 3 5 8 2 7 3 5 4 6 9 8 1 5 9 1 8 3 2 7 6 4 8 4 6 9 7 1 2 3 5 1 6 4 2 8 5 6 7 3 7 5 9 1 9 3 8 4 2 3 2 8 7 6 4 5 1 9 7 14 
1 3 9 8 5 7 4 2 6 6 8 5 3 2 4 7 9 1 7 2 4 6 1 9 8 5 3 2 7 3 1 4 6 9 8 7 5 9 8 5 3 2 1 6 4 1 4 6 9 7 8 2 3 5 9 6 4 2 8 5 6 7 3 7 5 1 1 9 3 8 4 2 3 2 8 7 6 4 5 1 9 14 17 
9 3 1 8 5 7 4 2 6 6 8 5 3 2 4 7 9 1 4 7 2 6 1 9 8 5 3 2 1 3 5 4 6 9 8 7 5 9 8 2 7 8 1 6 4 7 4 6 9 3 1 2 3 5 1 6 9 4 8 5 3 7 9 8 5 7 1 9 3 6 4 2 3 2 4 7 6 2 5 1 8 5 11 
9 3 1 8 5 7 1 2 6 6 8 5 3 4 2 4 9 7 4 2 7 6 1 9 3 5 8 2 7 3 4 7 6 9 8 1 5 9 8 5 2 1 3 6 4 1 4 6 9 3 8 2 7 5 3 6 1 2 8 5 6 7 3 7 5 9 1 9 3 8 4 2 8 2 4 7 6 4 5 1 9 13 16 
9 3 1 8 5 7 4 2 6 6 8 5 3 2 4 7 9 1 4 7 2 6 1 9 3 5 8 2 7 3 1 4 6 9 8 4 5 9 8 5 7 2 1 6 3 1 4 6 9 3 8 2 7 5 4 6 9 2 8 5 6 3 7 1 5 7 1 9 3 8 4 2 3 2 8 7 6 4 5 1 9 11 15 
9 3 1 8 5 7 4 2 6 6 8 5 3 4 2 7 9 1 7 2 4 6 1 9 8 5 3 2 1 3 5 4 6 9 8 1 8 9 5 2 7 8 3 6 4 7 4 6 9 3 1 2 7 5 4 6 1 2 8 5 6 3 7 9 5 7 1 9 3 8 4 2 3 2 8 7 6 4 5 1 9 15 18 
1 3 9 8 5 7 4 2 6 6 8 5 3 4 2 1 9 7 7 2 4 6 1 9 8 5 3 2 1 3 5 7 6 9 8 4 5 9 7 4 2 8 3 6 1 8 4 6 9 3 1 2 7 5 4 6 1 2 8 5 7 3 9 7 5 8 1 9 3 6 4 2 3 2 9 7 6 4 5 1 8 4 6 
9 3 1 8 5 7 4 2 6 6 8 5 3 2 4 7 9 1 4 7 2 6 1 9 8 5 3 2 1 3 5 4 6 9 8 7 5 9 7 2 3 8 1 6 4 8 4 6 9 7 1 2 3 5 1 6 9 4 8 5 3 7 9 7 5 8 1 9 3 6 4 2 3 2 4 7 6 2 5 1 8 3 5 
4 3 1 8 5 7 1 2 6 6 8 5 3 2 4 4 9 7 9 7 2 6 1 9 5 3 8 2 1 3 5 7 6 9 8 4 5 9 7 8 4 2 3 6 1 8 4 6 9 3 1 2 7 5 4 6 9 2 8 5 3 7 9 1 5 7 1 9 3 6 4 2 3 2 8 7 6 4 5 1 8 15 18 
9 3 1 8 5 7 1 2 6 6 8 7 3 2 4 5 9 4 5 2 4 6 1 9 7 3 8 2 7 3 5 7 6 9 8 1 1 9 5 2 4 8 4 6 3 8 4 6 9 3 1 2 7 5 4 6 1 4 8 5 6 7 3 7 5 9 1 9 3 8 4 2 3 2 8 7 6 2 5 1 9 14 16 
1 3 9 8 5 7 4 2 6 6 8 5 3 2 4 1 9 7 4 7 2 6 1 9 8 5 3 2 1 3 5 7 6 9 8 4 5 9 8 2 4 1 7 6 1 7 4 6 9 3 8 2 3 5 9 6 1 4 8 5 3 7 9 8 5 7 1 9 3 6 4 2 3 2 4 7 6 2 5 1 8 5 10 
9 3 1 8 5 7 6 2 4 6 8 5 3 4 2 1 9 7 4 7 2 6 1 9 5 3 8 2 1 3 5 4 6 9 8 1 5 9 8 2 3 1 4 6 7 7 4 6 9 7 8 2 3 5 3 6 9 2 8 5 3 7 9 1 5 7 1 9 3 6 4 2 8 2 4 7 6 4 5 1 8 15 17 
4 3 9 8 5 7 1 2 6 6 8 1 3 4 2 4 9 7 5 7 2 6 1 9 8 5 3 2 1 3 5 7 6 9 8 4 7 9 5 4 2 8 3 6 1 8 4 6 9 3 1 2 7 5 1 6 7 2 8 5 6 3 9 9 5 8 1 9 3 7 4 2 3 2 4 7 6 4 5 1 8 6 13 
1 3 9 8 5 7 1 2 6 6 8 5 3 2 4 5 9 7 4 2 7 6 1 9 8 3 4 2 1 3 5 7 6 9 8 1 7 9 5 2 4 8 3 6 4 8 4 6 9 3 1 2 7 5 9 6 4 2 8 5 6 3 7 7 5 1 1 9 3 8 4 2 3 2 8 7 6 4 5 1 9 18 17 
4 3 9 8 5 7 6 2 1 6 8 1 3 4 2 5 9 7 5 7 2 6 1 9 4 3 8 2 1 3 5 7 6 9 8 4 5 9 7 4 2 8 1 6 3 8 4 6 9 3 1 2 7 5 1 6 9 2 8 5 7 3 6 7 5 8 1 9 3 8 4 2 3 2 4 7 6 4 5 1 9 8 14 
4 3 1 8 5 7 6 2 8 6 8 5 3 4 2 1 9 7 9 7 2 6 1 9 4 5 3 2 1 3 5 7 6 9 8 4 5 9 7 4 2 8 3 6 1 8 4 6 9 3 1 2 7 5 1 6 4 2 8 5 7 3 6 7 5 9 1 9 3 8 4 2 3 2 8 7 6 4 5 1 9 5 10 
9 3 4 8 5 7 1 2 6 6 8 1 3 4 2 5 9 7 5 7 2 6 1 9 8 3 4 2 1 3 5 7 6 9 8 1 8 9 5 4 2 1 4 6 3 7 4 6 9 3 8 2 7 5 1 6 4 2 8 5 3 7 9 8 5 7 1 9 3 6 4 2 3 2 9 7 6 4 5 1 8 8 13 
1 3 9 8 5 7 6 2 4 6 8 5 3 2 4 1 9 7 4 7 2 6 1 9 3 5 8 2 1 3 5 4 6 9 8 7 5 9 7 2 3 8 4 6 1 8 4 6 9 7 1 2 3 5 9 6 1 4 8 5 3 7 6 7 5 8 1 9 3 8 4 2 3 2 4 7 6 2 5 1 9 6 12 
9 3 1 8 5 7 4 2 6 6 8 7 3 2 4 1 9 7 5 2 4 6 1 9 8 5 3 2 1 3 5 4 6 9 8 1 5 9 7 2 3 1 4 6 7 8 4 6 9 7 8 2 3 5 1 6 4 2 8 5 7 3 6 7 5 8 1 9 3 8 4 2 3 2 9 7 6 4 5 1 9 20 17 
4 3 9 8 5 7 1 2 6 6 8 1 3 4 2 5 9 4 5 7 2 6 1 9 7 3 8 2 1 3 5 4 6 9 8 7 7 9 5 2 3 8 4 6 1 8 4 6 9 7 1 2 3 5 3 6 4 2 8 5 6 7 9 1 5 7 1 9 3 8 4 2 9 2 8 7 6 4 5 1 3 9 13 
9 3 4 8 5 7 1 2 6 6 8 1 3 2 4 5 9 7 5 7 2 6 1 9 4 3 8 2 7 3 5 4 6 9 8 1 1 9 5 8 7 2 3 6 4 8 4 6 9 3 1 2 7 5 3 6 4 2 8 5 6 7 9 1 5 7 1 9 3 8 4 2 8 2 9 7 6 4 5 1 3 11 15 
9 3 1 8 5 7 4 2 6 6 8 5 3 4 2 7 9 1 4 7 2 6 1 9 3 5 8 2 1 3 5 7 6 9 8 4 5 9 8 4 2 8 1 6 7 7 4 6 9 3 1 2 3 5 3 6 4 2 8 5 6 7 9 1 5 7 1 9 3 8 4 2 8 2 9 7 6 4 5 1 3 5 10 
1 3 4 8 5 7 8 2 6 6 8 5 3 2 4 1 9 7 9 7 2 6 1 9 3 5 4 2 1 3 5 4 6 9 8 7 5 9 7 2 3 8 4 6 1 8 4 6 9 7 1 2 3 5 3 6 1 4 8 5 3 7 9 7 5 8 1 9 3 6 4 2 4 2 9 7 6 2 5 1 8 7 11 
9 3 1 8 5 7 6 2 1 6 8 5 3 2 4 4 9 7 4 2 7 6 1 9 5 3 8 2 1 3 5 7 6 9 8 4 7 9 5 2 4 8 1 6 3 8 4 6 9 3 1 2 7 5 1 6 4 2 8 5 3 7 9 7 5 8 1 9 3 6 4 2 3 2 9 7 6 4 5 1 8 12 15 
9 3 1 8 5 7 4 2 6 6 8 4 3 4 2 7 9 1 5 7 2 6 1 9 3 5 8 2 1 3 5 7 6 9 8 4 7 9 5 4 2 8 1 6 3 8 4 6 9 3 1 2 7 5 4 6 9 2 8 5 6 3 7 1 5 7 1 9 3 8 4 2 3 2 8 7 6 4 5 1 9 5 10 
9 3 1 8 5 7 4 2 6 6 8 5 3 2 4 1 9 7 4 7 2 6 1 9 8 5 3 2 1 3 5 4 6 9 8 1 5 9 7 1 3 2 7 6 4 8 4 6 9 7 8 2 3 5 3 6 4 2 8 5 3 7 9 7 5 1 1 9 3 6 4 2 9 2 8 7 6 4 5 1 8 11 13 
1 3 2 8 5 7 4 2 6 6 8 5 3 4 2 7 9 1 9 7 4 6 1 9 8 5 3 2 1 3 4 7 6 9 8 7 5 9 7 5 2 8 1 6 4 8 4 6 9 3 1 2 3 5 4 6 1 2 8 5 3 7 9 7 5 8 1 9 3 6 4 2 3 2 9 7 6 4 5 1 8 6 10 
9 3 1 8 5 7 4 2 6 6 8 5 3 2 4 1 9 7 4 7 2 6 1 9 8 5 3 2 1 3 5 7 6 9 8 4 5 9 7 8 4 2 3 6 1 8 4 6 9 3 1 2 7 5 1 6 4 2 8 5 7 3 9 7 5 8 1 9 3 6 4 2 3 2 9 7 6 4 5 1 8 3 5 
9 3 1 8 5 7 4 2 6 6 8 5 3 4 2 7 9 1 4 7 2 6 1 9 3 5 8 2 1 3 5 7 6 9 8 4 5 9 7 4 2 8 1 6 3 8 4 6 9 3 1 2 7 5 1 6 4 2 8 5 6 3 7 7 5 9 1 9 3 8 4 2 3 2 8 7 6 4 5 1 9 3 4 
9 3 1 8 5 7 4 2 6 6 8 5 3 4 2 1 9 7 4 7 2 6 1 9 3 5 8 2 1 3 5 4 6 9 8 4 5 9 7 2 3 1 7 6 1 8 4 6 9 7 8 2 3 5 4 6 1 2 8 5 6 7 3 7 5 8 1 9 3 8 4 2 3 2 9 7 6 4 5 1 9 12 14 
4 3 9 8 5 7 1 2 6 6 8 1 3 2 4 5 9 7 5 7 2 6 1 9 8 3 4 2 1 3 5 7 6 9 8 4 7 9 5 2 4 8 3 6 1 8 4 6 9 3 1 2 7 5 1 6 7 4 8 5 7 3 9 9 5 8 1 9 3 6 4 2 3 2 4 7 6 2 5 1 8 7 11 
9 3 2 8 5 7 4 2 6 6 8 1 3 4 2 1 9 7 5 7 4 6 1 9 3 5 8 2 1 3 5 7 6 9 8 4 7 9 5 8 4 2 7 6 1 8 4 6 9 3 1 2 3 5 4 6 9 2 8 5 3 7 9 1 5 7 1 9 3 6 4 2 3 2 8 7 6 4 5 1 8 14 15 
4 3 2 8 5 7 1 2 6 6 8 1 3 4 2 5 9 7 9 7 5 6 1 9 8 3 4 2 1 3 5 4 6 9 8 7 5 9 7 2 3 8 4 6 1 8 4 6 9 7 1 2 3 5 1 6 4 2 8 5 3 7 9 7 5 8 1 9 3 6 4 2 3 2 9 7 6 4 5 1 8 8 12 
9 3 1 8 5 7 4 2 6 6 8 5 3 2 4 1 9 7 4 7 2 6 1 9 8 5 3 2 7 3 5 4 6 9 8 1 5 9 8 2 3 1 7 6 4 1 4 6 9 7 8 2 3 5 1 6 4 2 8 5 3 7 9 8 5 7 1 9 3 6 4 2 3 2 9 7 6 4 5 1 8 5 9 
9 3 2 8 5 7 1 2 6 6 8 1 3 4 2 5 9 7 4 7 5 6 1 9 4 3 8 2 1 3 5 7 6 9 8 4 7 9 5 4 2 8 3 6 1 8 4 6 9 3 1 2 7 5 1 6 4 2 8 5 7 3 9 8 5 7 1 9 3 6 4 2 3 2 9 7 6 4 5 1 8 8 12 
1 3 9 8 5 7 4 2 6 6 8 4 3 2 4 1 9 7 5 2 7 6 1 9 3 5 8 2 1 3 5 4 6 9 8 7 8 9 5 2 7 1 1 6 4 7 4 6 9 3 8 2 3 5 4 6 1 2 8 5 6 7 3 7 5 8 1 9 3 8 4 2 3 2 9 7 6 4 5 1 9 15 16 
9 3 1 8 5 7 4 2 6 6 8 5 3 2 4 1 9 7 4 7 2 6 1 9 8 5 3 2 7 3 5 4 6 9 8 1 5 9 8 2 7 1 3 6 4 1 4 6 9 3 8 2 7 5 1 6 9 4 8 5 7 3 9 8 5 7 1 9 3 6 4 2 3 2 4 7 6 2 5 1 8 5 9 
9 3 1 8 5 7 4 2 6 6 8 5 3 2 4 1 9 7 4 7 2 6 1 9 3 5 8 2 1 3 5 7 6 9 8 4 5 9 8 2 4 1 7 6 1 7 4 6 9 3 8 2 3 5 1 6 9 4 8 5 6 7 3 8 5 7 1 9 3 8 4 2 3 2 4 7 6 2 5 1 9 6 10 
1 3 2 8 5 7 1 2 6 6 8 5 3 2 4 4 9 7 9 7 4 6 1 9 5 3 8 2 1 3 5 7 6 9 8 1 7 9 5 8 4 2 3 6 4 8 4 6 9 3 1 2 7 5 3 6 1 4 8 5 7 3 9 8 5 7 1 9 3 6 4 2 4 2 9 7 6 2 5 1 8 16 16 
1 3 4 8 5 7 4 2 6 6 8 5 3 2 4 1 9 7 9 7 2 6 1 9 3 5 8 2 1 3 5 7 6 9 8 1 5 9 8 8 4 2 4 6 3 7 4 6 9 3 1 2 7 5 4 6 9 2 8 5 6 3 7 7 5 1 1 9 3 8 4 2 3 2 8 7 6 4 5 1 9 15 14 
9 3 1 8 5 7 4 2 6 6 8 5 3 4 2 1 9 7 4 7 2 6 1 9 3 5 8 2 7 3 5 4 6 9 8 1 5 9 1 2 3 8 7 6 4 8 4 6 9 7 1 2 3 5 3 6 4 2 8 5 6 7 9 1 5 7 1 9 3 8 4 2 8 2 9 7 6 4 5 1 3 8 12 
9 3 1 8 5 7 4 2 6 6 8 2 3 2 4 5 9 1 4 7 5 6 1 9 8 3 7 2 1 3 5 7 6 9 8 1 5 9 8 4 2 8 4 6 3 7 4 6 9 3 1 2 7 5 3 6 1 4 8 5 3 7 9 8 5 7 1 9 3 6 4 2 4 2 9 7 6 2 5 1 8 17 16 
9 3 1 8 5 7 6 2 8 6 8 5 3 2 4 1 9 7 7 2 4 6 1 9 3 5 4 2 7 3 5 4 6 9 8 1 5 9 8 1 7 2 7 6 4 1 4 6 9 3 8 2 3 5 4 6 1 2 8 5 3 7 9 8 5 7 1 9 3 6 4 2 3 2 9 7 6 4 5 1 8 13 11 
4 3 9 8 5 7 1 2 6 6 8 1 3 4 2 4 9 7 5 7 2 6 1 9 3 5 8 2 1 3 5 7 6 9 8 4 8 9 5 4 2 8 7 6 1 7 4 6 9 3 1 2 3 5 1 6 4 2 8 5 6 7 3 9 5 7 1 9 3 8 4 2 3 2 8 7 6 4 5 1 9 7 9 
9 3 2 8 5 7 6 2 1 6 8 1 3 4 2 5 9 7 4 7 5 6 1 9 4 3 8 2 1 3 5 7 6 9 8 4 5 9 7 4 2 8 1 6 3 8 4 6 9 3 1 2 7 5 1 6 4 2 8 5 3 7 6 7 5 9 1 9 3 8 4 2 3 2 8 7 6 4 5 1 9 7 9 
1 3 9 8 5 7 6 2 8 6 8 5 3 2 4 1 9 7 4 7 2 6 1 9 4 5 3 2 1 3 5 4 6 9 8 4 5 9 7 2 3 8 3 6 1 8 4 6 9 7 1 2 7 5 1 6 4 4 8 5 7 3 9 9 5 7 1 9 3 6 4 2 3 2 8 7 6 2 5 1 8 14 11 
1 3 9 8 5 7 4 2 6 6 8 5 3 2 4 1 9 7 4 7 2 6 1 9 8 5 3 2 1 3 5 7 6 9 8 4 5 9 8 4 2 8 1 6 3 7 4 6 9 3 1 2 7 5 1 6 9 4 8 5 7 3 6 7 5 8 1 9 3 8 4 2 3 2 4 7 6 2 5 1 9 16 11 
9 3 1 8 5 7 4 2 6 6 8 5 3 2 4 1 9 7 4 7 2 6 1 9 8 5 3 2 1 3 5 7 6 9 8 4 5 9 7 2 4 8 3 6 1 8 4 6 9 3 1 2 7 5 1 6 9 4 8 5 7 3 9 7 5 8 1 9 3 6 4 2 3 2 4 7 6 2 5 1 8 3 4 
4 3 9 8 5 7 1 2 6 6 8 1 3 2 4 4 9 7 5 7 2 6 1 9 8 5 3 2 1 3 5 7 6 9 8 4 7 9 5 8 4 2 7 6 1 8 4 6 9 3 1 2 3 5 3 6 4 2 8 5 3 7 9 1 5 7 1 9 3 6 4 2 9 2 8 7 6 4 5 1 8 10 10 
9 3 1 8 5 7 4 2 6 6 8 5 3 2 4 7 9 1 4 7 2 6 1 9 8 5 3 2 1 3 5 4 6 9 8 7 5 9 7 8 3 2 1 6 4 8 4 6 9 7 1 2 3 5 1 6 4 2 8 5 3 7 9 7 5 8 1 9 3 6 4 2 3 2 9 7 6 4 5 1 8 3 4 
9 3 1 8 5 7 4 2 6 6 8 5 3 4 2 1 9 7 4 7 2 6 1 9 8 5 3 2 1 3 5 7 6 9 8 4 7 9 5 4 2 8 3 6 1 8 4 6 9 3 1 2 7 5 1 6 4 2 8 5 7 3 9 8 5 7 1 9 3 6 4 2 3 2 9 7 6 4 5 1 8 3 4 
9 3 1 8 5 7 4 2 6 6 8 5 3 2 4 1 9 7 4 2 7 6 1 9 8 5 3 2 7 3 5 4 6 9 8 1 5 9 1 2 3 8 7 6 4 8 4 6 9 7 1 2 3 5 1 6 9 4 8 5 3 7 9 7 5 8 1 9 3 6 4 2 3 2 4 7 6 2 5 1 8 5 8 
1 3 9 8 5 7 4 2 6 6 8 5 3 4 2 1 9 7 4 7 2 6 1 9 8 5 3 2 1 3 5 7 6 9 8 4 5 9 8 4 2 1 7 6 1 7 4 6 9 3 8 2 3 5 3 6 1 2 8 5 3 7 9 8 5 7 1 9 3 6 4 2 9 2 4 7 6 4 5 1 8 5 8 
1 3 9 8 5 7 4 2 6 6 8 5 3 4 2 1 9 7 4 7 2 6 1 9 8 5 3 2 1 3 5 7 6 9 8 4 5 9 7 4 2 8 3 6 1 8 4 6 9 3 1 2 7 5 4 6 1 2 8 5 7 3 9 7 5 8 1 9 3 6 4 2 3 2 9 7 6 4 5 1 8 3 3 

