MonoObjective Genetic Algorithm
Number of Evaluations = 0
Mutation Probability = 0.0100000000000000002
Crossover Probability = 0.5
Population Size = 100
Survival Selection Type = 16

Time =  300.046222

Current Evaluation = 65800
Front Size = 100
9 3 1 8 5 7 4 2 6 6 8 5 3 4 2 1 9 7 4 7 2 6 1 9 8 5 3 2 1 3 5 7 6 9 8 4 5 9 7 4 2 8 3 6 1 8 4 6 9 3 1 2 7 5 1 6 4 2 8 5 7 3 9 7 5 8 1 9 3 6 4 2 3 2 9 7 6 4 5 1 8 1 4 
1 3 9 8 5 7 4 2 6 6 8 2 3 2 4 7 9 1 5 7 4 6 1 9 3 5 8 2 1 3 5 4 6 9 8 7 7 9 5 2 3 8 1 6 4 8 4 6 9 7 1 2 3 5 3 6 1 4 8 5 6 7 9 9 5 7 1 9 3 8 4 2 4 2 8 7 6 2 5 1 3 6 33 
1 3 9 8 5 7 6 2 8 6 8 5 3 2 4 1 9 4 4 7 2 6 1 9 5 3 7 2 7 3 5 4 6 9 8 1 8 9 5 8 3 2 4 6 3 1 4 6 9 7 1 2 7 5 4 1 2 4 8 5 6 5 3 7 5 9 1 9 3 7 4 2 3 6 8 7 6 2 8 1 9 224 31 
1 3 9 8 5 7 4 2 6 6 8 5 3 4 2 7 9 1 4 7 2 6 1 9 3 5 8 2 1 3 5 7 6 9 8 4 5 9 8 4 2 1 1 6 7 7 4 6 9 3 8 2 3 5 3 6 1 2 8 5 6 7 9 8 5 7 1 9 3 8 4 2 9 2 4 7 6 4 5 1 3 6 21 
9 3 1 8 5 7 4 2 6 6 8 5 3 2 4 7 9 1 4 7 2 6 1 9 8 5 3 2 1 3 5 4 6 9 8 7 5 9 7 2 3 8 1 6 4 8 4 6 9 7 1 2 3 5 1 6 9 4 8 5 3 7 9 7 5 8 1 9 3 6 4 2 3 2 4 7 6 2 5 1 8 3 18 
9 3 4 8 5 7 1 2 6 6 8 1 3 2 4 5 9 7 5 2 7 6 1 9 4 3 8 2 7 3 5 4 6 9 8 1 8 9 5 1 7 2 3 6 4 1 4 6 9 3 8 2 7 5 4 6 1 2 8 5 6 7 3 7 5 9 1 9 3 8 4 2 3 2 8 7 6 4 5 1 9 9 26 
1 3 9 8 5 7 4 2 6 6 8 5 3 4 2 7 9 1 4 7 2 6 1 9 3 5 8 2 1 3 5 7 6 9 8 4 5 9 7 4 2 8 1 6 3 8 4 6 9 3 1 2 7 5 9 6 4 2 8 5 6 3 7 7 5 1 1 9 3 8 4 2 3 2 8 7 6 4 5 1 9 3 15 
4 3 1 8 5 7 8 2 6 6 8 5 3 2 4 1 9 7 9 7 2 6 1 9 3 5 4 2 1 3 5 4 6 9 8 1 5 9 8 2 7 1 4 6 3 7 4 6 9 3 8 2 7 5 1 6 9 4 8 5 7 3 9 8 5 7 1 9 3 6 4 2 3 2 4 7 6 2 5 1 8 7 21 
9 3 4 8 5 7 1 2 6 6 8 1 3 4 2 5 9 7 5 7 2 6 1 9 4 3 8 2 1 3 5 7 6 9 8 4 7 9 5 4 2 8 3 6 1 8 4 6 9 3 1 2 7 5 4 6 9 2 8 5 6 7 3 1 5 7 1 9 3 8 4 2 3 2 8 7 6 4 5 1 9 5 17 
9 3 1 8 5 7 8 2 6 6 8 4 3 4 2 5 9 1 5 7 2 6 1 9 7 3 4 2 7 3 5 7 6 9 8 1 5 9 8 4 2 1 3 6 4 1 4 6 9 3 8 2 7 5 7 2 9 4 8 5 6 3 9 3 5 1 1 9 3 7 4 2 8 6 4 7 6 2 5 1 8 222 24 
1 3 9 8 5 7 6 2 4 6 8 7 3 2 4 5 9 1 5 2 4 6 1 9 8 3 7 2 1 3 5 7 6 9 8 4 5 9 7 2 4 1 1 6 3 8 4 6 9 3 8 2 7 5 4 6 9 4 8 5 3 7 6 7 5 1 1 9 3 8 4 2 3 2 8 7 6 2 5 1 9 15 23 
1 3 9 8 5 7 6 2 8 6 8 5 3 4 2 1 9 7 7 2 4 6 1 9 4 5 3 2 7 3 5 7 6 9 8 4 8 9 5 4 2 1 3 6 1 1 4 6 9 3 8 2 7 5 4 6 1 2 8 5 7 3 6 9 5 7 1 9 3 8 4 2 3 2 8 7 6 4 5 1 9 10 21 
1 3 4 8 5 7 1 2 6 6 8 5 3 4 2 7 9 4 9 7 2 6 1 9 8 5 3 2 1 3 5 4 6 9 8 7 5 9 8 2 7 8 4 6 1 7 4 6 9 3 1 2 3 5 4 6 1 2 8 5 3 7 9 8 5 7 1 9 3 6 4 2 3 2 9 7 6 4 5 1 8 8 20 
9 3 1 8 5 7 4 2 6 6 8 5 3 4 2 1 9 7 4 7 2 6 1 9 8 5 3 2 1 3 4 7 6 9 8 1 5 9 8 5 2 1 7 6 4 7 4 6 9 3 8 2 3 5 1 6 4 2 8 5 3 7 9 8 5 7 1 9 3 6 4 2 3 2 9 7 6 4 5 1 8 4 14 
1 3 9 8 5 7 4 2 6 6 8 5 3 2 4 1 9 7 4 2 7 6 1 9 8 5 3 2 7 3 5 4 6 9 8 1 5 9 1 2 7 8 3 6 4 8 4 6 9 3 1 2 7 5 9 6 1 4 8 5 7 3 9 7 5 8 1 9 3 6 4 2 3 2 4 7 6 2 5 1 8 5 17 
4 3 1 8 5 7 8 5 6 6 8 2 3 2 4 1 9 7 5 7 9 6 1 9 4 2 3 2 1 3 4 7 6 9 8 1 8 9 5 5 2 8 4 6 3 7 4 6 9 3 1 2 7 5 9 6 4 4 8 5 6 3 7 1 5 7 1 9 3 8 4 2 3 2 8 7 6 2 5 1 9 119 23 
9 3 1 8 5 7 6 2 4 6 8 5 3 2 4 1 9 7 4 7 2 6 1 9 3 5 8 2 1 3 5 4 6 9 8 7 5 9 7 8 3 2 4 6 1 8 4 6 9 7 1 2 3 5 1 6 4 2 8 5 7 3 6 7 5 9 1 9 3 8 4 2 3 2 8 7 6 4 5 1 9 7 19 
1 3 9 8 5 7 8 2 6 6 8 5 3 2 4 1 9 7 4 7 2 6 1 9 4 5 3 2 7 3 5 4 6 9 8 1 5 9 8 2 3 1 7 6 4 1 4 6 9 7 8 2 3 5 3 6 1 4 8 5 3 7 9 8 5 7 1 9 3 6 4 2 9 2 4 7 6 2 5 1 8 7 17 
4 3 1 9 5 7 6 2 8 6 8 5 3 4 2 1 9 7 7 2 9 6 1 8 5 3 4 2 1 3 5 7 6 9 8 4 7 9 5 4 3 8 7 6 1 8 4 6 9 2 1 2 3 5 3 6 1 4 8 5 6 5 3 7 5 8 1 9 3 7 4 2 9 2 4 7 6 2 8 1 9 323 28 
4 3 9 8 5 7 1 2 6 6 8 1 3 2 4 7 9 4 5 7 2 6 1 9 3 5 8 2 7 3 5 4 6 9 8 1 5 9 1 2 7 8 4 6 3 8 4 6 9 3 1 2 7 5 1 6 4 2 8 5 6 7 3 9 5 7 1 9 3 8 4 2 3 2 8 7 6 4 5 1 9 12 19 
9 3 1 8 5 7 4 2 6 6 8 5 3 4 2 1 9 7 7 2 4 6 1 9 8 5 3 2 7 3 5 7 6 9 8 1 5 9 8 4 2 1 3 6 4 1 4 6 9 3 8 2 7 5 4 6 1 2 8 5 7 3 9 8 5 7 1 9 3 6 4 2 3 2 9 7 6 4 5 1 8 5 13 
1 3 9 8 5 7 4 2 6 6 8 5 3 2 4 1 9 7 4 7 2 6 1 9 8 5 3 2 1 3 5 7 6 9 8 4 5 9 7 2 4 8 3 6 1 8 4 6 9 3 1 2 7 5 3 6 1 4 8 5 7 3 9 7 5 8 1 9 3 6 4 2 9 2 4 7 6 2 5 1 8 3 10 
9 3 1 8 5 7 4 2 6 6 8 7 3 4 2 5 9 1 5 2 4 6 1 9 8 3 7 2 1 3 5 7 6 9 8 4 7 9 5 4 2 8 1 6 3 8 4 6 9 3 1 2 7 5 1 6 4 2 8 5 3 7 9 7 5 8 1 9 3 6 4 2 3 2 9 7 6 4 5 1 8 6 14 
9 3 1 8 5 7 4 2 6 6 8 5 3 4 2 7 9 1 4 7 2 6 1 9 8 5 3 2 1 3 5 7 6 9 8 4 5 9 8 4 2 8 1 6 7 7 4 6 9 3 1 2 3 5 1 6 4 2 8 5 3 7 9 8 5 7 1 9 3 6 4 2 3 2 9 7 6 4 5 1 8 3 9 
1 3 4 8 5 7 8 2 6 6 8 5 3 4 2 1 9 7 9 7 2 6 1 9 4 5 3 2 1 3 5 7 6 9 8 4 5 9 7 4 2 8 3 6 1 8 4 6 9 3 1 2 7 5 4 6 1 2 8 5 7 3 9 7 5 8 1 9 3 6 4 2 3 2 9 7 6 4 5 1 8 3 7 
9 3 1 8 5 7 4 2 6 6 8 5 3 2 4 7 9 1 4 7 2 6 1 9 3 5 8 2 1 3 5 7 6 9 8 4 5 9 7 2 4 8 1 6 3 8 4 6 9 3 1 2 7 5 1 6 9 4 8 5 6 3 7 7 5 8 1 9 3 8 4 2 3 2 4 7 6 2 5 1 9 4 12 
9 3 1 8 5 7 4 2 6 6 8 5 3 4 2 7 9 1 4 7 2 6 1 9 8 5 3 2 1 3 5 7 6 9 8 4 5 9 7 4 2 8 1 6 3 8 4 6 9 3 1 2 7 5 1 6 4 2 8 5 3 7 9 7 5 8 1 9 3 6 4 2 3 2 9 7 6 4 5 1 8 3 6 
9 3 4 8 5 7 1 2 6 6 8 1 3 2 4 4 9 7 7 2 5 6 1 9 3 5 8 2 7 3 5 4 6 9 8 1 5 9 8 2 3 8 7 6 4 1 4 6 9 7 1 2 3 5 4 6 1 2 8 5 3 7 9 8 5 7 1 9 3 6 4 2 3 2 9 7 6 4 5 1 8 11 17 
1 3 9 8 5 7 6 2 4 6 8 5 3 4 2 1 9 7 4 7 2 6 1 9 3 5 8 2 1 3 4 7 6 9 8 1 5 9 8 5 2 1 4 6 3 7 4 6 9 3 8 2 7 5 3 6 1 2 8 5 7 3 6 9 5 7 1 9 3 8 4 2 8 2 4 7 6 4 5 1 9 8 16 
9 3 1 8 5 7 4 2 6 6 8 7 3 2 4 5 9 1 4 2 5 6 1 9 8 3 7 2 7 3 4 7 6 9 8 1 5 9 8 5 2 1 3 6 4 1 4 6 9 3 8 2 7 5 3 6 4 2 8 5 6 7 3 7 5 1 1 9 3 8 4 2 8 2 9 7 6 4 5 1 9 15 20 
9 3 4 8 5 7 6 2 1 6 8 1 3 4 2 5 9 7 5 7 2 6 1 9 8 3 4 2 1 3 5 4 6 9 8 1 7 9 5 1 3 2 4 6 3 8 4 6 9 7 8 2 7 5 9 6 4 2 8 5 7 3 9 7 5 1 1 9 3 6 4 2 3 2 8 7 6 4 5 1 8 19 21 
9 3 1 8 5 7 4 2 6 6 8 5 3 4 2 7 9 1 4 7 2 6 1 9 3 5 8 2 1 3 5 4 6 9 8 7 5 9 7 2 3 8 1 6 4 8 4 6 9 7 1 2 3 5 1 6 4 2 8 5 6 7 3 7 5 9 1 9 3 8 4 2 3 2 8 7 6 4 5 1 9 5 13 
9 3 1 8 5 7 4 2 6 6 8 7 3 2 4 5 9 1 5 2 4 6 1 9 8 3 7 2 7 3 5 4 6 9 8 1 1 9 5 2 3 8 7 6 4 8 4 6 9 7 1 2 3 5 4 6 1 4 8 5 3 7 9 7 5 8 1 9 3 6 4 2 3 2 9 7 6 2 5 1 8 8 15 
4 3 9 8 5 7 1 2 6 6 8 1 3 4 2 4 9 7 5 7 2 6 1 9 3 5 8 2 1 3 5 7 6 9 8 4 8 9 5 4 2 1 7 6 1 7 4 6 9 3 8 2 3 5 1 6 4 2 8 5 6 7 3 9 5 7 1 9 3 8 4 2 3 2 8 7 6 4 5 1 9 7 14 
9 3 1 8 5 7 4 2 6 6 8 5 3 2 4 1 9 7 7 2 4 6 1 9 8 5 3 2 7 3 1 4 6 9 8 4 5 9 8 5 7 2 3 6 1 1 4 6 9 3 8 2 7 5 4 6 9 2 8 5 6 7 3 1 5 7 1 9 3 8 4 2 3 2 8 7 6 4 5 1 9 13 17 
1 3 9 8 5 7 6 2 4 6 8 5 3 2 4 7 9 1 7 2 4 6 1 9 3 5 8 2 7 3 5 7 6 9 8 1 5 9 1 2 4 8 4 6 3 8 4 6 9 3 1 2 7 5 3 6 1 4 8 5 7 3 6 9 5 7 1 9 3 8 4 2 8 2 4 7 6 2 5 1 9 13 17 
1 3 9 8 5 7 6 2 1 6 8 5 3 4 2 4 9 7 4 2 7 6 1 9 5 3 8 2 1 3 4 7 6 9 8 7 5 9 7 5 2 8 1 6 4 8 4 6 9 3 1 2 3 5 9 6 1 2 8 5 3 7 9 7 5 8 1 9 3 6 4 2 3 2 4 7 6 4 5 1 8 15 19 
9 3 1 8 5 7 4 2 6 6 8 5 3 2 4 1 9 7 4 7 2 6 1 9 8 5 3 2 1 3 5 7 6 9 8 4 5 9 7 2 4 8 3 6 1 8 4 6 9 3 1 2 7 5 1 6 4 4 8 5 7 3 9 7 5 8 1 9 3 6 4 2 3 2 9 7 6 2 5 1 8 3 6 
9 3 1 8 5 7 4 2 6 6 8 5 3 4 2 1 9 7 4 7 2 6 1 9 3 5 8 2 1 3 5 7 6 9 8 4 5 9 8 4 2 8 7 6 1 7 4 6 9 3 1 2 3 5 3 6 4 2 8 5 6 7 9 1 5 7 1 9 3 8 4 2 8 2 9 7 6 4 5 1 3 5 12 
4 3 9 8 5 7 1 2 6 6 8 1 3 4 2 5 9 7 5 7 2 6 1 9 8 3 4 2 1 3 4 7 6 9 8 1 7 9 5 5 2 8 4 6 3 8 4 6 9 3 1 2 7 5 1 6 4 2 8 5 7 3 9 7 5 8 1 9 3 6 4 2 3 2 9 7 6 4 5 1 8 7 14 
9 3 4 8 5 7 1 2 6 6 8 1 3 2 4 5 9 7 5 2 7 6 1 9 8 3 4 2 7 3 5 4 6 9 8 1 8 9 5 2 7 1 4 6 3 1 4 6 9 3 8 2 7 5 4 6 1 4 8 5 3 7 9 7 5 8 1 9 3 6 4 2 3 2 9 7 6 2 5 1 8 7 14 
1 3 9 8 5 7 4 2 6 6 8 5 3 2 4 7 9 1 4 7 2 6 1 9 3 5 8 2 1 3 5 4 6 9 8 7 5 9 7 2 3 8 1 6 4 8 4 6 9 7 1 2 3 5 9 6 1 4 8 5 6 7 3 7 5 8 1 9 3 8 4 2 3 2 4 7 6 2 5 1 9 4 10 
9 3 1 8 5 7 8 2 6 6 8 5 3 4 2 4 9 1 4 2 7 6 1 9 5 3 7 2 7 3 5 7 6 9 8 4 5 9 8 4 2 1 1 6 3 1 4 6 9 3 8 2 7 5 3 6 1 2 8 5 6 3 9 7 5 9 1 9 3 7 4 2 8 2 4 7 6 4 5 1 8 16 18 
1 3 9 8 5 7 4 2 6 6 8 5 3 4 2 1 9 7 4 7 2 6 1 9 8 5 3 2 1 3 5 7 6 9 8 4 5 9 7 4 2 8 3 6 1 8 4 6 9 3 1 2 7 5 3 6 1 2 8 5 7 3 9 7 5 8 1 9 3 6 4 2 9 2 4 7 6 4 5 1 8 3 6 
9 3 1 8 5 7 4 2 6 6 8 5 3 2 4 1 9 7 4 7 2 6 1 9 8 5 3 2 7 3 5 4 6 9 8 1 5 9 8 2 7 1 3 6 4 1 4 6 9 3 8 2 7 5 1 6 4 4 8 5 7 3 9 8 5 7 1 9 3 6 4 2 3 2 9 7 6 2 5 1 8 5 11 
1 3 4 8 5 7 6 2 8 6 8 5 3 4 2 7 9 1 9 7 2 6 1 9 4 5 3 2 1 3 5 7 6 9 8 4 5 9 7 4 2 8 1 6 7 8 4 6 9 3 1 2 3 5 4 6 1 2 8 5 3 7 6 7 5 9 1 9 3 8 4 2 3 2 8 7 6 4 5 1 9 7 14 
9 3 1 8 5 7 4 2 6 6 8 5 3 2 4 7 9 1 4 7 2 6 1 9 8 5 3 2 1 3 5 4 6 9 8 7 5 9 7 8 3 2 1 6 4 8 4 6 9 7 1 2 3 5 1 6 4 2 8 5 3 7 9 7 5 8 1 9 3 6 4 2 3 2 9 7 6 4 5 1 8 3 6 
1 3 2 8 5 7 1 2 6 6 8 5 3 2 4 5 9 4 9 7 4 6 1 9 8 7 3 2 1 3 5 7 6 9 8 1 5 9 7 2 4 1 4 6 3 8 4 6 9 3 8 2 7 5 4 1 7 4 8 5 7 3 6 8 5 9 1 9 3 8 4 2 3 6 2 7 6 2 5 1 9 125 19 
4 3 1 8 5 7 4 2 6 6 8 7 3 4 2 5 9 1 5 2 9 6 1 9 8 7 3 2 7 3 5 7 6 9 8 1 1 9 5 4 2 1 7 6 4 8 4 6 9 3 8 2 3 5 1 6 4 2 8 5 6 3 7 8 5 7 1 9 3 8 4 2 3 2 9 7 6 4 5 1 9 20 18 
1 3 9 8 5 7 8 2 6 6 8 7 3 2 4 1 9 4 4 2 5 6 1 9 7 5 3 2 1 3 5 7 6 9 8 1 8 9 5 4 2 1 4 6 7 7 4 6 9 3 8 2 3 5 7 6 1 2 8 5 7 3 6 9 5 8 1 9 3 8 4 2 3 2 4 7 6 4 5 1 9 21 18 
4 3 1 8 5 7 6 2 8 6 8 2 3 4 2 1 9 7 5 7 9 6 1 9 3 5 4 2 1 3 5 7 6 9 8 1 7 9 5 4 2 8 4 6 3 8 4 6 9 3 1 2 7 5 9 6 4 2 8 5 7 3 6 1 5 7 1 9 3 8 4 2 3 2 8 7 6 4 5 1 9 9 16 
1 3 9 8 5 7 4 2 6 6 8 4 3 4 2 7 9 1 5 7 2 6 1 9 8 5 3 2 1 3 5 4 6 9 8 7 7 9 5 2 3 8 1 6 4 8 4 6 9 7 1 2 3 5 4 6 1 2 8 5 3 7 9 9 5 7 1 9 3 6 4 2 3 2 8 7 6 4 5 1 8 7 13 
1 3 4 8 5 7 4 2 6 6 8 2 3 2 4 1 9 7 9 7 5 6 1 9 8 5 3 2 1 3 5 4 6 9 8 1 5 9 8 2 7 8 3 6 4 7 4 6 9 3 1 2 7 5 1 6 9 2 8 5 6 7 3 7 5 8 1 9 3 8 4 2 3 2 4 7 6 4 5 1 9 20 17 
9 3 1 8 5 7 4 2 6 6 8 5 3 4 2 1 9 7 4 7 2 6 1 9 8 5 3 2 1 3 5 7 6 9 8 4 5 9 8 4 2 1 3 6 1 7 4 6 9 3 8 2 7 5 1 6 4 2 8 5 7 3 9 8 5 7 1 9 3 6 4 2 3 2 9 7 6 4 5 1 8 3 6 
4 3 9 8 5 7 1 2 6 6 8 1 3 2 4 5 9 7 5 7 2 6 1 9 8 3 4 2 1 3 5 4 6 9 8 1 8 9 5 1 7 2 4 6 3 7 4 6 9 3 8 2 7 5 1 6 4 2 8 5 3 7 9 9 5 7 1 9 3 6 4 2 3 2 8 7 6 4 5 1 8 9 15 
9 3 1 8 5 7 6 2 8 6 8 5 3 2 4 5 9 1 7 2 4 6 1 9 4 7 3 2 7 3 5 4 6 9 8 4 5 9 8 2 7 1 3 6 1 1 4 6 9 3 8 2 7 5 4 1 9 2 8 5 7 3 6 7 5 8 1 9 3 8 4 2 3 6 2 7 6 4 5 1 9 116 17 
1 3 9 8 5 7 4 2 6 6 8 5 3 2 4 7 9 1 4 7 2 6 1 9 8 5 3 2 1 3 5 7 6 9 8 4 5 9 8 2 4 8 1 6 7 7 4 6 9 3 1 2 3 5 9 6 1 4 8 5 3 7 9 8 5 7 1 9 3 6 4 2 3 2 4 7 6 2 5 1 8 5 11 
1 3 9 8 5 7 6 2 8 6 8 7 3 4 2 4 9 1 5 2 4 6 1 9 3 5 7 2 1 3 5 7 6 9 8 4 7 9 5 4 2 8 1 6 3 8 4 6 9 3 1 2 7 5 4 6 1 2 8 5 7 3 6 9 5 7 1 9 3 8 4 2 3 2 8 7 6 4 5 1 9 8 13 
9 3 1 8 5 7 4 2 6 6 8 5 3 2 4 1 9 7 4 2 7 6 1 9 8 5 3 2 7 3 5 4 6 9 8 1 5 9 1 2 3 8 7 6 4 8 4 6 9 7 1 2 3 5 1 6 4 4 8 5 3 7 9 7 5 8 1 9 3 6 4 2 3 2 9 7 6 2 5 1 8 5 10 
1 3 9 8 5 7 4 2 6 6 8 5 3 2 4 7 9 1 4 7 2 6 1 9 8 5 3 2 1 3 5 4 6 9 8 7 5 9 7 2 3 8 1 6 4 8 4 6 9 7 1 2 3 5 3 6 1 4 8 5 3 7 9 7 5 8 1 9 3 6 4 2 9 2 4 7 6 2 5 1 8 3 5 
9 3 1 8 5 7 4 2 6 6 8 5 3 4 2 7 9 1 4 7 2 6 1 9 3 5 8 2 1 3 5 7 6 9 8 4 5 9 7 4 2 8 1 6 3 8 4 6 9 3 1 2 7 5 1 6 4 2 8 5 6 3 7 7 5 9 1 9 3 8 4 2 3 2 8 7 6 4 5 1 9 3 4 
1 3 9 8 5 7 4 2 6 6 8 2 3 2 4 7 9 1 5 7 4 6 1 9 8 5 3 2 1 3 5 4 6 9 8 1 8 9 5 2 7 1 3 6 4 7 4 6 9 3 8 2 7 5 4 6 1 4 8 5 6 3 7 9 5 7 1 9 3 8 4 2 3 2 8 7 6 2 5 1 9 11 16 
1 3 9 8 5 7 6 2 4 6 8 5 3 2 4 1 9 7 4 7 2 6 1 9 3 5 8 2 7 3 5 4 6 9 8 1 5 9 1 8 7 2 4 6 3 8 4 6 9 3 1 2 7 5 1 6 4 2 8 5 7 3 6 9 5 7 1 9 3 8 4 2 3 2 8 7 6 4 5 1 9 7 11 
9 3 4 8 5 7 1 2 6 6 8 1 3 2 4 5 9 7 5 2 7 6 1 9 4 3 8 2 7 3 5 4 6 9 8 1 1 9 5 2 3 8 7 6 4 8 4 6 9 7 1 2 3 5 1 6 9 4 8 5 6 7 3 7 5 8 1 9 3 8 4 2 3 2 4 7 6 2 5 1 9 9 14 
9 3 1 8 5 7 4 2 6 6 8 5 3 4 2 1 9 7 4 7 2 6 1 9 8 5 3 2 1 3 5 7 6 9 8 4 5 9 8 4 2 8 7 6 1 7 4 6 9 3 1 2 3 5 1 6 4 2 8 5 3 7 9 8 5 7 1 9 3 6 4 2 3 2 9 7 6 4 5 1 8 3 4 
1 3 9 8 5 7 8 2 6 6 8 7 3 2 4 4 9 1 4 2 5 6 1 9 3 5 7 2 7 3 5 4 6 9 8 1 5 9 1 8 7 2 3 6 4 8 4 6 9 3 1 2 7 5 1 6 4 2 8 5 7 3 9 7 5 8 1 9 3 6 4 2 3 2 9 7 6 4 5 1 8 11 14 
1 3 9 8 5 7 6 2 4 6 8 5 3 4 2 1 9 7 4 7 2 6 1 9 3 5 8 2 1 3 4 7 6 9 8 1 5 9 7 5 2 8 4 6 3 8 4 6 9 3 1 2 7 5 9 6 4 2 8 5 7 3 6 7 5 1 1 9 3 8 4 2 3 2 8 7 6 4 5 1 9 5 10 
4 3 9 8 5 7 1 2 6 6 8 1 3 4 2 5 9 7 5 7 2 6 1 9 4 3 8 2 1 3 5 7 6 9 8 4 7 9 5 4 2 8 3 6 1 8 4 6 9 3 1 2 7 5 1 6 4 2 8 5 7 3 9 9 5 7 1 9 3 6 4 2 3 2 8 7 6 4 5 1 8 6 10 
9 3 1 8 5 7 6 2 1 6 8 5 3 4 2 4 9 7 4 7 2 6 1 9 5 3 8 2 1 3 5 7 6 9 8 4 5 9 8 2 4 8 1 6 3 7 4 6 9 3 1 2 7 5 1 6 4 2 8 5 7 3 6 8 5 7 1 9 3 8 4 2 3 2 9 7 6 4 5 1 9 12 15 
9 3 1 8 5 7 4 2 6 6 8 4 3 2 4 7 9 1 5 7 2 6 1 9 3 5 8 2 1 3 5 4 6 9 8 7 8 9 5 2 3 1 1 6 4 7 4 6 9 7 8 2 3 5 3 6 9 4 8 5 6 7 3 1 5 7 1 9 3 8 4 2 4 2 8 7 6 2 5 1 9 9 12 
9 3 1 8 5 7 1 2 6 6 8 5 3 2 4 4 9 7 7 2 4 6 1 9 8 5 3 2 7 3 5 4 6 9 8 4 5 9 8 2 3 1 7 6 1 1 4 6 9 7 8 2 3 5 3 6 1 4 8 5 3 7 9 8 5 7 1 9 3 6 4 2 4 2 9 7 6 2 5 1 8 9 12 
1 3 9 8 5 7 4 2 6 6 8 5 3 4 2 1 9 7 4 7 2 6 1 9 3 5 8 2 1 3 5 7 6 9 8 4 5 9 8 4 2 8 7 6 1 7 4 6 9 3 1 2 3 5 9 6 1 2 8 5 6 7 3 8 5 7 1 9 3 8 4 2 3 2 4 7 6 4 5 1 9 6 9 
1 3 9 8 5 7 4 2 6 6 8 5 3 4 2 7 9 1 7 2 4 6 1 9 8 5 3 2 7 3 4 7 6 9 8 1 5 9 8 5 2 1 3 6 4 1 4 6 9 3 8 2 7 5 4 6 1 2 8 5 6 3 7 9 5 7 1 9 3 8 4 2 3 2 8 7 6 4 5 1 9 10 12 
1 3 4 8 5 7 1 2 6 6 8 5 3 2 4 4 9 7 9 7 2 6 1 9 8 5 3 2 7 3 1 4 6 9 8 4 5 9 8 5 7 2 3 6 1 1 4 6 9 3 8 2 7 5 4 6 1 2 8 5 7 3 9 7 5 8 1 9 3 6 4 2 3 2 9 7 6 4 5 1 8 11 14 
9 3 1 8 5 7 4 2 6 6 8 5 3 4 2 1 9 7 4 7 2 6 1 9 8 5 3 2 1 3 4 7 6 9 8 1 5 9 7 5 2 8 3 6 4 8 4 6 9 3 1 2 7 5 1 6 4 2 8 5 7 3 9 7 5 8 1 9 3 6 4 2 3 2 9 7 6 4 5 1 8 3 4 
1 3 2 8 5 7 4 2 6 6 8 5 3 4 2 1 9 7 9 7 4 6 1 9 8 5 3 2 1 3 5 7 6 9 8 4 5 9 7 4 2 8 3 6 1 8 4 6 9 3 1 2 7 5 4 6 1 2 8 5 7 3 9 7 5 8 1 9 3 6 4 2 3 2 9 7 6 4 5 1 8 3 4 
9 3 4 8 5 7 1 2 6 6 8 1 3 4 2 5 9 7 5 2 7 6 1 9 4 3 8 2 7 3 5 7 6 9 8 1 1 9 5 4 2 8 3 6 4 8 4 6 9 3 1 2 7 5 4 6 1 2 8 5 6 7 9 7 5 8 1 9 3 8 4 2 3 2 9 7 6 4 5 1 3 10 12 
1 3 9 8 5 7 4 2 6 6 8 5 3 4 2 1 9 7 4 7 2 6 1 9 3 5 8 2 1 3 5 4 6 9 8 4 5 9 7 2 3 1 7 6 1 8 4 6 9 7 8 2 3 5 3 6 4 2 8 5 6 7 3 7 5 1 1 9 3 8 4 2 9 2 8 7 6 4 5 1 9 11 12 
4 3 1 8 5 7 6 2 8 6 8 5 3 2 4 7 9 1 9 7 2 6 1 9 4 5 3 2 1 3 5 4 6 9 8 7 5 9 7 8 3 2 1 6 4 8 4 6 9 7 1 2 3 5 1 6 4 2 8 5 3 7 6 7 5 9 1 9 3 8 4 2 3 2 8 7 6 4 5 1 9 7 10 
1 3 9 8 5 7 4 2 6 6 8 2 3 4 2 1 9 7 4 7 5 6 1 9 8 5 3 2 1 3 5 7 6 9 8 4 5 9 7 2 4 1 3 6 1 8 4 6 9 3 8 2 7 5 9 6 4 2 8 5 7 3 9 7 5 1 1 9 3 6 4 2 3 2 8 7 6 4 5 1 8 10 11 
1 3 9 8 5 7 4 2 6 6 8 4 3 4 2 7 9 1 5 7 2 6 1 9 3 5 8 2 1 3 5 7 6 9 8 4 7 9 5 4 2 8 1 6 3 8 4 6 9 3 1 2 7 5 4 6 1 2 8 5 6 3 7 9 5 7 1 9 3 8 4 2 3 2 8 7 6 4 5 1 9 5 8 
4 3 9 8 5 7 1 2 6 6 8 1 3 4 2 5 9 7 7 2 5 6 1 9 4 3 8 2 1 3 5 7 6 9 8 4 5 9 7 4 2 8 3 6 1 8 4 6 9 3 1 2 7 5 1 6 4 2 8 5 6 7 3 9 5 7 1 9 3 8 4 2 3 2 8 7 6 4 5 1 9 7 10 
1 3 9 8 5 7 6 2 4 6 8 4 3 2 4 5 9 1 5 7 2 6 1 9 7 3 8 2 1 3 5 7 6 9 8 4 7 9 5 2 4 1 1 6 3 8 4 6 9 3 8 2 7 5 4 6 1 2 8 5 3 7 6 9 5 7 1 9 3 8 4 2 3 2 8 7 6 4 5 1 9 12 12 
9 3 1 8 5 7 4 2 6 6 8 5 3 2 4 1 9 7 4 7 2 6 1 9 8 5 3 2 1 3 5 7 6 9 8 4 5 9 7 8 4 2 3 6 1 8 4 6 9 3 1 2 7 5 1 6 4 2 8 5 7 3 9 7 5 8 1 9 3 6 4 2 3 2 9 7 6 4 5 1 8 3 4 
9 3 1 8 5 7 4 2 6 6 8 5 3 4 2 7 9 1 4 7 2 6 1 9 8 5 3 2 1 3 5 4 6 9 8 7 5 9 7 2 3 8 1 6 4 8 4 6 9 7 1 2 3 5 1 6 4 2 8 5 3 7 9 7 5 8 1 9 3 6 4 2 3 2 9 7 6 4 5 1 8 3 4 
1 3 9 8 5 7 4 2 6 6 8 5 3 2 4 1 9 7 4 2 7 6 1 9 5 3 8 2 7 3 5 4 6 9 8 1 8 9 5 1 3 2 4 6 3 1 4 6 9 7 8 2 7 5 9 6 4 2 8 5 6 3 7 7 5 1 1 9 3 8 4 2 3 2 8 7 6 4 5 1 9 14 16 
9 3 1 8 5 7 4 2 6 6 8 5 3 2 4 1 9 7 4 7 2 6 1 9 8 5 3 2 7 3 5 4 6 9 8 1 5 9 8 2 3 1 7 6 4 1 4 6 9 7 8 2 3 5 1 6 4 2 8 5 3 7 9 8 5 7 1 9 3 6 4 2 3 2 9 7 6 4 5 1 8 5 8 
9 3 1 8 5 7 6 2 4 6 8 5 3 2 4 1 9 7 4 7 2 6 1 9 8 5 3 2 1 3 5 4 6 9 8 7 5 9 7 2 3 8 4 6 1 8 4 6 9 7 1 2 3 5 1 6 4 4 8 5 3 7 9 7 5 8 1 9 3 6 4 2 3 2 9 7 6 2 5 1 8 5 8 
9 3 4 8 5 7 4 2 6 6 8 1 3 2 4 7 9 1 5 7 2 6 1 9 3 5 8 2 1 3 5 7 6 9 8 7 5 9 7 4 2 8 1 6 4 8 4 6 9 3 1 2 3 5 4 6 9 2 8 5 6 7 9 1 5 7 1 9 3 8 4 2 3 2 8 7 6 4 5 1 3 15 15 
1 3 9 8 5 7 4 2 6 6 8 5 3 4 2 1 9 7 4 7 2 6 1 9 8 5 3 2 1 3 5 7 6 9 8 4 5 9 7 4 2 8 3 6 1 8 4 6 9 3 1 2 7 5 4 6 1 2 8 5 7 3 9 7 5 8 1 9 3 6 4 2 3 2 9 7 6 4 5 1 8 3 3 
9 3 4 8 5 7 6 2 1 6 8 1 3 4 2 5 9 7 5 7 2 6 1 9 4 3 8 2 1 3 5 4 6 9 8 4 7 9 5 2 3 8 1 6 3 8 4 6 9 7 1 2 7 5 4 6 9 2 8 5 7 3 6 1 5 7 1 9 3 8 4 2 3 2 8 7 6 4 5 1 9 10 11 
9 3 1 8 5 7 4 2 6 6 8 5 3 4 2 7 9 1 4 7 2 6 1 9 8 5 3 2 1 3 5 7 6 9 8 4 5 9 8 4 2 1 1 6 7 7 4 6 9 3 8 2 3 5 1 6 4 2 8 5 3 7 9 8 5 7 1 9 3 6 4 2 3 2 9 7 6 4 5 1 8 3 2 
1 3 9 8 5 7 4 2 6 6 8 5 3 2 4 7 9 1 4 7 2 6 1 9 3 5 8 2 1 3 5 4 6 9 8 7 5 9 7 2 3 8 1 6 4 8 4 6 9 7 1 2 3 5 3 6 1 4 8 5 6 7 9 7 5 8 1 9 3 8 4 2 9 2 4 7 6 2 5 1 3 4 4 
9 3 1 8 5 7 4 2 6 6 8 5 3 2 4 1 9 7 4 7 2 6 1 9 8 5 3 2 1 3 5 7 6 9 8 4 5 9 7 2 4 8 3 6 1 8 4 6 9 3 1 2 7 5 1 6 9 4 8 5 7 3 9 7 5 8 1 9 3 6 4 2 3 2 4 7 6 2 5 1 8 3 2 
9 3 4 8 5 7 6 2 1 6 8 1 3 4 2 5 9 7 5 7 2 6 1 9 8 3 4 2 1 3 5 7 6 9 8 4 7 9 5 4 2 8 1 6 3 8 4 6 9 3 1 2 7 5 4 6 1 2 8 5 7 3 9 7 5 8 1 9 3 6 4 2 3 2 9 7 6 4 5 1 8 7 10 
1 3 9 8 5 7 1 2 6 6 8 5 3 4 2 5 9 7 4 7 2 6 1 9 4 3 8 2 1 3 5 4 6 9 8 4 7 9 5 2 3 8 3 6 1 8 4 6 9 7 1 2 7 5 3 6 1 4 8 5 6 7 3 7 5 8 1 9 3 8 4 2 9 2 4 7 6 2 5 1 9 18 15 
1 3 4 8 5 7 4 2 6 6 8 5 3 2 4 7 9 1 9 7 2 6 1 9 3 5 8 2 1 3 5 4 6 9 8 7 8 9 5 2 3 1 1 6 4 7 4 6 9 7 8 2 3 5 4 6 1 2 8 5 6 7 3 8 5 7 1 9 3 8 4 2 3 2 9 7 6 4 5 1 9 12 11 
9 3 1 8 5 7 4 2 6 6 8 5 3 4 2 1 9 7 4 7 2 6 1 9 5 3 8 2 1 3 5 7 6 9 8 4 5 9 7 4 2 8 3 6 1 8 4 6 9 3 1 2 7 5 1 6 4 2 8 5 6 7 3 7 5 9 1 9 3 8 4 2 3 2 8 7 6 4 5 1 9 5 8 
1 3 9 8 5 7 4 2 6 6 8 5 3 4 2 1 9 7 4 7 2 6 1 9 8 5 3 2 1 3 5 7 6 9 8 4 5 9 7 4 2 8 3 6 1 8 4 6 9 3 1 2 7 5 9 6 4 2 8 5 7 3 9 7 5 1 1 9 3 6 4 2 3 2 8 7 6 4 5 1 8 4 4 
1 3 4 8 5 7 4 2 6 6 8 5 3 4 2 1 9 7 9 7 2 6 1 9 8 5 3 2 1 3 5 7 6 9 8 4 5 9 7 4 2 8 3 6 1 8 4 6 9 3 1 2 7 5 4 6 1 2 8 5 7 3 9 7 5 8 1 9 3 6 4 2 3 2 9 7 6 4 5 1 8 3 2 

