MonoObjective Genetic Algorithm
Number of Evaluations = 0
Mutation Probability = 0.0100000000000000002
Crossover Probability = 0.5
Population Size = 100
Survival Selection Type = 16

Time =  300.093718000000024

Current Evaluation = 87700
Front Size = 100
9 3 1 8 5 7 4 2 6 6 8 5 3 4 2 1 9 7 4 7 2 6 1 9 8 5 3 2 1 3 5 7 6 9 8 4 5 9 7 4 2 8 3 6 1 8 4 6 9 3 1 2 7 5 1 6 4 2 8 5 7 3 9 7 5 8 1 9 3 6 4 2 3 2 9 7 6 4 5 1 8 1 5 
1 3 9 8 5 7 4 2 6 6 8 5 3 2 4 7 9 1 4 7 2 6 1 9 8 5 3 2 1 3 5 4 6 9 8 7 5 9 7 2 3 8 1 6 4 8 4 6 9 7 1 2 3 5 3 6 1 4 8 5 3 7 9 7 5 8 1 9 3 6 4 2 9 2 4 7 6 2 5 1 8 3 22 
9 3 1 8 5 7 6 2 4 6 8 5 3 2 4 1 9 7 4 7 2 6 1 9 3 5 8 2 7 3 5 4 6 9 8 1 5 9 8 2 7 1 4 6 3 1 4 6 9 3 8 2 7 5 1 6 9 4 8 5 7 3 6 8 5 7 1 9 3 8 4 2 3 2 4 7 6 2 5 1 9 6 26 
4 3 9 8 5 7 1 2 6 6 8 1 3 4 2 5 9 7 5 2 7 6 1 9 4 3 8 2 7 3 5 4 6 9 8 1 1 9 5 2 3 8 3 6 4 8 4 6 9 7 1 2 7 5 9 6 4 2 8 5 6 3 7 7 5 1 1 9 3 8 4 2 3 2 8 7 6 4 5 1 9 12 27 
4 3 1 9 5 7 6 2 8 6 8 5 3 4 2 1 9 7 7 2 9 6 1 8 5 3 4 2 1 3 5 7 6 9 8 4 7 9 5 4 3 8 7 6 1 8 4 6 9 2 1 2 3 5 3 6 1 4 8 5 6 5 3 7 5 8 1 9 3 7 4 2 9 2 4 7 6 2 8 1 9 323 29 
9 3 1 8 5 7 4 2 6 6 8 2 3 4 2 7 9 1 5 7 4 6 1 9 3 5 8 2 1 3 5 7 6 9 8 4 7 9 5 4 2 8 1 6 3 8 4 6 9 3 1 2 7 5 4 6 9 2 8 5 6 3 7 1 5 7 1 9 3 8 4 2 3 2 8 7 6 4 5 1 9 5 20 
9 3 4 8 5 7 1 2 6 6 8 1 3 4 2 5 9 7 5 7 2 6 1 9 8 3 4 2 7 3 4 7 6 9 8 1 8 9 5 5 2 1 4 6 3 1 4 6 9 3 8 2 7 5 4 6 1 2 8 5 3 7 9 7 5 8 1 9 3 6 4 2 3 2 9 7 6 4 5 1 8 7 22 
1 3 9 8 5 7 4 2 6 6 8 5 3 4 2 1 9 7 4 7 2 6 1 9 3 5 8 2 1 3 5 7 6 9 8 4 5 9 8 4 2 1 7 6 1 7 4 6 9 3 8 2 3 5 9 6 1 2 8 5 6 7 3 8 5 7 1 9 3 8 4 2 3 2 4 7 6 4 5 1 9 6 20 
4 3 9 8 5 7 1 2 6 6 8 1 3 2 4 4 9 7 5 7 2 6 1 9 8 5 3 2 1 3 5 7 6 9 8 4 7 9 5 2 4 8 3 6 1 8 4 6 9 3 1 2 7 5 1 6 7 4 8 5 6 3 9 9 5 8 1 9 3 7 4 2 3 2 4 7 6 2 5 1 8 6 19 
9 3 1 8 5 7 4 2 6 6 8 5 3 4 2 7 9 1 4 7 2 6 1 9 8 5 3 2 1 3 5 7 6 9 8 4 5 9 8 4 2 1 1 6 7 7 4 6 9 3 8 2 3 5 1 6 4 2 8 5 3 7 9 8 5 7 1 9 3 6 4 2 3 2 9 7 6 4 5 1 8 3 13 
1 3 9 8 5 7 4 2 6 6 8 5 3 2 4 1 9 7 4 7 2 6 1 9 8 5 3 2 1 3 5 7 6 9 8 4 5 9 7 2 4 8 3 6 1 8 4 6 9 3 1 2 7 5 3 6 1 4 8 5 7 3 9 7 5 8 1 9 3 6 4 2 9 2 4 7 6 2 5 1 8 3 11 
9 3 1 8 5 7 8 2 6 6 8 4 3 4 2 5 9 1 5 7 2 6 1 9 7 3 4 2 7 3 5 7 6 9 8 1 5 9 8 4 2 1 3 6 4 1 4 6 9 3 8 2 7 5 7 2 9 4 8 5 6 3 9 3 5 1 1 9 3 7 4 2 8 6 4 7 6 2 5 1 8 222 24 
9 3 1 8 5 7 4 2 6 6 8 5 3 2 4 1 9 7 7 2 4 6 1 9 8 5 3 2 7 3 5 4 6 9 8 1 5 9 8 2 3 1 7 6 4 1 4 6 9 7 8 2 3 5 3 6 1 4 8 5 3 7 9 8 5 7 1 9 3 6 4 2 4 2 9 7 6 2 5 1 8 5 18 
9 3 1 8 5 7 4 2 6 6 8 5 3 2 4 7 9 1 4 7 2 6 1 9 3 5 8 2 1 3 5 7 6 9 8 4 5 9 7 2 4 8 1 6 3 8 4 6 9 3 1 2 7 5 1 6 9 4 8 5 6 3 7 7 5 8 1 9 3 8 4 2 3 2 4 7 6 2 5 1 9 4 15 
1 3 9 8 5 7 4 2 6 6 8 7 3 4 2 5 9 1 5 2 4 6 1 9 8 3 7 2 1 3 5 7 6 9 8 4 7 9 5 4 2 8 1 6 3 8 4 6 9 3 1 2 7 5 4 6 1 2 8 5 3 7 9 7 5 8 1 9 3 6 4 2 3 2 9 7 6 4 5 1 8 6 17 
4 3 9 8 5 7 1 2 6 6 8 1 3 2 4 7 9 4 5 7 2 6 1 9 3 5 8 2 1 3 5 4 6 9 8 7 7 9 5 8 3 2 4 6 1 8 4 6 9 7 1 2 3 5 3 6 4 2 8 5 6 7 9 1 5 7 1 9 3 8 4 2 8 2 9 7 6 4 5 1 3 9 23 
1 3 9 8 5 7 6 2 4 6 8 5 3 2 4 1 9 7 4 7 2 6 1 9 3 5 8 2 1 3 5 4 6 9 8 7 5 9 7 8 3 2 4 6 1 8 4 6 9 7 1 2 3 5 9 6 4 2 8 5 7 3 6 7 5 1 1 9 3 8 4 2 3 2 8 7 6 4 5 1 9 7 18 
1 3 9 8 5 7 4 2 6 6 8 5 3 4 2 7 9 1 4 7 2 6 1 9 3 5 8 2 1 3 5 7 6 9 8 4 5 9 7 4 2 8 1 6 3 8 4 6 9 3 1 2 7 5 9 6 4 2 8 5 6 3 7 7 5 1 1 9 3 8 4 2 3 2 8 7 6 4 5 1 9 3 11 
1 3 9 8 5 7 1 2 6 6 8 5 3 2 4 7 9 4 4 2 7 6 1 9 8 5 3 2 7 3 5 4 6 9 8 1 5 9 1 2 7 8 4 6 7 8 4 6 9 3 1 2 3 5 1 6 4 2 8 5 6 7 3 9 5 7 1 9 3 8 4 2 3 2 8 7 6 4 5 1 9 14 22 
9 3 4 8 5 7 8 2 6 6 8 1 3 2 4 5 9 1 5 2 7 6 1 9 4 3 7 2 1 3 5 4 6 9 8 4 7 9 5 2 3 1 1 6 3 8 4 6 9 7 8 2 7 5 7 1 4 2 8 5 6 7 3 8 5 9 1 9 3 8 4 2 3 6 2 7 6 4 5 1 9 123 22 
9 3 1 8 5 7 4 2 6 6 8 4 3 2 4 5 9 1 5 7 2 6 1 9 8 3 7 2 1 3 5 4 6 9 8 1 7 9 5 2 7 1 3 6 4 8 4 6 9 3 8 2 7 5 3 6 9 4 8 5 7 3 9 1 5 7 1 9 3 6 4 2 4 2 8 7 6 2 5 1 8 14 21 
4 3 9 8 5 7 6 2 8 6 8 1 3 4 2 1 9 4 5 2 7 6 1 9 5 3 7 2 7 3 5 4 6 9 8 1 8 9 5 2 3 8 4 6 3 1 4 6 9 7 1 2 7 5 4 1 2 4 8 5 6 5 3 7 5 9 1 9 3 7 4 2 3 6 8 7 6 2 8 1 9 222 21 
4 3 9 8 5 7 1 2 6 6 8 1 3 2 4 5 9 7 5 2 7 6 1 9 8 3 4 2 7 3 5 4 6 9 8 1 8 9 5 2 7 1 4 6 3 1 4 6 9 3 8 2 7 5 9 6 1 4 8 5 7 3 9 7 5 8 1 9 3 6 4 2 3 2 4 7 6 2 5 1 8 7 16 
4 3 1 8 5 7 6 2 8 6 8 5 3 4 2 7 9 1 9 7 2 6 1 9 3 5 4 2 1 3 4 7 6 9 8 7 5 9 8 5 2 8 4 6 1 7 4 6 9 3 1 2 3 5 3 6 9 2 8 5 6 7 9 1 5 7 1 9 3 8 4 2 8 2 4 7 6 4 5 1 3 13 20 
9 3 1 8 5 7 4 2 6 6 8 5 3 2 4 7 9 1 4 7 2 6 1 9 8 5 3 2 1 3 5 4 6 9 8 7 5 9 7 8 3 2 1 6 4 8 4 6 9 7 1 2 3 5 1 6 4 2 8 5 3 7 9 7 5 8 1 9 3 6 4 2 3 2 9 7 6 4 5 1 8 3 10 
4 3 9 8 5 7 1 2 6 6 8 1 3 4 2 5 9 7 5 7 2 6 1 9 4 3 8 2 1 3 5 7 6 9 8 4 7 9 5 4 2 8 3 6 1 8 4 6 9 3 1 2 7 5 1 6 4 2 8 5 6 7 3 9 5 7 1 9 3 8 4 2 3 2 8 7 6 4 5 1 9 5 15 
9 3 1 8 5 7 6 2 4 6 8 5 3 4 2 1 9 7 4 7 2 6 1 9 3 5 8 2 1 3 4 7 6 9 8 1 5 9 7 5 2 8 4 6 3 8 4 6 9 3 1 2 7 5 1 6 4 2 8 5 7 3 6 7 5 9 1 9 3 8 4 2 3 2 8 7 6 4 5 1 9 5 14 
9 3 1 8 5 7 4 2 6 6 8 5 3 2 4 1 9 7 4 7 2 6 1 9 8 5 3 2 1 3 5 4 6 9 8 1 5 9 8 2 7 1 3 6 4 7 4 6 9 3 8 2 7 5 1 6 4 4 8 5 7 3 9 8 5 7 1 9 3 6 4 2 3 2 9 7 6 2 5 1 8 5 13 
1 3 4 8 5 7 8 2 6 6 8 5 3 4 2 1 9 7 9 7 2 6 1 9 4 5 3 2 1 3 5 7 6 9 8 4 5 9 7 4 2 8 3 6 1 8 4 6 9 3 1 2 7 5 4 6 1 2 8 5 7 3 9 7 5 8 1 9 3 6 4 2 3 2 9 7 6 4 5 1 8 3 7 
9 3 4 8 5 7 1 2 6 6 8 1 3 4 2 7 9 4 5 7 2 6 1 9 8 5 3 2 1 3 5 4 6 9 8 7 7 9 5 2 3 8 4 6 1 8 4 6 9 7 1 2 3 5 4 6 1 2 8 5 3 7 9 8 5 7 1 9 3 6 4 2 3 2 9 7 6 4 5 1 8 7 15 
1 3 9 8 5 7 4 2 6 6 8 5 3 4 2 1 9 7 4 7 2 6 1 9 8 5 3 2 1 3 5 7 6 9 8 4 5 9 7 4 2 8 3 6 1 8 4 6 9 3 1 2 7 5 3 6 1 2 8 5 7 3 9 7 5 8 1 9 3 6 4 2 9 2 4 7 6 4 5 1 8 3 6 
4 3 9 8 5 7 6 2 1 6 8 1 3 2 4 5 9 7 5 7 2 6 1 9 4 3 8 2 1 3 5 4 6 9 8 7 7 9 5 2 3 8 1 6 4 8 4 6 9 7 1 2 3 5 9 6 4 4 8 5 3 7 6 1 5 7 1 9 3 8 4 2 3 2 8 7 6 2 5 1 9 8 18 
1 3 4 8 5 7 6 2 8 6 8 5 3 2 4 1 9 7 9 7 2 6 1 9 4 5 3 2 7 3 5 4 6 9 8 1 5 9 8 1 3 2 7 6 4 1 4 6 9 7 8 2 3 5 4 6 9 2 8 5 3 7 6 7 5 1 1 9 3 8 4 2 3 2 8 7 6 4 5 1 9 10 17 
9 3 1 8 5 7 4 2 6 6 8 7 3 4 2 5 9 1 4 2 5 6 1 9 8 3 7 2 7 3 5 4 6 9 8 1 8 9 5 2 3 1 7 6 4 1 4 6 9 7 8 2 3 5 1 6 4 2 8 5 6 7 9 7 5 9 1 9 3 8 4 2 3 2 8 7 6 4 5 1 3 13 20 
9 3 4 8 5 7 1 2 6 6 8 1 3 2 4 5 9 7 7 2 5 6 1 9 4 3 8 2 7 3 5 4 6 9 8 4 5 9 8 2 3 1 7 6 1 1 4 6 9 7 8 2 3 5 1 6 9 4 8 5 6 7 3 8 5 7 1 9 3 8 4 2 3 2 4 7 6 2 5 1 9 11 18 
9 3 1 8 5 7 4 2 6 6 8 5 3 4 2 1 9 7 4 7 2 6 1 9 3 5 8 2 7 3 5 4 6 9 8 1 5 9 8 2 3 1 7 6 4 1 4 6 9 7 8 2 3 5 3 6 4 2 8 5 6 7 3 7 5 1 1 9 3 8 4 2 8 2 9 7 6 4 5 1 9 9 16 
1 3 4 8 5 7 6 2 4 6 8 5 3 2 4 1 9 7 9 7 2 6 1 9 3 5 8 2 1 3 5 4 6 9 8 7 5 9 7 2 3 8 4 6 1 8 4 6 9 7 1 2 3 5 3 6 1 4 8 5 6 7 9 7 5 8 1 9 3 8 4 2 4 2 9 7 6 2 5 1 3 8 15 
4 3 1 8 5 7 1 2 6 6 8 5 3 2 4 5 9 7 7 2 9 6 1 9 8 3 4 2 1 3 4 7 6 9 8 1 5 9 7 5 2 1 4 6 3 8 4 6 9 3 8 2 7 5 1 6 4 2 8 5 3 7 9 9 5 7 1 9 3 6 4 2 3 2 8 7 6 4 5 1 8 15 17 
9 3 1 8 5 7 4 2 6 6 8 5 3 4 2 7 9 1 4 7 2 6 1 9 5 3 8 2 1 3 5 7 6 9 8 4 5 9 7 4 2 8 1 6 3 8 4 6 9 3 1 2 7 5 1 6 4 2 8 5 3 7 9 7 5 8 1 9 3 6 4 2 3 2 9 7 6 4 5 1 8 4 9 
1 3 9 8 5 7 4 2 6 6 8 5 3 2 4 7 9 1 4 7 2 6 1 9 3 5 8 2 1 3 5 4 6 9 8 7 5 9 7 2 3 8 1 6 4 8 4 6 9 7 1 2 3 5 9 6 1 4 8 5 6 7 3 7 5 8 1 9 3 8 4 2 3 2 4 7 6 2 5 1 9 4 8 
9 3 1 8 5 7 8 2 6 6 8 5 3 4 2 4 9 1 4 7 2 6 1 9 3 5 7 2 1 3 5 7 6 9 8 4 5 9 7 4 2 8 1 6 3 8 4 6 9 3 1 2 7 5 1 6 4 2 8 5 7 3 9 7 5 8 1 9 3 6 4 2 3 2 9 7 6 4 5 1 8 4 7 
9 3 1 8 5 7 4 2 6 6 8 5 3 4 2 1 9 7 4 7 2 6 1 9 8 5 3 2 1 3 4 7 6 9 8 1 5 9 8 5 2 1 7 6 4 7 4 6 9 3 8 2 3 5 1 6 4 2 8 5 3 7 9 8 5 7 1 9 3 6 4 2 3 2 9 7 6 4 5 1 8 4 7 
4 3 1 8 5 7 6 2 8 6 8 5 3 4 2 1 9 7 7 2 9 6 1 9 4 5 3 2 1 3 4 7 6 9 8 7 5 9 7 5 2 1 1 6 4 8 4 6 9 3 8 2 3 5 9 6 1 2 8 5 3 7 6 7 5 8 1 9 3 8 4 2 3 2 4 7 6 4 5 1 9 16 19 
9 3 1 8 5 7 4 2 6 6 8 4 3 2 4 7 9 1 5 2 7 6 1 9 3 5 8 2 1 3 5 4 6 9 8 7 7 9 5 2 3 8 1 6 4 8 4 6 9 7 1 2 3 5 3 6 9 4 8 5 6 7 9 1 5 7 1 9 3 8 4 2 4 2 8 7 6 2 5 1 3 9 16 
4 3 9 8 5 7 1 2 6 6 8 1 3 2 4 5 9 7 5 2 7 6 1 9 4 3 8 2 7 3 5 4 6 9 8 1 1 9 5 2 3 8 7 6 4 8 4 6 9 7 1 2 3 5 3 6 1 4 8 5 3 7 9 7 5 8 1 9 3 6 4 2 9 2 4 7 6 2 5 1 8 8 15 
1 3 9 8 5 7 6 2 4 6 8 5 3 2 4 1 9 7 4 2 7 6 1 9 3 5 8 2 7 3 5 4 6 9 8 1 1 9 5 2 7 8 4 6 3 8 4 6 9 3 1 2 7 5 9 6 1 2 8 5 7 3 6 7 5 8 1 9 3 8 4 2 3 2 4 7 6 4 5 1 9 9 15 
9 3 1 8 5 7 1 2 6 6 8 4 3 2 4 5 9 7 5 7 2 6 1 9 4 3 8 2 1 3 5 7 6 9 8 4 8 9 5 2 4 1 3 6 1 7 4 6 9 3 8 2 7 5 4 6 9 4 8 5 6 7 3 1 5 7 1 9 3 8 4 2 3 2 8 7 6 2 5 1 9 11 16 
9 3 1 8 5 7 4 2 6 6 8 4 3 2 4 5 9 1 5 2 7 6 1 9 7 3 8 2 7 3 5 7 6 9 8 4 8 9 5 4 2 8 1 6 3 1 4 6 9 3 1 2 7 5 3 6 1 4 8 5 6 7 9 7 5 8 1 9 3 8 4 2 4 2 9 7 6 2 5 1 3 16 17 
4 3 1 8 5 7 6 2 8 6 8 5 3 2 4 1 9 7 9 7 2 6 1 9 4 5 3 2 1 3 5 7 6 9 8 4 5 9 7 8 4 2 3 6 1 8 4 6 9 3 1 2 7 5 1 6 4 2 8 5 7 3 6 7 5 9 1 9 3 8 4 2 3 2 8 7 6 4 5 1 9 7 14 
4 3 9 8 5 7 6 2 1 6 8 1 3 4 2 4 9 7 5 7 2 6 1 9 3 5 8 2 1 3 5 7 6 9 8 4 7 9 5 4 2 8 1 6 3 8 4 6 9 3 1 2 7 5 9 6 4 2 8 5 7 3 6 1 5 7 1 9 3 8 4 2 3 2 8 7 6 4 5 1 9 5 12 
9 3 4 8 5 7 1 2 6 6 8 1 3 4 2 4 9 7 5 7 2 6 1 9 8 5 3 2 1 3 5 7 6 9 8 4 7 9 5 4 2 8 3 6 1 8 4 6 9 3 1 2 7 5 4 6 7 2 8 5 6 3 9 1 5 8 1 9 3 7 4 2 3 2 9 7 6 4 5 1 8 5 11 
1 3 9 8 5 7 4 2 6 6 8 5 3 4 2 1 9 7 4 7 2 6 1 9 5 3 8 2 1 3 5 7 6 9 8 4 5 9 7 4 2 8 3 6 1 8 4 6 9 3 1 2 7 5 3 6 4 2 8 5 6 7 9 7 5 1 1 9 3 8 4 2 9 2 8 7 6 4 5 1 3 5 10 
1 3 9 8 5 7 4 2 6 6 8 5 3 2 4 1 9 7 4 7 2 6 1 9 3 5 8 2 7 3 5 4 6 9 8 1 5 9 8 2 3 1 7 6 4 1 4 6 9 7 8 2 3 5 9 6 1 4 8 5 6 7 3 8 5 7 1 9 3 8 4 2 3 2 4 7 6 2 5 1 9 6 11 
9 3 1 8 5 7 4 2 6 6 8 5 3 2 4 1 9 7 4 7 2 6 1 9 3 5 8 2 1 3 5 7 6 9 8 4 5 9 8 2 4 8 7 6 1 7 4 6 9 3 1 2 3 5 1 6 9 4 8 5 6 7 3 8 5 7 1 9 3 8 4 2 3 2 4 7 6 2 5 1 9 6 11 
9 3 1 8 5 7 6 2 4 6 8 2 3 4 2 1 9 7 5 7 4 6 1 9 3 5 8 2 7 3 5 7 6 9 8 1 8 9 5 4 2 1 4 6 3 1 4 6 9 3 8 2 7 5 4 6 1 2 8 5 7 3 6 7 5 8 1 9 3 8 4 2 3 2 9 7 6 4 5 1 9 10 15 
9 3 1 8 5 7 4 2 6 6 8 5 3 4 2 1 9 7 4 7 2 6 1 9 8 5 3 2 1 3 5 7 6 9 8 4 5 9 8 4 2 1 3 6 1 7 4 6 9 3 8 2 7 5 1 6 4 2 8 5 7 3 9 8 5 7 1 9 3 6 4 2 3 2 9 7 6 4 5 1 8 3 6 
1 3 2 8 5 7 6 2 1 6 8 5 3 4 2 5 9 7 9 7 4 6 1 9 4 3 8 2 1 3 5 4 6 9 8 4 5 9 7 8 3 2 3 6 1 8 4 6 9 7 1 2 7 5 9 6 4 2 8 5 7 3 9 1 5 7 1 9 3 6 4 2 3 2 8 7 6 4 5 1 8 24 17 
9 3 1 8 5 7 4 2 6 6 8 5 3 4 2 7 9 1 4 7 2 6 1 9 3 5 8 2 1 3 5 4 6 9 8 7 5 9 7 2 3 8 1 6 4 8 4 6 9 7 1 2 3 5 1 6 4 2 8 5 6 7 3 7 5 9 1 9 3 8 4 2 3 2 8 7 6 4 5 1 9 5 10 
1 3 4 8 5 7 4 2 6 6 8 5 3 2 4 1 9 7 7 2 9 6 1 9 3 5 8 2 1 3 5 7 6 9 8 4 5 9 7 8 4 2 7 6 1 8 4 6 9 3 1 2 3 5 4 6 1 2 8 5 6 7 3 9 5 7 1 9 3 8 4 2 3 2 8 7 6 4 5 1 9 11 15 
1 3 9 8 5 7 4 2 6 6 8 5 3 4 2 7 9 1 7 2 4 6 1 9 3 5 8 2 7 3 4 7 6 9 8 1 5 9 8 5 2 1 4 6 3 1 4 6 9 3 8 2 7 5 9 6 4 2 8 5 7 3 9 7 5 1 1 9 3 6 4 2 3 2 8 7 6 4 5 1 8 15 16 
1 3 4 8 5 7 8 2 6 6 8 5 3 4 2 1 9 7 9 7 2 6 1 9 4 5 3 2 1 3 5 7 6 9 8 4 5 9 8 4 2 1 7 6 1 7 4 6 9 3 8 2 3 5 4 6 1 2 8 5 3 7 9 8 5 7 1 9 3 6 4 2 3 2 9 7 6 4 5 1 8 5 10 
1 3 9 8 5 7 4 2 6 6 8 5 3 2 4 7 9 1 4 7 2 6 1 9 8 5 3 2 1 3 5 4 6 9 8 7 5 9 8 2 3 1 1 6 4 7 4 6 9 7 8 2 3 5 9 6 1 4 8 5 3 7 9 8 5 7 1 9 3 6 4 2 3 2 4 7 6 2 5 1 8 5 8 
9 3 1 8 5 7 4 2 6 6 8 5 3 4 2 1 9 7 4 7 2 6 1 9 8 5 3 2 1 3 5 7 6 9 8 4 5 9 8 4 2 8 7 6 1 7 4 6 9 3 1 2 3 5 1 6 4 2 8 5 3 7 9 8 5 7 1 9 3 6 4 2 3 2 9 7 6 4 5 1 8 3 6 
9 3 1 8 5 7 4 2 6 6 8 5 3 2 4 1 9 7 4 7 2 6 1 9 8 5 3 2 1 3 5 7 6 9 8 4 5 9 7 2 4 8 3 6 1 8 4 6 9 3 1 2 7 5 1 6 4 4 8 5 7 3 9 7 5 8 1 9 3 6 4 2 3 2 9 7 6 2 5 1 8 3 6 
9 3 1 8 5 7 4 2 6 6 8 5 3 2 4 7 9 1 4 7 2 6 1 9 3 5 8 2 1 3 5 4 6 9 8 7 5 9 8 2 7 1 1 6 4 7 4 6 9 3 8 2 3 5 3 6 4 2 8 5 6 7 9 1 5 7 1 9 3 8 4 2 8 2 9 7 6 4 5 1 3 7 14 
1 3 9 8 5 7 4 2 6 6 8 5 3 4 2 1 9 7 4 7 2 6 1 9 8 5 3 2 1 3 5 7 6 9 8 4 7 9 5 4 2 8 3 6 1 8 4 6 9 3 1 2 7 5 4 6 1 2 8 5 6 3 7 9 5 7 1 9 3 8 4 2 3 2 8 7 6 4 5 1 9 7 11 
9 3 1 8 5 7 4 2 6 6 8 5 3 2 4 7 9 1 4 7 2 6 1 9 8 5 3 2 1 3 5 4 6 9 8 7 5 9 7 2 3 8 1 6 4 8 4 6 9 7 1 2 3 5 1 6 9 4 8 5 3 7 9 7 5 8 1 9 3 6 4 2 3 2 4 7 6 2 5 1 8 3 5 
9 3 1 8 5 7 4 2 6 6 8 5 3 4 2 1 9 7 4 7 2 6 1 9 8 5 3 2 1 3 5 7 6 9 8 4 5 9 7 4 2 8 3 6 1 8 4 6 9 3 1 2 7 5 7 6 4 2 8 5 6 3 7 1 5 9 1 9 3 8 4 2 3 2 8 7 6 4 5 1 9 7 8 
9 3 1 8 5 7 4 2 6 6 8 5 3 4 2 7 9 1 4 7 2 6 1 9 8 5 3 2 1 3 5 7 6 9 8 4 5 9 7 4 2 8 1 6 7 8 4 6 9 3 1 2 3 5 1 6 4 2 8 5 3 7 9 7 5 8 1 9 3 6 4 2 3 2 9 7 6 4 5 1 8 3 5 
9 3 1 8 5 7 4 2 6 6 8 5 3 4 2 7 9 1 4 7 2 6 1 9 3 5 8 2 1 3 5 7 6 9 8 4 5 9 7 4 2 8 1 6 3 8 4 6 9 3 1 2 7 5 1 6 9 2 8 5 6 3 7 7 5 8 1 9 3 8 4 2 3 2 4 7 6 4 5 1 9 4 6 
9 3 1 8 5 7 6 2 4 6 8 5 3 2 4 1 9 7 4 2 7 6 1 9 3 5 8 2 7 3 5 4 6 9 8 1 5 9 1 2 3 8 4 6 7 8 4 6 9 7 1 2 3 5 1 6 9 4 8 5 3 7 6 7 5 8 1 9 3 8 4 2 3 2 4 7 6 2 5 1 9 8 14 
1 3 9 8 5 7 4 2 6 6 8 5 3 4 2 7 9 1 4 7 2 6 1 9 8 5 3 2 1 3 5 7 6 9 8 4 5 9 7 4 2 8 1 6 3 8 4 6 9 3 1 2 7 5 3 6 1 2 8 5 3 7 9 7 5 8 1 9 3 6 4 2 9 2 4 7 6 4 5 1 8 5 6 
1 3 4 8 5 7 4 2 6 6 8 5 3 2 4 1 9 7 9 7 2 6 1 9 8 5 3 2 7 3 5 7 6 9 8 1 5 9 1 2 4 1 4 6 7 8 4 6 9 3 8 2 3 5 4 6 1 4 8 5 3 7 6 8 5 7 1 9 3 8 4 2 3 2 9 7 6 2 5 1 9 20 15 
1 3 9 8 5 7 4 2 6 6 8 5 3 4 2 1 9 7 4 7 2 6 1 9 8 5 3 2 1 3 5 7 6 9 8 4 5 9 7 4 2 8 3 6 1 8 4 6 9 3 1 2 7 5 9 6 4 2 8 5 7 3 9 7 5 1 1 9 3 6 4 2 3 2 8 7 6 4 5 1 8 4 5 
9 3 1 8 5 7 6 2 4 6 8 4 3 2 4 1 9 7 5 7 2 6 1 9 8 5 3 2 1 3 5 4 6 9 8 7 7 9 5 8 3 2 4 6 1 8 4 6 9 7 1 2 3 5 4 6 9 2 8 5 3 7 6 1 5 7 1 9 3 8 4 2 3 2 8 7 6 4 5 1 9 9 14 
9 3 1 8 5 7 1 2 6 6 8 5 3 2 4 7 9 4 4 7 2 6 1 9 8 5 3 2 1 3 5 4 6 9 8 7 5 9 7 2 3 8 4 6 1 8 4 6 9 7 1 2 3 5 1 6 4 2 8 5 3 7 9 7 5 8 1 9 3 6 4 2 3 2 9 7 6 4 5 1 8 5 6 
9 3 1 8 5 7 4 2 6 6 8 5 3 2 4 1 9 7 4 7 2 6 1 9 8 5 3 2 1 3 5 7 6 9 8 4 5 9 7 8 4 2 3 6 1 8 4 6 9 3 1 2 7 5 1 6 4 2 8 5 7 3 9 7 5 8 1 9 3 6 4 2 3 2 9 7 6 4 5 1 8 3 4 
1 3 9 8 5 7 4 2 6 6 8 5 3 4 2 1 9 7 4 7 2 6 1 9 3 5 8 2 7 3 4 7 6 9 8 1 5 9 1 5 2 8 7 6 4 8 4 6 9 3 1 2 3 5 1 6 4 2 8 5 6 7 3 9 5 7 1 9 3 8 4 2 3 2 8 7 6 4 5 1 9 8 13 
4 3 1 8 5 7 4 2 6 6 8 5 3 2 4 1 9 7 9 2 7 6 1 9 8 5 3 2 7 3 5 4 6 9 8 1 5 9 1 2 3 8 7 6 4 8 4 6 9 7 1 2 3 5 1 6 4 4 8 5 3 7 9 7 5 9 1 9 3 6 4 2 3 2 8 7 6 2 5 1 8 9 13 
1 3 9 8 5 7 1 2 6 6 8 5 3 4 2 5 9 7 4 7 2 6 1 9 8 3 4 2 1 3 4 7 6 9 8 4 5 9 8 5 2 1 1 6 7 7 4 6 9 3 8 2 3 5 4 6 1 2 8 5 6 7 9 7 5 8 1 9 3 8 4 2 3 2 9 7 6 4 5 1 3 21 15 
1 3 9 8 5 7 4 2 6 6 8 5 3 2 4 7 9 1 4 7 2 6 1 9 3 5 8 2 1 3 5 4 6 9 8 7 5 9 7 2 3 8 1 6 4 8 4 6 9 7 1 2 3 5 9 6 4 2 8 5 6 7 3 7 5 1 1 9 3 8 4 2 3 2 8 7 6 4 5 1 9 5 5 
9 3 1 8 5 7 4 2 6 6 8 5 3 4 2 7 9 1 4 7 2 6 1 9 8 5 3 2 1 3 5 7 6 9 8 4 5 9 7 4 2 8 1 6 3 8 4 6 9 3 1 2 7 5 1 6 4 2 8 5 7 3 9 7 5 8 1 9 3 6 4 2 3 2 9 7 6 4 5 1 8 3 4 
9 3 1 8 5 7 4 2 6 6 8 5 3 4 2 1 9 7 4 7 2 6 1 9 3 5 8 2 1 3 5 7 6 9 8 4 5 9 7 4 2 8 1 6 3 8 4 6 9 3 1 2 7 5 1 6 4 2 8 5 7 3 9 7 5 8 1 9 3 6 4 2 3 2 9 7 6 4 5 1 8 3 4 
1 3 9 8 5 7 6 2 8 6 8 4 3 2 4 1 9 7 5 7 2 6 1 9 3 5 4 2 1 3 5 4 6 9 8 7 7 9 5 2 3 8 4 6 1 8 4 6 9 7 1 2 3 5 3 6 1 4 8 5 7 3 6 9 5 7 1 9 3 8 4 2 4 2 8 7 6 2 5 1 9 10 14 
9 3 1 8 5 7 6 2 4 6 8 5 3 4 2 1 9 7 4 7 2 6 1 9 3 5 8 2 1 3 4 7 6 9 8 1 5 9 8 5 2 1 4 6 3 7 4 6 9 3 8 2 7 5 1 6 4 2 8 5 7 3 6 8 5 7 1 9 3 8 4 2 3 2 9 7 6 4 5 1 9 7 7 
9 3 4 8 5 7 1 2 6 6 8 1 3 2 4 5 9 7 5 7 2 6 1 9 8 3 4 2 1 3 5 4 6 9 8 7 5 9 7 2 3 8 4 6 1 8 4 6 9 7 1 2 3 5 3 6 1 4 8 5 3 7 9 7 5 8 1 9 3 6 4 2 4 2 9 7 6 2 5 1 8 8 12 
4 3 1 8 5 7 8 2 6 6 8 5 3 2 4 1 9 7 9 2 7 6 1 9 3 5 4 2 7 3 5 4 6 9 8 1 8 9 5 2 7 1 4 6 3 1 4 6 9 3 8 2 7 5 1 6 4 2 8 5 7 3 9 7 5 8 1 9 3 6 4 2 3 2 9 7 6 4 5 1 8 8 12 
1 3 2 8 5 7 4 2 6 6 8 5 3 4 2 1 9 7 9 7 4 6 1 9 8 5 3 2 1 3 5 7 6 9 8 4 5 9 7 4 2 8 3 6 1 8 4 6 9 3 1 2 7 5 4 6 1 2 8 5 7 3 9 7 5 8 1 9 3 6 4 2 3 2 9 7 6 4 5 1 8 3 4 
9 3 1 8 5 7 4 2 6 6 8 5 3 4 2 7 9 1 4 7 2 6 1 9 8 5 3 2 1 3 5 4 6 9 8 7 5 9 7 2 3 8 1 6 4 8 4 6 9 7 1 2 3 5 1 6 4 2 8 5 3 7 9 7 5 8 1 9 3 6 4 2 3 2 9 7 6 4 5 1 8 3 4 
9 3 1 8 5 7 4 2 6 6 8 4 3 2 4 1 9 7 5 7 2 6 1 9 8 5 3 2 1 3 5 7 6 9 8 4 7 9 5 2 4 8 7 6 1 8 4 6 9 3 1 2 3 5 4 6 7 2 8 5 3 7 9 1 5 8 1 9 3 6 4 2 3 2 9 7 6 4 5 1 8 9 13 
9 3 1 8 5 7 4 2 6 6 8 5 3 2 4 7 9 1 4 7 2 6 1 9 3 5 8 2 1 3 5 4 6 9 8 7 7 9 5 2 3 8 1 6 4 8 4 6 9 7 1 2 3 5 3 6 4 4 8 5 6 7 9 1 5 7 1 9 3 8 4 2 9 2 8 7 6 2 5 1 3 7 6 
1 3 4 8 5 7 8 2 6 6 8 5 3 2 4 1 9 7 7 2 9 6 1 9 3 5 4 2 1 3 5 4 6 9 8 7 5 9 7 2 3 8 4 6 1 8 4 6 9 7 1 2 3 5 3 6 1 4 8 5 7 3 9 7 5 8 1 9 3 6 4 2 9 2 4 7 6 2 5 1 8 10 12 
4 3 9 8 5 7 6 2 8 6 8 1 3 4 2 1 9 7 5 7 2 6 1 9 3 5 4 2 1 3 5 7 6 9 8 1 7 9 5 4 2 8 4 6 3 8 4 6 9 3 1 2 7 5 1 6 4 2 8 5 7 3 6 9 5 7 1 9 3 8 4 2 3 2 8 7 6 4 5 1 9 8 7 
9 3 1 8 5 7 4 2 6 6 8 5 3 2 4 1 9 7 4 7 2 6 1 9 8 5 3 2 7 3 5 4 6 9 8 1 5 9 8 2 7 1 3 6 4 1 4 6 9 3 8 2 7 5 1 6 9 4 8 5 7 3 9 8 5 7 1 9 3 6 4 2 3 2 4 7 6 2 5 1 8 5 4 
9 3 1 8 5 7 4 2 6 6 8 4 3 2 4 1 9 7 5 2 7 6 1 9 8 5 3 2 7 3 5 4 6 9 8 4 8 9 5 2 3 8 3 6 1 1 4 6 9 7 1 2 7 5 3 6 1 4 8 5 7 3 9 7 5 8 1 9 3 6 4 2 4 2 9 7 6 2 5 1 8 12 14 
4 3 9 8 5 7 6 2 1 6 8 1 3 2 4 5 9 7 5 7 2 6 1 9 4 3 8 2 1 3 5 4 6 9 8 7 7 9 5 8 3 2 1 6 4 8 4 6 9 7 1 2 3 5 1 6 4 2 8 5 3 7 6 9 5 7 1 9 3 8 4 2 3 2 8 7 6 4 5 1 9 8 6 
9 3 1 8 5 7 4 2 6 6 8 5 3 2 4 7 9 1 4 7 2 6 1 9 5 3 8 2 1 3 5 4 6 9 8 4 8 9 5 2 7 1 1 6 3 7 4 6 9 3 8 2 7 5 1 6 4 4 8 5 3 7 9 7 5 8 1 9 3 6 4 2 3 2 9 7 6 2 5 1 8 11 12 
1 3 9 8 5 7 4 2 6 6 8 5 3 2 4 1 9 7 4 7 2 6 1 9 8 5 3 2 1 3 5 4 6 9 8 1 5 9 7 2 3 1 7 6 4 8 4 6 9 7 8 2 3 5 1 6 4 2 8 5 3 7 6 9 5 7 1 9 3 8 4 2 3 2 8 7 6 4 5 1 9 12 13 
9 3 1 8 5 7 6 2 4 6 8 5 3 2 4 1 9 7 4 7 2 6 1 9 3 5 8 2 1 3 5 4 6 9 8 1 5 9 7 2 7 1 4 6 3 8 4 6 9 3 8 2 7 5 1 6 4 2 8 5 7 3 9 7 5 9 1 9 3 6 4 2 3 2 8 7 6 4 5 1 8 10 11 
1 3 9 8 5 7 1 2 6 6 8 5 3 4 2 5 9 7 4 7 2 6 1 9 4 3 8 2 7 3 5 4 6 9 8 1 5 9 8 2 3 1 7 6 4 1 4 6 9 7 8 2 3 5 3 6 1 2 8 5 3 7 9 8 5 7 1 9 3 6 4 2 9 2 4 7 6 4 5 1 8 13 14 

