MonoObjective Genetic Algorithm
Number of Evaluations = 0
Mutation Probability = 0.0100000000000000002
Crossover Probability = 0.5
Population Size = 100
Survival Selection Type = 16

Time =  300.032144000000017

Current Evaluation = 123200
Front Size = 100
4 6 3 9 2 1 7 5 8 9 5 2 7 3 8 4 1 6 1 7 8 4 6 5 9 3 2 3 4 5 2 8 7 6 9 1 7 9 1 5 4 6 8 2 3 8 2 6 1 9 3 5 4 7 5 1 9 8 7 2 3 6 4 2 3 7 6 5 4 1 8 9 6 8 4 3 1 9 2 7 5 1 16 
8 4 3 7 2 8 1 5 6 5 9 1 6 3 9 4 7 2 6 7 2 4 1 5 9 3 8 3 6 5 2 8 7 6 9 1 7 4 1 5 9 6 3 2 4 9 2 8 1 4 3 5 8 7 4 1 9 3 8 2 7 6 5 2 3 7 9 6 1 8 4 9 5 8 6 7 5 4 2 1 3 13 43 
9 4 3 6 2 1 7 5 8 1 5 8 7 3 9 4 2 6 6 7 2 4 5 8 9 3 1 3 6 5 2 4 7 1 9 6 7 9 1 5 8 6 3 4 2 8 2 4 1 9 3 5 8 7 4 1 9 8 7 2 3 6 5 2 3 7 9 6 5 8 1 4 5 8 6 3 1 4 2 7 9 5 34 
8 4 3 7 2 9 6 5 1 9 5 2 3 6 1 4 7 8 1 7 6 4 5 8 9 3 2 3 4 5 2 8 7 1 9 6 7 9 1 5 4 6 8 2 3 6 2 8 1 9 3 5 4 7 4 1 9 8 3 2 7 6 5 2 3 7 6 1 4 3 8 9 5 8 6 9 7 5 2 1 4 5 31 
9 4 3 7 6 8 1 5 2 8 5 2 9 3 1 4 7 6 1 7 6 4 2 5 9 3 8 3 6 5 2 4 7 6 9 1 7 9 1 5 8 6 3 2 4 4 2 8 1 9 3 5 8 7 5 1 9 8 4 2 7 6 3 2 3 7 6 1 9 8 4 5 6 8 4 3 7 5 2 1 9 5 31 
4 6 3 8 2 9 7 5 1 1 9 8 3 7 5 4 2 6 5 7 2 4 6 1 9 3 8 3 4 5 2 8 7 6 9 1 7 9 1 5 9 6 3 2 4 8 2 6 1 4 3 5 8 7 5 1 9 7 4 2 8 6 3 2 3 7 9 3 8 1 4 5 6 8 4 6 5 1 2 7 9 11 32 
4 9 3 6 2 8 7 5 1 1 5 6 7 3 9 4 8 2 8 7 2 4 5 1 9 3 6 3 6 5 2 4 7 6 9 8 7 4 1 5 9 6 1 2 3 9 2 8 1 8 3 5 4 7 5 1 9 8 7 2 3 6 4 2 3 7 9 6 4 8 1 5 6 8 4 3 1 5 2 7 9 4 28 
1 4 3 9 7 8 6 5 2 9 5 2 3 6 1 4 7 8 6 7 8 4 2 5 9 3 1 3 6 5 2 4 7 1 9 6 7 9 1 5 8 6 3 2 4 8 2 4 1 9 3 5 8 7 4 1 9 8 3 2 7 6 5 2 3 7 6 5 4 8 1 9 5 8 6 7 1 9 2 4 3 3 26 
9 4 3 6 7 8 1 5 2 6 5 1 3 2 9 4 7 8 8 7 2 4 1 5 9 3 6 3 6 5 2 8 7 6 9 4 7 9 1 5 4 6 3 2 1 4 2 8 1 9 3 5 8 7 4 1 9 8 5 2 7 6 3 2 3 7 9 6 4 8 1 5 5 8 6 7 3 1 2 4 9 6 26 
9 4 3 9 2 8 8 5 1 5 6 8 7 3 1 4 7 6 2 7 1 4 6 5 9 3 2 3 1 5 2 4 7 6 9 8 7 9 8 5 9 6 3 2 1 6 2 4 1 8 3 5 4 7 4 1 9 7 8 2 8 6 5 2 3 7 6 3 4 3 1 4 5 8 6 9 5 1 2 7 9 128 33 
9 4 3 8 2 1 7 5 6 6 5 2 7 3 9 4 1 8 1 7 8 4 6 5 9 3 2 3 6 5 2 4 7 6 9 1 7 9 1 5 8 6 3 2 4 8 2 4 1 9 3 5 8 7 4 1 9 3 7 2 8 6 5 2 3 7 6 5 8 1 4 9 5 8 6 9 1 4 2 7 3 3 25 
9 4 3 7 6 8 1 5 2 8 5 2 3 1 9 4 7 6 1 7 6 4 2 5 9 3 8 3 4 5 2 8 7 6 9 1 7 9 1 5 4 6 8 2 3 6 2 8 1 9 3 5 4 7 5 1 9 8 7 2 3 6 4 2 3 7 6 5 4 8 1 9 4 8 6 9 3 1 2 7 5 5 24 
1 4 3 9 7 8 7 5 2 9 5 2 3 2 1 4 8 6 6 7 8 4 6 5 9 3 1 3 6 5 2 4 7 6 9 1 7 4 1 5 9 6 8 2 3 9 2 8 1 8 3 5 4 7 4 1 9 7 5 2 8 6 5 2 3 7 8 1 9 3 1 4 5 8 6 6 3 4 2 7 9 15 28 
9 4 3 8 7 1 6 5 2 1 5 2 6 3 9 4 7 8 6 7 8 4 2 5 9 3 1 3 4 5 2 8 7 1 9 6 7 9 1 5 4 6 8 2 3 8 2 6 1 9 3 5 4 7 4 1 9 3 8 2 7 6 5 2 3 7 9 1 5 3 8 4 5 8 6 7 6 4 2 1 9 7 25 
1 4 3 6 7 9 8 5 2 9 5 8 3 2 1 4 7 6 6 7 2 4 5 8 9 3 1 3 6 5 2 8 7 6 9 4 7 9 1 5 4 6 1 2 3 8 2 4 1 9 3 5 8 7 4 1 9 8 3 2 7 6 5 2 3 7 9 6 5 3 4 8 5 8 6 7 1 4 2 1 9 6 24 
6 4 3 8 2 9 7 5 1 9 5 8 3 7 1 4 2 6 1 7 2 4 6 5 9 3 8 3 6 5 2 4 7 6 9 1 7 9 1 5 8 6 3 4 2 8 2 4 1 9 3 5 8 7 5 1 9 7 8 2 3 6 4 2 3 7 6 5 4 8 1 9 4 8 6 3 1 9 2 7 5 8 25 
4 6 3 9 7 8 1 5 2 9 5 8 3 2 1 4 7 6 1 7 2 4 6 5 9 3 8 3 4 5 2 8 7 6 9 1 7 9 1 5 4 6 8 2 3 8 2 6 1 9 3 5 4 7 5 1 9 8 3 2 7 6 4 2 3 7 6 1 9 3 8 5 6 8 4 7 5 4 2 1 9 3 22 
4 9 3 6 2 1 7 5 8 8 5 2 3 7 9 4 1 6 1 7 6 4 5 8 9 3 2 3 6 5 2 4 7 6 9 1 7 4 1 5 9 6 8 2 3 9 2 8 1 8 3 5 4 7 5 1 9 7 3 2 3 6 4 2 3 7 8 6 5 1 8 9 6 8 4 9 1 4 2 7 5 6 23 
4 6 3 7 1 9 8 5 2 9 5 2 6 3 8 4 7 1 1 7 8 4 2 5 9 3 6 3 4 5 2 8 7 6 9 1 7 9 1 5 4 6 3 8 2 8 2 6 1 9 3 5 4 7 5 1 9 3 7 2 7 6 5 2 3 7 8 6 1 8 4 9 6 8 4 9 5 4 2 1 3 9 26 
8 4 3 7 2 9 6 5 1 5 9 2 6 3 1 4 7 8 1 7 6 4 5 8 9 3 2 3 6 5 2 8 7 1 9 6 7 4 1 5 9 6 3 2 4 9 2 8 1 4 3 5 8 7 5 1 9 3 7 2 8 6 3 2 3 7 8 6 4 1 4 9 6 8 4 9 1 5 2 7 5 11 26 
9 4 3 8 2 9 7 5 6 5 6 8 3 7 1 4 8 2 1 7 2 4 6 5 9 3 1 3 4 5 2 8 7 1 9 6 7 9 1 5 4 6 3 2 8 8 2 6 1 9 3 5 4 7 4 1 9 7 3 2 8 6 4 2 3 7 6 5 8 3 1 5 5 8 6 9 1 4 2 7 9 13 26 
1 4 3 8 6 9 7 5 2 9 6 2 3 7 5 4 1 8 5 7 8 4 2 1 9 3 6 3 6 5 2 8 7 6 9 4 7 9 1 5 4 6 1 2 3 8 2 4 1 9 3 5 8 7 4 1 9 7 5 2 3 6 5 2 3 7 6 1 8 8 4 9 5 8 6 9 3 4 2 7 1 8 25 
4 6 3 7 2 9 1 5 8 9 5 8 6 3 1 4 7 2 1 7 2 4 5 8 9 3 6 3 4 5 2 8 7 1 9 6 7 9 1 5 4 6 3 8 2 8 2 6 1 9 3 5 4 7 5 1 9 8 7 2 3 6 4 2 3 7 6 4 9 8 1 5 6 8 4 3 1 5 2 7 9 9 24 
4 9 3 7 2 1 6 5 2 6 5 8 9 3 8 4 7 1 1 7 2 4 6 5 9 3 8 3 4 5 2 8 7 1 9 6 7 9 1 5 4 6 3 2 4 6 2 8 1 9 3 5 8 7 4 1 9 8 7 2 3 6 4 2 3 7 9 6 1 8 1 9 5 8 6 3 5 4 2 7 5 21 26 
6 4 3 7 2 9 7 5 8 5 9 8 6 3 1 4 1 2 2 7 1 4 5 8 9 3 6 3 6 5 2 4 7 6 9 1 7 4 1 5 9 6 8 2 3 9 2 8 1 8 3 5 4 7 4 1 9 8 7 2 3 6 5 2 3 7 9 6 5 1 8 4 5 8 6 3 1 4 2 7 9 10 24 
1 4 3 6 7 9 7 5 2 9 5 2 8 3 1 4 8 6 8 7 6 4 2 5 9 3 1 3 4 5 2 4 7 6 9 8 7 9 1 5 8 6 1 2 3 6 2 8 1 9 3 5 4 7 5 1 9 7 8 2 3 6 4 2 3 7 3 6 5 8 1 9 4 8 6 9 1 4 2 7 5 11 23 
8 4 3 9 6 1 7 5 2 9 5 2 7 3 8 4 1 6 6 7 1 4 2 5 9 3 8 3 4 5 2 8 7 1 9 6 7 9 1 5 4 6 3 2 8 8 2 6 1 9 3 5 4 7 4 1 9 8 5 2 3 6 4 2 3 7 6 1 9 8 1 5 5 8 6 3 7 4 2 7 9 12 24 
9 4 3 6 2 8 7 5 1 1 5 8 3 7 9 4 8 6 6 7 2 4 5 1 9 3 2 3 6 5 2 8 7 6 9 1 7 9 1 5 4 6 3 2 8 8 2 4 1 9 3 5 4 7 5 1 9 8 4 2 7 6 3 2 3 7 6 3 9 8 4 5 4 8 6 7 1 5 2 1 9 13 25 
4 9 3 6 7 9 1 5 6 8 5 2 3 1 8 4 7 2 1 7 6 4 2 5 9 3 8 3 6 5 2 8 7 6 9 1 7 4 1 5 9 6 3 2 4 9 2 8 1 4 3 5 8 7 4 1 9 7 3 2 7 6 5 2 3 7 8 5 4 8 1 9 5 8 6 9 6 1 2 4 3 13 24 
4 6 3 7 1 9 6 5 8 9 5 2 3 2 8 4 7 1 1 7 8 4 6 5 9 3 2 3 4 5 2 8 7 1 9 6 7 9 1 5 9 6 3 2 4 8 2 6 1 4 3 5 8 7 5 1 9 8 3 2 7 6 5 2 3 7 6 5 4 8 1 9 6 8 4 9 7 1 2 4 3 7 22 
9 4 3 8 6 1 7 5 2 1 5 2 3 7 9 4 8 6 6 7 8 4 2 5 9 3 1 3 6 5 2 4 7 6 9 8 7 9 1 5 8 6 1 2 3 8 2 4 1 9 3 5 4 7 4 1 9 7 5 2 8 6 4 2 3 7 6 9 8 3 1 5 5 8 6 3 1 4 2 7 9 8 22 
4 9 3 7 2 8 1 5 6 6 5 8 9 3 1 4 7 2 1 7 2 4 6 5 9 3 8 3 6 5 2 8 7 6 9 1 7 4 1 5 9 6 3 4 2 9 2 8 1 4 3 5 8 7 5 1 9 8 5 2 3 6 4 2 3 7 6 1 4 8 1 9 6 8 4 3 7 9 2 7 5 12 23 
9 4 3 6 7 9 1 5 6 1 5 8 3 2 8 4 7 2 2 7 6 4 5 1 9 3 8 3 6 5 2 4 7 6 9 1 7 9 1 5 9 6 8 2 3 8 2 4 1 8 3 5 4 7 4 1 9 8 3 2 3 6 4 2 3 7 9 1 5 8 1 9 5 8 6 7 6 4 2 7 5 20 25 
1 4 3 9 6 8 7 5 6 6 9 2 3 7 5 4 8 2 5 7 8 4 2 1 9 3 1 3 6 5 2 4 7 6 9 1 7 9 1 5 8 6 3 4 2 4 2 8 1 9 3 5 8 7 5 1 9 8 7 2 3 6 4 2 3 7 6 5 4 1 8 5 4 8 6 3 1 9 2 7 9 20 24 
9 4 3 7 1 8 6 5 8 1 5 6 3 2 9 4 7 2 8 7 2 4 6 5 9 3 1 3 6 5 2 4 7 8 9 6 7 9 1 5 8 6 1 2 3 4 2 8 1 9 3 5 4 7 5 1 9 8 7 2 7 6 3 2 3 7 6 5 4 8 1 5 6 8 4 9 3 1 2 4 9 13 23 
9 4 3 7 6 8 6 5 2 6 5 2 9 3 1 4 7 8 1 7 8 4 2 5 9 3 1 3 6 5 2 8 7 1 9 6 7 9 1 5 9 6 3 4 2 8 2 4 1 4 3 5 8 7 4 1 9 3 7 2 8 6 5 2 3 7 9 5 8 3 1 4 5 8 6 6 1 4 2 7 9 14 23 
6 4 3 7 2 9 1 5 8 9 5 8 3 6 1 4 7 2 1 7 2 4 5 8 9 3 6 3 6 5 2 4 7 6 9 1 7 9 1 5 8 6 3 2 4 8 2 4 1 9 3 5 8 7 4 1 9 8 3 2 7 6 5 2 3 7 6 1 5 8 4 9 5 8 6 9 7 4 2 1 3 3 21 
6 4 3 6 9 1 8 5 2 9 5 2 3 7 8 4 7 1 1 7 8 4 2 5 9 3 6 3 6 5 2 8 7 6 9 1 7 9 1 5 4 6 8 2 3 8 2 4 1 9 3 5 4 7 4 1 9 8 3 2 7 6 8 2 3 7 9 6 4 3 1 5 5 8 6 7 5 1 2 4 9 13 22 
4 6 3 7 2 8 7 5 1 9 5 1 6 3 9 4 2 8 2 7 8 4 5 1 9 3 6 3 4 5 2 8 7 6 9 1 7 9 1 5 4 6 3 8 2 6 2 8 1 9 3 5 4 7 5 1 9 3 8 2 3 6 5 2 3 7 6 5 4 8 1 9 6 8 4 9 7 1 2 7 4 17 23 
1 4 3 6 2 1 7 5 2 9 6 2 7 3 9 4 8 1 5 7 8 4 5 8 9 3 6 3 4 5 2 4 7 6 9 8 7 9 1 5 8 6 1 2 3 8 2 6 1 9 3 5 4 7 5 1 9 7 3 2 3 6 5 2 3 7 9 5 8 8 1 4 6 8 4 6 1 4 2 7 9 20 23 
9 4 3 7 2 9 7 5 1 5 6 1 3 1 8 4 8 2 8 7 2 4 6 5 9 3 6 3 6 5 2 4 7 1 9 6 7 9 1 5 8 6 8 2 3 8 2 4 1 9 3 5 4 7 4 1 9 8 5 2 3 6 4 2 3 7 9 6 1 8 1 9 5 8 6 3 7 4 2 7 5 22 23 
6 4 3 9 7 8 1 5 2 9 5 2 6 3 1 4 7 8 1 7 8 4 2 5 9 3 6 3 6 5 2 4 7 6 9 1 7 9 1 5 8 6 3 2 4 8 2 4 1 9 3 5 8 7 4 1 9 7 5 2 8 6 3 2 3 7 8 6 9 1 4 5 5 8 6 3 1 4 2 7 9 5 21 
9 4 3 7 2 8 1 5 6 1 5 2 3 6 9 4 7 8 6 7 8 4 1 5 9 3 2 3 4 5 2 8 7 6 9 1 7 9 1 5 4 6 8 2 3 8 2 6 1 9 3 5 4 7 5 1 9 8 3 2 7 6 4 2 3 7 6 5 1 3 8 9 6 8 4 9 7 4 2 1 5 5 20 
9 4 3 7 6 8 7 5 2 6 5 2 9 3 1 4 1 8 1 7 8 4 2 5 9 3 6 3 4 5 2 8 7 6 9 1 7 9 1 5 4 6 8 2 3 8 2 6 1 9 3 5 4 7 4 1 9 8 7 2 3 6 5 2 3 7 6 5 9 1 8 4 5 8 6 3 1 4 2 7 9 5 20 
1 4 3 7 2 9 6 5 8 9 5 2 6 3 8 4 7 1 6 7 8 4 1 5 9 3 2 3 6 5 2 8 7 1 9 6 7 9 1 5 4 6 8 2 3 8 2 4 1 9 3 5 4 7 4 1 9 8 5 2 7 6 4 2 3 7 9 6 1 3 8 5 5 8 6 3 7 4 2 1 9 5 20 
9 4 3 6 1 8 7 5 2 8 5 2 7 3 9 4 1 6 1 7 6 4 2 5 9 3 8 3 6 5 2 8 7 6 9 1 7 9 1 5 4 6 8 2 3 4 2 8 1 9 3 5 4 7 5 1 9 8 7 2 3 6 4 2 3 7 9 6 4 1 8 5 6 8 4 3 5 1 2 7 9 3 18 
1 4 3 9 6 1 7 5 8 9 5 6 7 3 8 4 2 1 8 7 2 4 2 5 9 3 6 3 6 5 2 4 7 6 9 1 7 9 1 5 8 6 3 4 2 4 2 8 1 9 3 5 8 7 5 1 9 8 7 2 3 6 4 2 3 7 3 6 4 8 1 9 4 8 6 9 5 1 2 7 5 14 22 
4 9 3 7 2 1 6 5 8 8 5 2 3 6 9 4 7 1 1 7 6 4 5 8 9 3 2 3 4 5 2 8 7 1 9 6 7 9 1 5 4 6 3 8 2 6 2 8 1 9 3 5 4 7 5 1 9 8 7 2 7 6 3 2 3 7 6 1 5 8 4 9 6 8 4 9 3 4 2 1 5 7 21 
9 4 3 6 2 9 6 5 2 8 5 1 3 7 8 4 7 8 2 7 6 4 5 1 9 3 1 3 4 5 2 4 7 1 9 6 7 9 1 5 8 6 8 2 3 6 2 8 1 9 3 5 4 7 4 1 9 7 3 2 3 6 4 2 3 7 8 6 5 1 8 9 5 8 6 9 1 4 2 7 5 21 22 
9 4 3 7 2 1 6 5 8 1 5 6 9 3 8 4 7 2 8 7 2 4 6 5 9 3 1 3 4 5 2 8 7 1 9 6 7 9 1 5 4 6 8 2 3 6 2 8 1 9 3 5 4 7 5 1 9 8 7 2 3 6 4 2 3 7 6 5 4 8 1 9 6 8 4 3 1 9 2 7 5 5 18 
4 9 3 7 1 8 6 5 2 6 5 2 3 2 9 4 7 8 1 7 8 4 6 5 9 3 1 3 4 5 2 8 7 1 9 6 7 9 1 5 4 6 3 2 8 8 2 6 1 9 3 5 4 7 5 1 9 8 7 2 3 6 4 2 3 7 9 3 4 8 1 5 6 8 4 6 5 1 2 7 9 10 21 
9 4 3 8 2 1 7 5 6 8 5 6 7 3 9 4 1 2 1 7 2 4 6 5 9 3 8 3 4 5 2 8 7 6 9 1 7 9 1 5 4 6 8 2 3 6 2 8 1 9 3 5 4 7 5 1 9 3 7 2 3 6 4 2 3 7 6 5 8 1 8 9 4 8 6 9 1 4 2 7 5 6 18 
4 6 3 7 9 8 1 5 2 9 5 2 6 3 1 4 7 8 1 7 8 4 2 5 9 3 6 3 4 5 2 8 7 6 9 1 7 9 1 5 4 6 3 2 4 8 2 6 1 9 3 5 8 7 5 1 9 8 5 2 7 6 3 2 3 7 9 6 4 8 1 5 6 8 4 3 7 1 2 4 9 7 20 
9 4 3 7 2 8 1 5 8 1 5 6 6 3 9 4 7 2 8 7 2 4 5 1 9 3 6 3 4 5 2 8 7 6 9 1 7 9 1 5 4 6 3 2 4 6 2 8 1 9 3 5 8 7 4 1 9 8 7 2 7 6 3 2 3 7 9 6 5 8 1 9 5 8 6 3 1 4 2 4 5 11 21 
9 4 3 7 6 8 7 5 1 6 5 8 9 3 1 4 2 6 1 7 2 4 2 5 9 3 8 3 6 5 2 8 7 6 9 4 7 9 1 5 4 6 3 1 2 8 2 4 1 9 3 5 8 7 5 1 9 8 7 2 8 6 3 2 3 7 6 5 4 1 4 5 6 8 4 3 1 9 2 7 9 13 21 
4 9 3 7 2 1 6 5 8 6 5 2 8 3 9 4 7 1 1 7 8 4 6 5 9 3 2 3 4 5 2 8 7 1 9 6 7 9 1 5 4 6 8 2 3 8 2 6 1 9 3 5 4 7 5 1 9 3 8 2 7 6 4 2 3 7 9 1 4 3 8 5 6 8 4 6 7 5 2 1 9 7 18 
4 9 3 6 2 1 7 5 2 5 6 8 7 3 9 4 8 6 1 7 2 4 5 8 9 3 1 3 4 5 2 8 7 6 9 8 7 9 1 5 4 6 1 2 3 8 2 6 1 9 3 5 4 7 5 1 9 8 7 2 3 6 4 2 3 7 9 5 4 8 1 9 4 8 6 3 6 1 2 7 5 15 21 
1 4 3 9 7 8 6 5 2 9 5 6 3 2 1 4 7 8 8 7 2 4 6 5 9 3 1 3 6 5 2 8 7 1 9 6 7 9 1 5 4 6 8 2 3 4 2 8 1 9 3 5 4 7 5 1 9 8 5 2 7 6 3 2 3 7 6 1 4 8 4 9 6 8 4 7 3 9 2 1 5 8 19 
6 4 3 6 2 9 1 5 2 9 5 8 7 3 8 4 7 6 1 7 2 4 1 5 9 3 8 3 6 5 2 4 7 6 9 1 7 9 1 5 8 6 8 2 3 8 2 4 1 9 3 5 4 7 4 1 9 8 5 2 3 6 4 2 3 7 6 1 9 1 8 5 5 8 6 7 3 4 2 7 9 19 21 
1 4 3 9 6 8 7 5 2 9 5 2 3 7 1 4 8 6 6 7 8 4 2 5 9 3 1 3 6 5 2 8 7 6 9 1 7 9 1 5 4 6 3 2 8 8 2 4 1 9 3 5 4 7 4 1 9 8 5 2 7 6 3 2 3 7 6 9 1 8 4 5 5 8 6 7 3 4 2 1 9 8 18 
1 4 3 8 2 9 7 5 6 9 5 6 3 7 1 4 8 2 8 7 2 4 6 5 9 3 1 3 4 5 2 8 7 1 9 6 7 9 1 5 4 6 8 2 3 6 2 8 1 9 3 5 4 7 5 1 9 7 3 2 8 6 5 2 3 7 6 8 4 1 4 9 6 8 4 9 1 5 2 7 3 12 20 
1 4 3 7 6 9 8 5 2 9 5 2 3 8 1 4 7 6 6 7 8 4 2 5 9 3 1 3 6 5 2 4 7 6 9 8 7 9 1 5 8 6 1 2 3 8 2 4 1 9 3 5 4 7 5 1 9 8 3 2 7 6 4 2 3 7 6 1 9 3 8 5 4 8 6 7 5 4 2 1 9 9 19 
1 4 3 7 2 1 7 5 8 9 5 2 3 6 9 4 1 2 6 7 8 4 5 8 9 3 6 3 4 5 2 8 7 1 9 6 7 9 1 5 4 6 8 2 3 8 2 6 1 9 3 5 4 7 5 1 9 8 3 2 3 6 4 2 3 7 6 1 9 1 8 9 4 8 6 7 5 4 2 7 5 20 21 
8 4 3 9 6 1 7 5 8 9 5 2 7 3 8 4 1 6 6 7 1 4 2 5 9 3 2 3 6 5 2 8 7 6 9 4 7 9 1 5 4 6 3 2 1 4 2 8 1 9 3 5 8 7 4 1 9 3 7 2 8 6 5 2 3 7 8 6 5 1 4 9 5 8 6 9 1 4 2 7 3 11 19 
4 9 3 6 2 8 7 5 1 1 5 6 7 3 9 4 8 2 8 7 2 4 5 1 9 3 6 3 6 5 2 4 7 1 9 6 7 4 1 5 8 6 3 2 4 9 2 8 1 9 3 5 8 7 4 1 9 8 5 2 7 6 3 2 3 7 6 1 9 8 4 5 5 8 6 3 7 4 2 1 9 13 20 
1 4 3 6 2 9 7 5 8 9 5 6 7 3 8 4 1 2 8 7 2 4 5 1 9 3 6 3 4 5 2 8 7 6 9 1 7 9 1 5 4 6 8 2 3 6 2 8 1 9 3 5 4 7 5 1 9 8 7 2 3 6 4 2 3 7 9 6 4 1 8 5 6 8 4 3 1 5 2 7 9 3 17 
9 4 3 7 2 1 6 5 8 6 5 2 9 3 8 4 7 1 1 7 8 4 6 5 9 3 2 3 6 5 2 4 7 1 9 6 7 9 1 5 8 6 3 2 4 8 2 4 1 9 3 5 8 7 4 1 9 8 5 2 7 6 3 2 3 7 6 1 9 8 4 5 5 8 6 3 7 4 2 1 9 3 17 
6 4 3 9 2 1 7 5 8 9 5 2 7 3 8 4 1 6 1 7 8 4 6 5 9 3 2 3 6 5 2 8 7 6 9 4 7 9 1 5 4 6 1 2 3 8 2 4 1 9 3 5 8 7 4 1 9 8 7 2 3 6 5 2 3 7 6 5 9 8 4 1 5 8 6 3 1 4 2 7 9 4 17 
9 4 3 6 7 8 1 5 2 1 5 6 3 2 9 4 7 8 8 7 2 4 5 1 9 3 6 3 4 5 2 8 7 6 9 1 7 9 1 5 4 6 3 8 2 6 2 8 1 9 3 5 4 7 4 1 9 8 3 2 7 6 5 2 3 7 9 5 1 8 4 9 5 8 6 7 6 4 2 1 3 9 18 
9 4 3 7 1 8 6 5 2 1 5 2 6 3 9 4 7 8 6 7 8 4 2 5 9 3 1 3 6 5 2 4 7 1 9 6 7 9 1 5 8 6 3 2 4 8 2 4 1 9 3 5 8 7 4 1 9 8 5 2 7 6 3 2 3 7 9 6 4 8 1 5 5 8 6 3 7 1 2 4 9 3 16 
9 4 3 7 2 9 1 5 2 6 5 2 6 3 1 4 7 8 1 7 8 4 5 8 9 3 6 3 6 5 2 8 7 1 9 6 7 4 1 5 9 6 3 2 4 9 2 8 1 4 3 5 8 7 4 1 9 3 8 2 7 6 5 2 3 7 9 5 4 8 1 3 5 8 6 6 7 1 2 4 9 19 20 
8 4 3 7 2 9 8 5 1 5 9 1 3 1 8 4 7 6 6 7 2 4 6 5 9 3 2 3 6 5 2 8 7 6 9 1 7 4 1 5 4 6 3 2 8 9 2 8 1 9 3 5 4 7 5 1 9 3 8 2 7 6 4 2 3 7 9 6 1 3 8 9 6 8 4 7 5 4 2 1 5 22 20 
9 4 3 7 1 8 6 5 2 6 5 8 3 2 9 4 7 1 1 7 2 4 6 5 9 3 8 3 6 5 2 4 7 1 9 6 7 9 1 5 8 6 3 2 4 8 2 4 1 9 3 5 8 7 4 1 9 8 3 2 7 6 5 2 3 7 6 5 1 8 4 9 5 8 6 9 7 4 2 1 3 3 16 
9 4 3 7 2 8 6 5 1 6 5 8 9 3 1 4 7 2 1 7 2 4 6 5 9 3 8 3 4 5 2 8 7 1 9 6 7 9 1 5 4 6 8 2 3 8 2 6 1 9 3 5 4 7 4 1 9 8 5 2 7 6 5 2 3 7 6 1 9 3 8 4 5 8 6 3 7 4 2 1 9 5 17 
6 4 3 6 2 9 7 5 1 9 5 8 7 3 1 4 2 6 1 7 2 4 5 8 9 3 8 3 4 5 2 8 7 6 9 1 7 9 1 5 4 6 3 8 2 8 2 6 1 9 3 5 4 7 4 1 9 7 8 2 3 6 5 2 3 7 6 5 9 1 8 4 5 8 6 3 1 4 2 7 9 13 19 
6 4 3 7 2 9 1 5 8 9 5 2 3 1 8 4 7 6 1 7 8 4 6 5 9 3 2 3 6 5 2 4 7 6 9 1 7 9 1 5 8 6 3 2 4 8 2 4 1 9 3 5 8 7 5 1 9 8 7 2 3 6 4 2 3 7 6 5 4 8 1 9 4 8 6 9 3 1 2 7 5 6 16 
1 4 3 7 9 8 6 5 8 9 5 8 3 6 1 4 7 2 6 7 2 4 2 5 9 3 1 3 6 5 2 4 7 6 9 4 7 9 1 5 8 6 1 2 3 8 2 4 1 9 3 5 8 7 5 1 9 8 7 2 7 6 3 2 3 7 9 6 4 8 1 5 4 8 6 3 1 5 2 4 9 15 19 
9 4 3 6 2 1 7 5 8 6 5 8 3 7 9 4 1 2 1 7 2 4 5 8 9 3 6 3 6 5 2 4 7 6 9 1 7 9 1 5 8 6 3 2 4 8 2 4 1 9 3 5 8 7 4 1 9 7 3 2 8 6 5 2 3 7 8 6 5 1 4 9 5 8 6 9 1 4 2 7 3 3 15 
4 9 3 7 6 1 6 5 2 8 5 6 3 2 9 4 7 1 1 7 2 4 5 8 9 3 8 3 6 5 2 4 7 1 9 6 7 4 1 5 9 6 8 2 3 9 2 8 1 8 3 5 4 7 5 1 9 8 7 2 3 6 4 2 3 7 6 3 5 8 1 9 6 8 4 9 1 4 2 7 5 9 18 
6 4 3 9 7 8 1 5 2 9 5 8 3 2 1 4 7 6 1 7 2 4 6 5 9 3 8 3 6 5 2 4 7 6 9 1 7 9 1 5 8 6 3 2 4 8 2 4 1 9 3 5 8 7 4 1 9 8 5 2 7 6 3 2 3 7 6 1 9 8 4 5 5 8 6 7 3 4 2 1 9 3 15 
4 6 3 8 2 9 7 5 1 1 9 8 3 7 5 4 2 6 5 7 2 4 6 1 9 3 8 3 4 5 2 8 7 1 9 6 7 9 1 5 4 6 8 2 3 8 2 6 1 9 3 5 4 7 5 1 9 7 5 2 8 6 4 2 3 7 6 8 4 3 1 9 6 8 4 9 3 1 2 7 5 10 18 
4 9 3 7 1 8 7 5 1 8 5 2 6 3 9 4 8 6 1 7 6 4 2 5 9 3 2 3 6 5 2 4 7 6 9 1 7 4 1 5 8 6 3 2 8 9 2 8 1 9 3 5 4 7 5 1 9 8 5 2 7 6 3 2 3 7 9 6 4 8 1 5 6 8 4 3 7 1 2 4 9 14 18 
9 4 3 9 7 8 7 5 2 6 5 2 3 6 1 4 8 1 8 7 1 4 2 5 9 3 6 3 6 5 2 4 7 6 9 8 7 9 1 5 8 6 1 2 3 8 2 4 1 9 3 5 4 7 4 1 9 8 3 2 3 6 4 2 3 7 6 5 4 8 1 5 5 8 6 7 1 9 2 7 9 15 18 
9 4 3 6 2 1 7 5 8 6 5 8 7 3 9 4 1 2 1 7 2 4 5 8 9 3 6 3 6 5 2 8 7 6 9 1 7 9 1 5 4 6 8 2 3 8 2 4 1 9 3 5 4 7 4 1 9 8 7 2 3 6 5 2 3 7 9 6 5 1 8 4 5 8 6 3 1 4 2 7 9 3 15 
4 6 3 8 2 9 7 5 6 9 5 8 7 3 1 4 1 2 1 7 2 4 6 5 9 3 8 3 4 5 2 8 7 6 9 1 7 9 1 5 4 6 3 2 4 8 2 6 1 9 3 5 8 7 5 1 9 3 7 2 8 6 3 2 3 7 6 5 8 1 4 9 6 8 4 9 1 4 2 7 5 7 16 
4 6 3 7 2 1 7 5 8 9 5 8 3 6 9 4 1 2 1 7 2 4 5 8 9 3 6 3 4 5 2 8 7 6 9 1 7 9 1 5 4 6 8 2 3 8 2 6 1 9 3 5 4 7 5 1 9 8 7 2 3 6 4 2 3 7 6 4 5 1 8 9 6 8 4 9 3 1 2 7 5 5 15 
1 4 3 7 2 9 6 5 8 9 5 8 6 3 1 4 7 2 6 7 2 4 5 8 9 3 1 3 6 5 2 4 7 1 9 6 7 9 1 5 8 6 3 2 4 8 2 4 1 9 3 5 8 7 5 1 9 8 7 2 7 6 3 2 3 7 3 6 5 8 4 9 4 8 6 9 1 4 2 1 5 7 16 
1 4 3 7 2 9 6 5 8 9 5 2 3 6 8 4 7 1 8 7 6 4 1 5 9 3 2 3 4 5 2 8 7 1 9 6 7 9 1 5 4 6 8 2 3 6 2 8 1 9 3 5 4 7 4 1 9 8 7 2 3 6 5 2 3 7 6 5 4 8 1 9 5 8 6 9 3 1 2 7 4 5 15 
1 4 3 6 2 9 7 5 8 9 5 2 7 3 8 4 1 6 6 7 8 4 1 5 9 3 2 3 6 5 2 8 7 6 9 1 7 9 1 5 4 6 8 2 3 8 2 4 1 9 3 5 4 7 5 1 9 8 7 2 3 6 4 2 3 7 9 6 4 1 8 5 4 8 6 3 5 1 2 7 9 3 14 
4 9 3 7 2 8 7 5 1 8 5 2 9 3 1 4 8 6 1 7 6 4 6 5 9 3 2 3 6 5 2 4 7 6 9 1 7 4 1 5 9 6 3 2 8 9 2 8 1 8 3 5 4 7 5 1 9 8 7 2 3 6 4 2 3 7 6 5 4 8 1 9 6 8 4 3 1 9 2 7 5 8 16 
1 4 3 9 6 8 7 5 2 9 6 2 7 3 5 4 1 8 5 7 8 4 2 1 9 3 6 3 4 5 2 8 7 6 9 1 7 9 1 5 4 6 8 2 3 6 2 8 1 9 3 5 4 7 4 1 9 8 7 2 3 6 5 2 3 7 6 5 4 1 8 9 5 8 6 3 1 9 2 7 4 4 14 
4 6 3 8 6 9 7 5 2 9 5 2 3 7 1 4 1 8 1 7 8 4 2 5 9 3 6 3 4 5 2 8 7 6 9 1 7 9 1 5 4 6 8 2 3 6 2 8 1 9 3 5 4 7 4 1 9 7 8 2 3 6 5 2 3 7 6 3 5 1 8 9 5 8 6 9 1 4 2 7 4 9 16 
6 4 3 9 7 8 1 5 2 9 5 2 6 3 1 4 7 8 1 7 8 4 2 5 9 3 6 3 4 5 2 8 7 6 9 1 7 9 1 5 4 6 8 2 3 8 2 6 1 9 3 5 4 7 4 1 9 7 5 2 7 6 5 2 3 7 8 6 1 3 8 9 5 8 6 3 9 4 2 1 4 10 16 
4 6 3 7 2 9 1 5 8 9 5 1 3 6 5 4 7 2 8 7 2 4 1 8 9 3 6 3 4 5 2 8 7 6 9 1 7 9 1 5 4 6 3 2 8 6 2 8 1 9 3 5 4 7 5 1 9 8 3 2 3 6 5 2 3 7 6 5 4 8 1 9 6 8 4 9 7 1 2 7 4 12 16 
9 4 3 7 6 8 1 5 2 6 5 2 3 1 9 4 7 8 1 7 8 4 2 5 9 3 6 3 6 5 2 8 7 6 9 1 7 9 1 5 4 6 8 2 3 8 2 4 1 9 3 5 4 7 4 1 9 8 3 2 7 6 5 2 3 7 6 5 1 3 8 4 5 8 6 9 7 4 2 1 9 5 14 
1 4 3 6 2 9 7 5 8 9 5 2 7 3 8 4 1 6 6 7 8 4 5 1 9 3 2 3 6 5 2 4 7 6 9 1 7 9 1 5 8 6 3 2 4 8 2 4 1 9 3 5 8 7 4 1 9 3 7 2 8 6 5 2 3 7 8 6 5 1 4 9 5 8 6 9 1 4 2 7 3 3 13 
4 6 3 7 2 9 1 5 8 9 5 8 3 6 1 4 7 2 1 7 2 4 5 8 9 3 6 3 4 5 2 8 7 6 9 1 7 9 1 5 4 6 8 2 3 8 2 6 1 9 3 5 4 7 5 1 9 8 3 2 7 6 4 2 3 7 6 1 4 3 8 5 6 8 4 9 7 5 2 1 9 3 13 
2 4 3 9 6 1 7 5 8 9 5 1 7 3 8 4 2 6 6 7 8 4 2 5 9 3 1 3 6 5 2 4 7 1 9 6 7 9 1 5 8 6 3 4 2 8 2 4 1 9 3 5 8 7 5 1 9 8 7 2 3 6 4 2 3 7 6 5 4 8 1 9 4 8 6 3 1 9 2 7 5 7 15 
4 6 3 7 8 9 1 5 2 9 5 8 3 2 1 4 7 6 1 7 2 4 6 5 9 3 8 3 4 5 2 8 7 6 9 1 7 9 1 5 4 6 8 2 3 8 2 6 1 9 3 5 4 7 5 1 9 8 7 2 3 6 4 2 3 7 6 5 4 8 1 9 6 8 4 3 1 9 2 7 5 6 14 
8 4 3 6 1 8 7 5 2 9 5 2 7 3 9 4 1 8 1 7 6 4 2 5 9 3 6 3 4 5 2 8 7 1 9 6 7 9 1 5 4 6 8 2 3 6 2 8 1 9 3 5 4 7 5 1 9 8 3 2 3 6 4 2 3 7 6 1 4 1 8 5 4 8 6 9 7 5 2 7 9 16 16 

