MonoObjective Genetic Algorithm
Number of Evaluations = 0
Mutation Probability = 0.0100000000000000002
Crossover Probability = 0.5
Population Size = 100
Survival Selection Type = 16

Time =  300.036853000000008

Current Evaluation = 128100
Front Size = 100
4 6 3 9 2 1 7 5 8 9 5 2 7 3 8 4 1 6 1 7 8 4 6 5 9 3 2 3 4 5 2 8 7 6 9 1 7 9 1 5 4 6 8 2 3 8 2 6 1 9 3 5 4 7 5 1 9 8 7 2 3 6 4 2 3 7 6 5 4 1 8 9 6 8 4 3 1 9 2 7 5 1 13 
9 4 3 7 2 8 1 5 6 1 5 8 3 6 9 4 7 2 6 7 2 4 5 1 9 3 8 3 6 5 2 4 7 6 9 1 7 9 1 5 8 6 3 2 4 8 2 4 1 9 3 5 8 7 4 1 9 8 3 2 7 6 5 2 3 7 6 1 5 8 4 9 5 8 6 9 7 4 2 1 3 3 40 
9 4 3 6 7 8 1 5 2 6 5 2 3 1 9 4 7 8 1 7 8 4 2 5 9 3 6 3 6 5 2 4 7 6 9 1 7 9 1 5 8 6 3 2 4 8 2 4 1 9 3 5 8 7 4 1 9 8 5 2 7 6 3 2 3 7 9 6 4 8 1 5 5 8 6 7 3 1 2 4 9 3 24 
9 4 3 6 2 8 7 5 1 1 5 6 3 7 9 4 8 2 8 7 2 4 1 5 9 3 6 3 6 5 2 4 7 6 9 8 7 9 1 5 8 6 1 2 3 4 2 8 1 9 3 5 4 7 5 1 9 7 3 2 8 6 4 2 3 7 8 5 4 3 1 9 6 8 4 9 6 1 2 7 5 6 31 
4 9 3 6 2 9 6 5 1 1 5 8 7 3 5 4 7 2 6 7 2 4 1 8 9 3 8 3 6 5 2 8 7 1 9 6 7 4 1 5 4 6 3 8 2 9 2 8 1 9 3 5 4 7 5 1 9 8 5 2 7 6 4 2 3 7 9 6 4 3 8 5 4 8 6 3 7 1 2 1 9 17 34 
4 9 3 8 7 1 6 5 2 2 5 6 3 6 9 4 7 8 1 7 8 4 2 5 9 3 1 3 6 5 2 4 7 1 9 6 7 4 1 5 9 6 8 2 3 9 2 8 1 8 3 5 4 7 5 1 9 8 3 2 7 6 4 2 3 7 6 1 5 3 8 9 6 8 4 9 7 4 2 1 5 12 31 
4 9 3 6 2 1 7 5 8 8 5 2 3 7 9 4 1 6 1 7 6 4 5 8 9 3 2 3 6 5 2 8 7 6 9 4 7 4 1 5 9 6 3 2 1 9 2 8 1 4 3 5 8 7 5 1 9 8 3 2 8 6 5 2 3 7 9 6 4 1 4 3 6 8 4 7 1 5 2 7 9 9 29 
8 4 3 7 2 9 6 5 1 9 5 2 3 6 1 4 7 8 1 7 6 4 5 8 9 3 2 3 4 5 2 4 7 8 9 6 7 9 1 5 8 6 1 2 3 6 2 8 1 9 3 5 4 7 4 1 9 8 7 2 3 6 5 2 3 7 6 9 5 8 1 4 5 8 6 3 1 4 2 7 9 9 29 
6 4 3 9 2 1 8 5 6 8 9 1 3 7 5 4 7 1 5 7 2 4 6 8 9 3 2 3 1 5 2 8 7 8 9 6 7 4 8 5 9 6 3 1 2 9 2 6 1 4 3 5 4 7 4 1 9 7 5 2 3 6 8 2 3 7 3 8 4 1 4 5 5 8 6 6 1 9 2 7 9 123 33 
4 6 3 7 2 9 1 5 8 9 5 8 3 6 1 4 7 2 1 7 2 4 5 8 9 3 6 3 4 5 2 8 7 6 9 1 7 9 1 5 4 6 8 2 3 8 2 6 1 9 3 5 4 7 5 1 9 8 3 2 7 6 4 2 3 7 6 1 4 3 8 5 6 8 4 9 7 5 2 1 9 3 23 
1 4 3 9 7 8 7 5 6 5 9 6 3 2 1 4 2 8 8 7 2 4 6 5 9 3 1 3 6 5 2 4 7 6 9 8 7 4 1 5 9 6 3 1 2 9 2 8 1 8 3 5 4 7 5 1 9 8 3 2 8 6 5 2 3 7 6 1 4 1 4 9 4 8 6 7 5 9 2 7 3 16 31 
2 4 3 6 1 9 7 5 8 9 5 6 3 7 8 4 1 2 1 7 8 4 2 5 9 3 6 3 4 5 2 8 7 1 9 6 7 9 1 5 4 6 3 8 2 6 2 8 1 9 3 5 4 7 5 1 9 7 4 2 7 6 3 2 3 7 8 5 9 8 4 5 6 8 4 3 6 1 2 1 9 18 29 
9 4 3 6 7 9 7 5 1 8 6 2 3 1 5 4 8 6 5 7 1 4 2 8 9 3 2 3 4 5 2 8 7 6 9 1 7 9 1 5 4 6 3 2 8 6 2 8 1 9 3 5 4 7 4 1 9 3 5 2 8 6 4 2 3 7 9 6 8 3 1 9 5 8 6 7 1 4 2 7 5 19 29 
1 4 3 6 2 9 7 5 8 9 5 2 7 3 8 4 1 6 8 7 6 4 5 1 9 3 2 3 4 5 2 8 7 6 9 1 7 9 1 5 4 6 8 2 3 6 2 8 1 9 3 5 4 7 4 1 9 8 7 2 3 6 5 2 3 7 9 6 5 1 8 4 5 8 6 3 1 4 2 7 9 3 20 
9 4 3 7 6 8 7 5 2 5 6 2 3 2 9 4 1 8 8 7 1 4 5 1 9 3 6 3 6 5 2 8 7 6 9 1 7 4 1 5 9 6 8 2 3 9 2 8 1 4 3 5 4 7 5 1 9 8 7 2 7 6 4 2 3 7 9 6 4 3 8 5 6 8 4 3 5 1 2 1 9 20 28 
1 4 3 9 6 8 7 5 2 9 5 2 7 3 1 4 8 6 6 7 8 4 2 5 9 3 1 3 6 5 2 4 7 6 9 8 7 9 1 5 8 6 1 2 3 8 2 4 1 9 3 5 4 7 4 1 9 8 7 2 3 6 5 2 3 7 6 5 9 8 1 4 5 8 6 3 1 4 2 7 9 4 22 
9 4 3 6 2 1 7 5 8 6 5 8 3 7 9 4 1 2 1 7 2 4 5 8 9 3 6 3 6 5 2 4 7 6 9 1 7 9 1 5 8 6 3 2 4 8 2 4 1 9 3 5 8 7 4 1 9 7 3 2 8 6 5 2 3 7 8 6 5 1 4 9 5 8 6 9 1 4 2 7 3 3 17 
1 4 3 6 2 9 7 5 8 9 5 6 7 3 8 4 2 1 8 7 2 4 1 5 9 3 6 3 6 5 2 4 7 6 9 1 7 9 1 5 8 6 3 4 2 4 2 8 1 9 3 5 8 7 5 1 9 8 7 2 3 6 4 2 3 7 9 6 4 8 1 5 6 8 4 3 5 1 2 7 9 5 24 
4 6 3 9 7 1 6 5 2 9 5 8 3 2 8 4 7 1 1 7 2 4 6 5 9 3 8 3 4 5 2 4 7 1 9 6 7 9 1 5 8 6 3 2 4 8 2 6 1 9 3 5 8 7 5 1 9 8 4 2 7 6 3 2 3 7 6 1 5 8 4 9 6 8 4 7 3 9 2 1 5 7 26 
4 6 3 7 1 9 8 5 2 9 5 2 6 3 8 4 7 1 1 7 8 4 2 5 9 3 6 3 4 5 2 8 7 6 9 1 7 9 1 5 4 6 3 2 8 8 2 6 1 9 3 5 4 7 5 1 9 8 7 2 3 6 4 2 3 7 9 6 4 1 8 5 6 8 4 3 5 1 2 7 9 4 18 
8 4 3 7 2 9 1 5 6 9 5 6 3 1 8 4 7 2 1 7 2 4 6 5 9 3 8 3 4 5 2 8 7 6 9 4 7 9 1 5 4 6 3 1 2 6 2 8 1 9 3 5 8 7 4 1 9 8 7 2 8 6 5 2 3 7 6 5 4 1 4 9 5 8 6 9 3 1 2 7 3 12 25 
6 4 3 9 7 8 1 5 2 9 5 8 3 2 1 4 7 8 2 7 1 4 6 5 9 3 6 3 6 5 2 8 7 6 9 1 7 9 1 5 4 6 3 8 2 8 2 4 1 9 3 5 4 7 4 1 9 8 3 2 7 6 5 2 3 7 6 1 4 3 8 9 5 8 6 7 5 9 2 1 4 12 25 
9 4 3 9 6 1 7 5 2 8 5 2 3 7 8 4 1 6 6 7 1 4 2 5 9 3 8 3 4 5 2 8 7 6 9 1 7 9 1 5 4 6 8 2 3 6 2 8 1 9 3 5 4 7 5 1 9 7 3 2 8 6 4 2 3 7 8 1 4 3 1 5 4 8 6 6 5 9 2 7 9 12 25 
9 4 3 7 2 8 6 5 1 6 5 2 3 1 9 4 7 8 1 7 8 4 6 5 9 3 2 3 6 5 2 4 7 1 9 6 7 9 1 5 8 6 3 2 4 8 2 4 1 9 3 5 8 7 4 1 9 8 3 2 7 6 5 2 3 7 6 5 4 8 1 9 5 8 6 9 7 1 2 4 3 3 16 
9 4 3 7 6 8 7 5 2 1 5 8 3 2 9 4 1 6 6 7 2 4 1 5 9 3 8 3 4 5 2 8 7 6 9 1 7 9 1 5 4 6 8 2 3 8 2 6 1 9 3 5 4 7 4 1 9 8 7 2 3 6 5 2 3 7 6 5 4 1 8 9 5 8 6 9 3 1 2 7 4 5 23 
9 4 3 8 2 1 7 5 6 8 5 6 7 3 9 4 1 2 1 7 2 4 6 5 9 3 8 3 6 5 2 4 7 6 9 1 7 9 1 5 8 6 3 2 4 4 2 8 1 9 3 5 8 7 5 1 9 3 7 2 8 6 3 2 3 7 6 5 8 1 4 9 6 8 4 9 1 4 2 7 5 5 21 
4 9 3 6 7 8 7 5 1 6 5 2 9 3 1 4 2 8 8 7 1 4 2 5 9 3 6 3 6 5 2 4 7 6 9 1 7 4 1 5 8 6 3 8 2 9 2 8 1 9 3 5 4 7 5 1 9 3 5 2 8 6 4 2 3 7 8 4 9 3 1 5 4 8 6 7 6 1 2 7 9 16 27 
8 4 3 9 2 1 7 5 6 9 5 6 7 3 8 4 2 1 1 7 2 4 6 5 9 3 8 3 4 5 2 8 7 1 9 6 7 9 1 5 4 6 3 8 2 6 2 8 1 9 3 5 4 7 4 1 9 8 5 2 7 6 3 2 3 7 6 1 9 8 4 5 5 8 6 3 7 4 2 1 9 6 21 
8 4 3 9 6 1 7 5 2 9 5 2 3 7 8 4 1 6 1 7 6 4 2 5 9 3 8 3 6 5 2 4 7 6 9 1 7 9 1 5 8 6 3 2 4 4 2 8 1 9 3 5 8 7 4 1 9 8 3 2 7 6 5 2 3 7 6 5 4 1 8 9 5 8 6 7 1 9 2 4 3 7 23 
6 4 3 7 2 9 8 5 1 9 5 1 6 3 8 4 7 2 8 7 2 4 5 1 9 3 6 3 6 5 2 8 7 6 9 1 7 9 1 5 4 6 8 2 3 4 2 8 1 9 3 5 4 7 5 1 9 3 7 2 7 6 5 2 3 7 8 6 4 1 8 9 6 8 4 9 1 5 2 4 3 13 23 
6 4 3 7 9 8 8 5 1 9 5 1 3 2 5 4 7 6 2 7 8 4 6 1 9 3 2 3 4 5 2 4 7 1 9 6 7 9 1 5 8 6 3 2 8 8 2 6 1 9 3 5 4 7 4 1 9 8 7 2 3 6 5 5 3 7 3 4 1 8 1 4 6 8 2 6 5 9 2 7 9 123 26 
9 4 3 7 6 1 8 5 2 8 5 6 3 2 9 4 7 1 1 7 2 4 5 8 9 3 6 3 6 5 2 4 7 6 9 8 7 9 1 5 8 6 1 2 3 4 2 8 1 9 3 5 4 7 5 1 9 8 3 2 7 6 4 2 3 7 6 1 4 3 8 9 6 8 4 9 7 5 2 1 5 6 20 
4 9 3 8 7 1 7 5 6 1 5 2 3 6 9 4 8 2 8 7 6 4 2 5 9 3 1 3 6 5 2 4 7 6 9 1 7 4 1 5 9 6 3 2 8 9 2 8 1 8 3 5 4 7 4 1 9 8 5 2 3 6 5 2 3 7 6 1 9 8 1 4 5 8 6 7 3 4 2 7 9 14 25 
1 4 3 9 7 8 6 5 2 9 5 2 3 6 1 4 7 8 6 7 8 4 2 5 9 3 1 3 6 5 2 4 7 1 9 6 7 9 1 5 8 6 3 2 4 8 2 4 1 9 3 5 8 7 4 1 9 8 5 2 7 6 3 2 3 7 6 1 9 8 4 5 5 8 6 7 3 4 2 1 9 3 16 
4 6 3 6 1 8 7 5 2 9 5 8 3 7 9 4 1 6 1 7 2 4 2 5 9 3 8 3 4 5 2 8 7 6 9 1 7 9 1 5 4 6 3 8 2 8 2 6 1 9 3 5 4 7 5 1 9 7 5 2 8 6 3 2 3 7 8 6 4 1 4 9 6 8 4 9 3 1 2 7 5 8 22 
1 4 3 6 2 9 7 5 8 9 6 8 3 7 5 4 2 1 5 7 2 4 1 8 9 3 6 3 4 5 2 8 7 1 9 6 7 9 1 5 4 6 3 8 2 8 2 6 1 9 3 5 4 7 4 1 9 8 5 2 3 6 4 2 3 7 9 6 4 8 1 5 5 8 6 7 3 1 2 7 9 8 22 
9 4 3 6 2 1 7 5 8 8 5 6 7 3 9 4 1 2 1 7 2 4 5 8 9 3 6 3 4 5 2 8 7 6 9 1 7 9 1 5 4 6 8 2 3 6 2 8 1 9 3 5 4 7 5 1 9 8 7 2 3 6 4 2 3 7 9 6 4 1 8 5 4 8 6 3 1 5 2 7 9 3 16 
4 9 3 7 2 8 1 5 6 1 5 2 6 3 9 4 7 8 8 7 6 4 5 1 9 3 2 3 6 5 2 8 7 6 9 4 7 4 1 5 9 6 3 2 1 9 2 8 1 4 3 5 8 7 5 1 9 8 4 2 7 6 3 2 3 7 9 6 1 8 4 5 6 8 4 3 7 5 2 1 9 6 20 
6 4 3 7 2 8 7 5 1 5 9 1 3 6 9 4 2 8 8 7 2 4 1 5 9 3 6 3 6 5 2 4 7 6 9 1 7 4 1 5 9 6 8 2 3 9 2 8 1 8 3 5 4 7 4 1 9 8 3 2 7 6 5 2 3 7 9 5 4 3 1 8 5 8 6 6 7 1 2 4 9 15 23 
9 4 3 7 2 8 1 5 6 1 5 2 6 3 9 4 7 8 6 7 8 4 1 5 9 3 2 3 6 5 2 4 7 6 9 1 7 9 1 5 8 6 3 2 4 8 2 4 1 9 3 5 8 7 4 1 9 8 5 2 7 6 3 2 3 7 9 6 1 8 4 5 5 8 6 3 7 4 2 1 9 3 15 
4 6 3 7 2 9 1 5 8 9 5 2 8 3 1 4 7 6 1 7 8 4 6 5 9 3 2 3 4 5 2 8 7 6 9 1 7 9 1 5 9 6 3 2 4 8 2 6 1 4 3 5 8 7 5 1 9 3 4 2 7 6 5 2 3 7 6 1 8 8 4 9 6 8 4 9 7 5 2 1 3 7 21 
8 4 3 7 2 9 6 5 1 9 5 6 3 1 8 4 7 2 1 7 2 4 6 5 9 3 8 3 4 5 2 8 7 1 9 6 7 9 1 5 4 6 8 2 3 6 2 8 1 9 3 5 4 7 4 1 9 8 5 2 7 6 5 2 3 7 9 6 1 3 8 4 5 8 6 7 3 4 2 1 9 7 20 
4 6 3 9 7 8 1 5 2 9 5 8 3 2 1 4 7 6 1 7 2 4 6 5 9 3 8 3 4 5 2 8 7 6 9 1 7 9 1 5 4 6 8 2 3 8 2 6 1 9 3 5 4 7 5 1 9 8 5 2 7 6 4 2 3 7 6 1 4 3 8 9 6 8 4 7 3 9 2 1 5 3 15 
4 9 3 6 2 1 1 5 2 6 5 8 7 3 9 4 7 6 1 7 2 4 5 8 9 3 8 3 6 5 2 4 7 6 9 1 7 9 1 5 9 6 8 2 3 8 2 4 1 8 3 5 4 7 4 1 9 8 7 2 7 6 5 2 3 7 6 1 4 3 8 9 5 8 6 9 3 5 2 1 4 17 23 
4 9 3 7 2 1 7 5 8 8 5 6 3 6 9 4 1 2 1 7 2 4 5 8 9 3 6 3 6 5 2 8 7 6 9 1 7 4 1 5 9 6 3 2 8 9 2 8 1 4 3 5 4 7 5 1 9 8 7 2 3 6 4 2 3 7 6 4 5 1 8 9 6 8 4 9 3 1 2 7 5 9 21 
9 4 3 7 2 1 8 5 6 1 5 8 9 3 5 4 7 2 6 7 2 4 6 8 9 3 1 3 6 5 2 4 7 6 9 1 7 9 1 5 9 6 3 2 8 8 2 4 1 8 3 5 4 7 5 1 9 8 5 2 7 6 4 2 3 7 6 1 9 3 8 5 4 8 6 3 7 4 2 1 9 12 22 
1 4 3 9 6 8 1 5 2 9 6 2 3 7 5 4 7 6 5 7 8 4 2 1 9 3 8 3 4 5 2 8 7 1 9 6 7 9 1 5 4 6 3 2 8 6 2 8 1 9 3 5 4 7 4 1 9 8 3 2 3 6 5 2 3 7 6 5 4 8 1 9 5 8 6 7 1 9 2 7 4 15 22 
9 4 3 7 2 1 6 5 8 1 5 6 9 3 8 4 7 2 2 7 8 4 6 5 9 3 1 3 4 5 2 8 7 1 9 6 7 9 1 5 4 6 8 2 3 8 2 6 1 9 3 5 4 7 5 1 9 8 7 2 7 6 4 2 3 7 6 1 4 3 8 5 6 8 4 3 5 9 2 1 9 7 20 
9 4 3 7 6 9 1 5 8 1 5 2 3 2 8 4 7 6 6 7 8 4 1 5 9 3 2 3 4 5 2 8 7 6 9 1 7 9 1 5 9 6 8 2 3 8 2 6 1 4 3 5 4 7 5 1 9 8 5 2 3 6 4 2 3 7 9 6 1 8 1 9 6 8 4 3 7 4 2 7 5 16 22 
4 9 3 7 1 8 7 5 6 1 5 6 3 2 9 4 8 2 8 7 2 4 6 5 9 3 1 3 6 5 2 4 7 6 9 8 7 4 1 5 9 6 1 2 3 9 2 8 1 8 3 5 4 7 5 1 9 8 7 2 3 6 4 2 3 7 6 5 4 8 1 9 6 8 4 3 1 9 2 7 5 9 20 
4 9 3 6 2 1 7 5 8 8 5 2 7 3 9 4 1 6 1 7 6 4 5 8 9 3 2 3 6 5 2 4 7 6 9 1 7 4 1 5 9 6 8 2 3 9 2 8 1 8 3 5 4 7 5 1 9 8 7 2 3 6 4 2 3 7 9 6 4 1 8 5 6 8 4 3 1 5 2 7 9 3 14 
9 4 3 6 1 8 7 5 2 1 5 2 7 3 9 4 8 6 6 7 8 4 2 5 9 3 1 3 6 5 2 4 7 6 9 8 7 9 1 5 8 6 1 2 3 8 2 4 1 9 3 5 4 7 5 1 9 8 7 2 3 6 4 2 3 7 9 6 4 8 1 5 4 8 6 3 5 1 2 7 9 4 14 
9 4 3 7 2 8 6 5 1 5 6 2 3 1 9 4 7 8 1 7 8 4 6 5 9 3 2 3 4 5 2 8 7 1 9 6 7 9 1 5 4 6 8 2 3 8 2 6 1 9 3 5 4 7 5 1 9 8 3 2 7 6 4 2 3 7 6 5 1 3 8 9 6 8 4 9 7 4 2 1 5 5 19 
4 6 3 7 1 8 7 5 2 9 5 2 3 6 9 4 1 8 1 7 8 4 2 5 9 3 6 3 4 5 2 8 7 6 9 1 7 9 1 5 4 6 8 2 3 8 2 6 1 9 3 5 4 7 5 1 9 8 7 2 3 6 4 2 3 7 6 5 4 1 8 9 6 8 4 9 3 1 2 7 5 3 13 
4 6 3 6 7 9 1 5 8 9 5 2 3 1 8 4 7 6 1 7 8 4 2 5 9 3 2 3 4 5 2 4 7 6 9 1 7 9 1 5 8 6 8 2 3 8 2 6 1 9 3 5 4 7 5 1 9 7 5 2 8 6 4 2 3 7 8 6 4 3 1 9 4 8 6 9 3 1 2 7 5 11 20 
4 6 3 7 1 9 8 5 2 9 5 2 3 6 8 4 7 1 8 7 1 4 2 5 9 3 6 3 4 5 2 8 7 6 9 1 7 9 1 5 4 6 3 2 8 6 2 8 1 9 3 5 4 7 4 1 9 8 3 2 7 6 5 2 3 7 6 5 4 1 8 9 5 8 6 9 7 1 2 4 3 5 19 
8 4 3 7 2 9 6 5 1 9 5 2 6 3 1 4 7 8 1 7 6 4 5 8 9 3 2 3 6 5 2 4 7 1 9 6 7 9 1 5 8 6 3 2 4 4 2 8 1 9 3 5 8 7 5 1 9 8 7 2 7 6 3 2 3 7 9 6 4 8 1 5 6 8 4 3 1 5 2 4 9 5 19 
8 4 3 6 2 9 7 5 1 9 5 6 7 3 1 4 8 2 1 7 2 4 5 8 9 3 6 3 6 5 2 8 7 6 9 1 7 9 1 5 4 6 3 2 8 4 2 8 1 9 3 5 4 7 5 1 9 3 7 2 8 6 4 2 3 7 8 6 5 3 1 9 6 8 4 9 1 4 2 7 5 7 19 
4 6 3 7 2 9 1 5 8 9 5 8 6 3 1 4 7 2 1 7 2 4 5 8 9 3 6 3 4 5 2 8 7 6 9 1 7 9 1 5 4 6 3 8 2 6 2 8 1 9 3 5 4 7 4 1 9 8 7 2 7 6 3 2 3 7 9 1 5 8 4 5 5 8 6 3 6 4 2 1 9 8 19 
1 4 3 7 2 9 6 5 8 9 5 8 6 3 1 4 7 2 6 7 2 4 5 8 9 3 1 3 6 5 2 8 7 1 9 6 7 9 1 5 4 6 8 2 3 8 2 4 1 9 3 5 4 7 4 1 9 8 7 2 3 6 5 2 3 7 9 6 5 8 1 4 5 8 6 3 1 4 2 7 9 5 18 
9 4 3 7 6 8 1 5 2 6 5 2 9 3 1 4 7 8 1 7 8 4 2 5 9 3 6 3 6 5 2 8 7 6 9 1 7 9 1 5 4 6 3 8 2 8 2 4 1 9 3 5 4 7 4 1 9 8 7 2 3 6 5 2 3 7 6 5 4 8 1 9 5 8 6 3 1 9 2 7 4 6 18 
6 4 3 7 2 9 1 5 8 9 5 2 3 1 8 4 7 6 1 7 8 4 6 5 9 3 2 3 6 5 2 4 7 6 9 1 7 9 1 5 8 6 3 2 4 8 2 4 1 9 3 5 8 7 4 1 9 8 3 2 7 6 5 2 3 7 6 5 1 8 4 9 5 8 6 9 7 4 2 1 3 3 13 
9 4 3 6 7 8 1 5 2 1 5 6 3 2 9 4 7 8 8 7 2 4 1 5 9 3 6 3 6 5 2 8 7 6 9 1 7 4 1 5 9 6 3 8 2 9 2 8 1 4 3 5 4 7 4 1 9 8 5 2 7 6 3 2 3 7 9 6 1 8 4 5 5 8 6 7 3 4 2 1 9 8 19 
4 6 3 9 2 8 7 5 1 9 5 2 7 3 1 4 8 6 8 7 1 4 6 5 9 3 2 3 4 5 2 8 7 1 9 6 7 9 1 5 4 6 8 2 3 6 2 8 1 9 3 5 4 7 4 1 9 8 7 2 3 6 5 2 3 7 6 5 4 8 1 9 5 8 6 3 1 9 2 7 4 5 17 
1 4 3 6 2 9 7 5 8 9 5 2 7 3 8 4 1 6 8 7 6 4 1 5 9 3 2 3 6 5 2 8 7 6 9 1 7 9 1 5 4 6 8 2 3 4 2 8 1 9 3 5 4 7 5 1 9 8 7 2 3 6 4 2 3 7 9 6 4 1 8 5 6 8 4 3 5 1 2 7 9 3 12 
4 9 3 7 6 8 1 5 2 8 5 2 3 1 9 4 7 8 1 7 6 4 2 5 9 3 6 3 4 5 2 4 7 6 9 1 7 9 1 5 8 6 3 2 4 6 2 8 1 9 3 5 8 7 5 1 9 8 7 2 7 6 5 2 3 7 9 3 4 8 4 9 6 8 4 6 5 1 2 1 3 14 21 
8 4 3 9 6 1 7 5 2 9 5 2 7 3 8 4 1 6 1 7 6 4 2 5 9 3 8 3 4 5 2 8 7 6 9 1 7 9 1 5 4 6 8 2 3 6 2 8 1 9 3 5 4 7 4 1 9 8 7 2 3 6 5 2 3 7 6 5 9 1 8 4 5 8 6 3 1 4 2 7 9 3 12 
1 4 3 6 2 1 7 5 8 9 5 2 3 7 9 4 1 2 6 7 8 4 5 8 9 3 6 3 4 5 2 8 7 6 9 1 7 9 1 5 4 6 8 2 3 8 2 6 1 9 3 5 4 7 5 1 9 7 3 2 7 6 4 2 3 7 8 6 5 3 8 9 4 8 6 9 1 4 2 1 5 15 20 
4 9 3 6 7 8 7 5 2 8 5 2 9 3 1 4 1 6 1 7 6 4 2 5 9 3 8 3 6 5 2 8 7 6 9 1 7 4 1 5 9 6 3 2 4 9 2 8 1 4 3 5 8 7 4 1 9 8 5 2 3 6 5 2 3 7 3 1 9 1 4 8 5 8 6 7 6 4 2 7 9 15 20 
4 6 3 7 2 1 7 5 8 9 5 8 6 3 9 4 1 2 1 7 2 4 5 8 9 3 6 3 4 5 2 8 7 6 9 1 7 9 1 5 9 6 3 2 4 8 2 6 1 4 3 5 8 7 5 1 9 8 7 2 8 6 3 2 3 7 9 6 5 1 4 9 6 8 4 3 1 4 2 7 5 8 19 
4 6 3 7 2 9 1 5 8 9 5 2 3 1 8 4 7 6 1 7 8 4 6 5 9 3 2 3 4 5 2 8 7 6 9 1 7 9 1 5 4 6 8 2 3 8 2 6 1 9 3 5 4 7 5 1 9 8 7 2 3 6 4 2 3 7 6 5 4 8 1 9 6 8 4 9 3 1 2 7 5 3 11 
9 4 3 7 6 8 1 5 2 1 5 8 3 2 9 4 7 6 6 7 2 4 1 5 9 3 8 3 6 5 2 4 7 6 9 1 7 9 1 5 8 6 3 2 4 8 2 4 1 9 3 5 8 7 4 1 9 8 3 2 7 6 5 2 3 7 6 5 4 8 1 9 5 8 6 9 7 1 2 4 3 3 11 
9 4 3 7 6 8 1 5 2 6 5 2 3 1 9 4 7 8 1 7 8 4 2 5 9 3 6 3 6 5 2 4 7 6 9 1 7 9 1 5 8 6 3 2 4 8 2 4 1 9 3 5 8 7 4 1 9 8 3 2 7 6 5 2 3 7 6 5 1 8 4 9 5 8 6 9 7 4 2 1 3 3 9 
4 9 3 6 1 8 7 5 2 6 5 2 7 3 9 4 8 1 1 7 8 4 2 5 9 3 6 3 4 5 2 4 7 8 9 6 7 9 1 5 8 6 1 2 3 8 2 6 1 9 3 5 4 7 5 1 9 3 7 2 8 6 4 2 3 7 8 5 4 3 1 9 6 8 4 9 6 1 2 7 5 9 18 
4 6 3 9 7 8 1 5 2 9 5 2 3 6 1 4 7 8 1 7 8 4 2 5 9 3 6 3 4 5 2 8 7 6 9 1 7 9 1 5 4 6 8 2 3 8 2 6 1 9 3 5 4 7 4 1 9 8 3 2 7 6 5 2 3 7 6 5 9 3 8 4 5 8 6 7 1 4 2 1 9 5 17 
4 9 3 7 1 8 6 5 2 6 5 8 3 2 9 4 7 1 1 7 2 4 6 5 9 3 8 3 6 5 2 4 7 8 9 6 7 4 1 5 9 6 1 2 3 9 2 8 1 8 3 5 4 7 5 1 9 8 5 2 7 6 4 2 3 7 6 1 4 3 8 9 4 8 6 3 7 9 2 1 5 11 18 
1 4 3 7 6 9 7 5 8 9 5 2 3 1 8 4 2 6 8 7 6 4 2 5 9 3 1 3 4 5 2 8 7 1 9 6 7 9 1 5 4 6 3 8 2 6 2 8 1 9 3 5 4 7 4 1 9 8 3 2 3 6 4 2 3 7 6 5 4 8 1 5 5 8 6 9 7 1 2 7 9 12 19 
1 4 3 6 2 9 7 5 8 5 9 6 3 7 8 4 1 2 8 7 2 4 1 5 9 3 6 3 6 5 2 4 7 6 9 1 7 4 1 5 9 6 3 8 2 9 2 8 1 8 3 5 4 7 5 1 9 8 3 2 3 6 4 2 3 7 6 5 4 8 1 9 6 8 4 7 1 9 2 7 5 13 19 
9 4 3 7 6 8 1 5 2 6 5 1 3 2 9 4 7 8 2 7 8 4 5 1 9 3 6 3 6 5 2 8 7 6 9 4 7 9 1 5 4 6 3 2 1 8 2 4 1 9 3 5 8 7 5 1 9 8 7 2 7 6 3 2 3 7 6 1 5 8 4 9 4 8 6 9 3 4 2 1 5 8 17 
9 4 3 6 2 1 7 5 8 8 5 2 3 7 9 4 1 6 1 7 6 4 5 8 9 3 2 3 4 5 2 8 7 6 9 1 7 9 1 5 4 6 8 2 3 8 2 6 1 9 3 5 4 7 5 1 9 8 7 2 3 6 5 2 3 7 6 1 5 1 8 4 6 8 4 9 3 4 2 7 9 10 17 
9 4 3 6 1 8 7 5 2 5 6 2 7 3 9 4 1 8 8 7 1 4 2 5 9 3 6 3 4 5 2 8 7 6 9 1 7 9 1 5 4 6 8 2 3 6 2 8 1 9 3 5 4 7 5 1 9 8 7 2 3 6 4 2 3 7 9 6 4 1 8 5 4 8 6 3 5 1 2 7 9 4 13 
6 4 3 7 1 8 1 5 8 9 5 1 3 2 9 4 7 2 2 7 8 4 6 5 9 3 6 3 6 5 2 4 7 6 9 1 7 4 1 5 9 6 3 2 4 9 2 8 1 8 3 5 8 7 4 1 9 8 5 2 7 6 3 2 3 7 6 1 4 8 1 5 5 8 6 3 7 9 2 4 9 21 20 
8 4 3 6 7 9 1 5 2 9 5 2 3 1 8 4 7 6 1 7 6 4 2 5 9 3 8 3 4 5 2 8 7 6 9 1 7 9 1 5 4 6 8 2 3 6 2 8 1 9 3 5 4 7 5 1 9 8 3 2 7 6 4 2 3 7 9 6 1 3 8 5 4 8 6 7 5 4 2 1 9 5 16 
9 4 3 7 2 8 6 5 1 1 5 2 3 6 9 4 7 8 6 7 8 4 5 1 9 3 2 3 6 5 2 4 7 1 9 6 7 9 1 5 8 6 3 2 4 8 2 4 1 9 3 5 8 7 4 1 9 8 3 2 7 6 5 2 3 7 6 1 5 8 4 9 5 8 6 9 7 4 2 1 3 3 8 
6 4 3 8 7 9 1 5 6 9 5 8 3 6 1 4 7 2 1 7 2 4 2 5 9 3 8 3 6 5 2 8 7 6 9 1 7 9 1 5 4 6 8 2 3 8 2 4 1 9 3 5 4 7 4 1 9 8 3 2 7 6 5 2 3 7 6 5 1 8 4 9 5 8 6 7 9 4 2 1 3 11 17 
4 6 3 7 2 9 1 5 2 9 5 8 6 3 8 4 7 6 1 7 2 4 1 5 9 3 8 3 4 5 2 4 7 6 9 1 7 9 1 5 8 6 8 2 3 8 2 6 1 9 3 5 4 7 5 1 9 8 5 2 7 6 3 2 3 7 9 6 4 8 1 5 6 8 4 3 7 1 2 4 9 12 18 
8 4 3 7 6 9 1 5 2 9 5 6 3 2 1 4 7 8 1 7 2 4 5 8 9 3 6 3 6 5 2 4 7 6 9 1 7 9 1 5 8 6 3 2 4 4 2 8 1 9 3 5 8 7 5 1 9 8 3 2 7 6 5 2 3 7 6 1 5 8 4 9 6 8 4 9 7 4 2 1 3 5 16 
4 6 3 7 2 9 1 5 6 9 5 8 3 1 8 4 7 2 1 7 2 4 6 5 9 3 8 3 4 5 2 8 7 6 9 1 7 9 1 5 4 6 3 8 2 8 2 6 1 9 3 5 4 7 5 1 9 8 3 2 7 6 3 2 3 7 6 5 1 8 4 9 6 8 4 9 7 4 2 1 5 7 16 
9 4 3 7 2 1 6 5 8 8 5 2 3 6 9 4 7 1 6 7 1 4 5 8 9 3 2 3 6 5 2 8 7 6 9 4 7 9 1 5 4 6 1 2 3 4 2 8 1 9 3 5 8 7 5 1 9 7 3 2 8 6 4 2 3 7 8 9 4 3 1 5 4 8 6 6 5 1 2 7 9 15 18 
4 6 3 9 2 1 7 5 8 9 5 2 7 3 8 4 1 6 1 7 8 4 6 5 9 3 2 3 4 5 2 8 7 6 9 1 7 9 1 5 4 6 8 2 3 8 2 6 1 9 3 5 4 7 4 1 9 8 7 2 3 6 5 2 3 7 6 5 9 1 8 4 5 8 6 3 1 4 2 7 9 3 8 
1 4 3 7 2 9 7 5 2 9 5 6 3 1 8 4 8 6 8 7 2 4 6 5 9 3 1 3 6 5 2 4 7 6 9 8 7 9 1 5 8 6 1 2 3 8 2 4 1 9 3 5 4 7 5 1 9 8 3 2 3 6 4 2 3 7 6 5 1 8 1 5 4 8 6 9 7 4 2 7 9 16 18 
9 4 3 7 2 8 1 5 6 6 5 8 3 1 9 4 7 2 1 7 2 4 6 5 9 3 8 3 6 5 2 4 7 6 9 1 7 9 1 5 8 6 3 2 4 8 2 4 1 9 3 5 8 7 4 1 9 8 3 2 7 6 5 2 3 7 6 5 4 8 1 9 5 8 6 9 7 1 2 4 3 3 7 
4 6 3 8 7 9 1 5 2 9 5 2 6 3 1 4 7 8 1 7 8 4 2 5 9 3 6 3 4 5 2 8 7 6 9 1 7 9 1 5 4 6 8 2 3 8 2 6 1 9 3 5 4 7 5 1 9 3 8 2 7 6 4 2 3 7 9 6 1 3 8 5 6 8 4 7 5 4 2 1 9 5 15 
9 4 3 7 6 8 7 5 2 6 5 8 3 2 9 4 1 8 1 7 2 4 5 1 9 3 6 3 4 5 2 8 7 6 9 1 7 9 1 5 4 6 8 2 3 8 2 6 1 9 3 5 4 7 5 1 9 8 7 2 3 6 4 2 3 7 9 3 4 1 8 5 6 8 4 6 1 5 2 7 9 8 16 
9 4 3 7 2 8 6 5 1 8 5 6 3 1 9 4 7 2 1 7 2 4 6 5 9 3 8 3 6 5 2 4 7 1 9 6 7 9 1 5 8 6 3 2 4 4 2 8 1 9 3 5 8 7 5 1 9 8 7 2 7 6 3 2 3 7 6 5 1 8 4 9 6 8 4 9 3 4 2 1 5 5 15 
1 4 3 6 2 9 7 5 8 9 5 2 7 3 8 4 1 6 6 7 8 4 5 1 9 3 2 3 6 5 2 4 7 1 9 6 7 9 1 5 8 6 3 2 4 8 2 4 1 9 3 5 8 7 4 1 9 8 7 2 3 6 5 2 3 7 9 6 5 8 4 1 5 8 6 3 1 4 2 7 9 5 15 
9 4 3 6 2 1 7 5 8 6 5 2 7 3 9 4 1 6 1 7 8 4 5 8 9 3 2 3 6 5 2 4 7 6 9 1 7 9 1 5 9 6 8 2 3 8 2 4 1 8 3 5 4 7 4 1 9 8 3 2 3 6 4 2 3 7 6 5 1 1 8 5 5 8 6 9 7 4 2 7 9 17 17 
1 4 3 6 2 9 7 5 8 9 5 2 7 3 8 4 1 6 8 7 6 4 1 5 9 3 2 3 4 5 2 8 7 6 9 1 7 9 1 5 4 6 8 2 3 6 2 8 1 9 3 5 4 7 5 1 9 8 7 2 3 6 4 2 3 7 9 6 4 1 8 5 4 8 6 3 5 1 2 7 9 3 4 
9 4 3 7 2 1 6 5 8 1 5 6 9 3 8 4 7 2 2 7 8 4 6 5 9 3 1 3 6 5 2 4 7 1 9 6 7 9 1 5 8 6 3 2 4 8 2 4 1 9 3 5 8 7 4 1 9 8 5 2 7 6 3 2 3 7 6 1 9 8 4 5 5 8 6 3 7 4 2 1 9 5 15 
4 9 3 6 2 1 7 5 8 8 5 2 7 3 9 4 1 6 1 7 6 4 5 8 9 3 2 3 6 5 2 8 7 6 9 1 7 4 1 5 9 6 8 2 3 9 2 8 1 4 3 5 4 7 5 1 9 8 7 2 3 6 4 2 3 7 9 6 4 1 8 5 6 8 4 3 1 5 2 7 9 3 2 

