MonoObjective Genetic Algorithm
Number of Evaluations = 0
Mutation Probability = 0.0100000000000000002
Crossover Probability = 0.5
Population Size = 100
Survival Selection Type = 16

Time =  300.028706

Current Evaluation = 137300
Front Size = 100
4 6 3 9 2 1 7 5 8 9 5 2 7 3 8 4 1 6 1 7 8 4 6 5 9 3 2 3 4 5 2 8 7 6 9 1 7 9 1 5 4 6 8 2 3 8 2 6 1 9 3 5 4 7 5 1 9 8 7 2 3 6 4 2 3 7 6 5 4 1 8 9 6 8 4 3 1 9 2 7 5 1 10 
9 4 3 7 2 8 6 5 1 1 5 8 3 6 9 4 7 2 6 7 2 4 5 1 9 3 8 3 6 5 2 4 7 1 9 6 7 9 1 5 8 6 3 2 4 8 2 4 1 9 3 5 8 7 4 1 9 8 3 2 7 6 5 2 3 7 6 1 5 8 4 9 5 8 6 9 7 4 2 1 3 3 42 
8 4 3 6 7 9 1 5 2 9 5 2 3 1 8 4 7 6 6 7 1 4 2 5 9 3 8 3 6 5 2 8 7 6 9 1 7 4 1 5 9 6 3 8 2 9 2 8 1 4 3 5 4 7 4 1 9 8 5 2 7 6 3 2 3 7 9 6 1 8 4 5 5 8 6 7 3 4 2 1 9 8 34 
9 4 3 8 6 1 7 5 2 6 5 2 7 3 9 4 1 8 1 7 8 4 2 5 9 3 6 3 6 5 2 4 7 6 9 1 7 9 1 5 8 6 3 2 4 8 2 4 1 9 3 5 8 7 4 1 9 3 7 2 8 6 5 2 3 7 6 5 8 1 4 9 5 8 6 9 1 4 2 7 3 3 26 
8 4 3 6 2 9 7 5 1 9 5 6 7 3 1 4 8 2 1 7 2 4 5 8 9 3 6 3 6 5 2 4 7 6 9 8 7 9 1 5 8 6 1 2 3 4 2 8 1 9 3 5 4 7 5 1 9 8 7 2 3 6 4 2 3 7 9 6 4 8 1 5 6 8 4 3 1 5 2 7 9 4 27 
9 4 3 7 2 8 1 5 6 1 5 2 6 3 9 4 7 8 6 7 8 4 1 5 9 3 2 3 6 5 2 4 7 6 9 1 7 9 1 5 8 6 3 2 4 8 2 4 1 9 3 5 8 7 4 1 9 8 5 2 7 6 3 2 3 7 9 6 4 8 1 5 5 8 6 3 7 1 2 4 9 3 23 
4 9 3 6 1 8 7 5 2 8 5 2 7 3 9 4 1 6 1 7 6 4 2 5 9 3 8 3 6 5 2 4 7 6 9 1 7 4 1 5 9 6 8 2 3 9 2 8 1 8 3 5 4 7 5 1 9 8 7 2 3 6 4 2 3 7 9 6 4 1 8 5 6 8 4 3 5 1 2 7 9 3 23 
4 9 3 7 6 8 1 5 2 1 5 6 3 2 9 4 7 8 8 7 2 4 1 5 9 3 6 3 6 5 2 8 7 6 9 4 7 4 1 5 9 6 3 2 1 9 2 8 1 4 3 5 8 7 5 1 9 8 7 2 7 6 3 2 3 7 6 5 4 8 1 9 6 8 4 9 3 1 2 4 5 6 28 
4 6 3 9 7 8 1 5 2 9 5 2 3 6 1 4 7 8 1 7 8 4 2 5 9 3 6 3 4 5 2 4 7 6 9 1 7 9 1 5 8 6 3 2 4 8 2 6 1 9 3 5 8 7 5 1 9 8 3 2 7 6 5 2 3 7 6 1 4 8 4 9 6 8 4 7 5 9 2 1 3 5 26 
1 4 3 9 2 8 7 5 6 9 5 6 7 3 1 4 2 8 8 7 2 4 6 5 9 3 1 3 4 5 2 8 7 1 9 6 7 9 1 5 4 6 3 8 2 6 2 8 1 9 3 5 4 7 4 1 9 8 7 2 3 6 5 2 3 7 6 5 4 8 1 9 5 8 6 3 1 9 2 7 4 5 25 
9 4 3 7 2 8 1 5 6 5 6 8 9 3 1 4 7 2 1 7 2 4 6 5 9 3 8 3 4 5 2 8 7 6 9 1 7 9 1 5 4 6 8 2 3 8 2 6 1 9 3 5 4 7 5 1 9 8 5 2 7 6 4 2 3 7 6 1 9 3 8 5 6 8 4 3 7 4 2 1 9 6 25 
4 9 3 9 2 8 1 5 6 1 5 2 3 7 1 4 7 8 8 7 6 4 6 5 9 3 2 3 6 5 2 4 7 6 9 8 7 4 1 5 8 6 3 2 1 9 2 8 1 9 3 5 4 7 5 1 9 7 3 2 8 6 4 2 3 7 8 4 9 3 1 5 6 8 4 6 1 5 2 7 9 15 28 
9 4 3 8 7 1 6 5 2 6 5 8 3 2 9 4 7 1 1 7 2 4 6 5 9 3 8 3 4 5 2 8 7 1 9 6 7 9 1 5 4 6 8 2 3 8 2 6 1 9 3 5 4 7 4 1 9 7 8 2 3 6 5 2 3 7 6 5 4 1 8 9 5 8 6 9 3 1 2 7 4 7 27 
4 9 3 6 2 1 7 5 8 1 5 8 3 7 9 4 2 6 6 7 2 4 5 8 9 3 1 3 4 5 2 4 7 8 9 6 7 9 1 5 8 6 3 1 2 8 2 6 1 9 3 5 4 7 5 1 9 7 8 2 3 6 4 2 3 7 9 1 4 1 8 5 6 8 4 3 6 5 2 7 9 11 27 
4 9 3 7 2 1 6 5 8 8 5 2 3 6 9 4 7 1 1 7 6 4 5 8 9 3 2 3 6 5 2 8 7 1 9 6 7 4 1 5 9 6 8 2 3 9 2 8 1 4 3 5 4 7 5 1 9 8 3 2 7 6 4 2 3 7 9 1 4 3 8 5 6 8 4 6 7 5 2 1 9 5 24 
9 4 3 6 2 1 7 5 8 8 5 6 7 3 9 4 1 2 1 7 2 4 5 8 9 3 6 3 4 5 2 8 7 6 9 1 7 9 1 5 4 6 8 2 3 6 2 8 1 9 3 5 4 7 4 1 9 8 7 2 3 6 5 2 3 7 9 6 5 1 8 4 5 8 6 3 1 4 2 7 9 3 21 
9 4 3 6 2 1 7 5 8 6 5 8 3 7 9 4 2 1 1 7 2 4 5 8 9 3 6 3 6 5 2 8 7 6 9 4 7 9 1 5 4 6 3 1 2 8 2 4 1 9 3 5 8 7 4 1 9 7 3 2 8 6 5 2 3 7 8 6 5 1 4 9 5 8 6 9 1 4 2 7 3 4 21 
1 4 3 9 6 8 7 5 2 9 5 2 7 3 1 4 8 6 6 7 8 4 2 5 9 3 1 3 6 5 2 4 7 6 9 8 7 9 1 5 8 6 1 2 3 8 2 4 1 9 3 5 4 7 5 1 9 8 7 2 3 6 4 2 3 7 6 5 4 8 1 9 4 8 6 3 1 9 2 7 5 4 20 
4 6 3 7 2 9 1 5 8 9 5 2 3 1 8 4 7 6 8 7 1 4 6 5 9 3 2 3 4 5 2 8 7 6 9 1 7 9 1 5 4 6 3 2 8 6 2 8 1 9 3 5 4 7 4 1 9 8 3 2 7 6 5 2 3 7 6 5 1 8 4 9 5 8 6 9 7 4 2 1 3 5 23 
6 4 3 7 2 8 7 5 1 5 9 1 3 6 9 4 8 2 2 7 8 4 1 5 9 3 6 3 6 5 2 4 7 6 9 8 7 4 1 5 9 6 1 2 3 9 2 8 1 8 3 5 4 7 5 1 9 3 7 2 8 6 4 2 3 7 8 6 5 3 1 9 4 8 6 9 1 4 2 7 5 17 27 
9 4 3 7 2 8 6 5 1 1 5 2 3 6 9 4 7 8 6 7 8 4 1 5 9 3 2 3 4 5 2 8 7 1 9 6 7 9 1 5 4 6 3 8 2 8 2 6 1 9 3 5 4 7 5 1 9 8 7 2 3 6 4 2 3 7 6 5 4 8 1 9 6 8 4 9 3 1 2 7 5 6 24 
4 9 3 6 8 1 6 5 1 6 5 2 7 3 9 4 7 8 1 7 8 4 2 5 9 3 2 3 4 5 2 4 7 6 9 1 7 9 1 5 9 6 3 8 2 6 2 8 1 8 3 5 4 7 4 1 9 7 4 2 7 6 3 2 3 7 3 6 8 1 8 9 5 8 6 9 5 1 2 4 5 28 27 
1 4 3 9 7 8 6 5 2 9 5 2 3 6 1 4 7 8 6 7 8 4 2 5 9 3 1 3 6 5 2 4 7 1 9 6 7 9 1 5 8 6 3 2 4 8 2 4 1 9 3 5 8 7 4 1 9 8 5 2 7 6 3 2 3 7 6 1 9 8 4 5 5 8 6 7 3 4 2 1 9 3 19 
9 4 3 8 2 1 7 5 6 8 5 6 3 7 9 4 1 2 1 7 2 4 6 5 9 3 8 3 6 5 2 4 7 6 9 1 7 9 1 5 8 6 3 2 4 4 2 8 1 9 3 5 8 7 5 1 9 7 4 2 8 6 3 2 3 7 6 5 8 1 4 9 6 8 4 9 3 1 2 7 5 5 21 
4 6 3 7 2 9 1 5 8 9 5 8 3 6 1 4 7 2 1 7 2 4 5 8 9 3 6 3 4 5 2 8 7 6 9 1 7 9 1 5 4 6 8 2 3 8 2 6 1 9 3 5 4 7 5 1 9 8 3 2 7 6 4 2 3 7 6 1 4 3 8 9 6 8 4 9 7 5 2 1 5 3 17 
4 6 3 7 1 9 7 5 8 9 5 2 6 3 8 4 2 1 1 7 8 4 2 5 9 3 6 3 4 5 2 8 7 6 9 1 7 9 1 5 4 6 3 8 2 8 2 6 1 9 3 5 4 7 4 1 9 7 5 2 8 6 3 2 3 7 8 6 9 1 4 5 5 8 6 3 4 1 2 7 9 10 26 
9 4 3 7 2 8 1 5 6 1 5 2 6 3 9 4 7 8 8 7 6 4 5 1 9 3 2 3 6 5 2 8 7 6 9 1 7 9 1 5 4 6 3 8 2 4 2 8 1 9 3 5 4 7 5 1 9 8 4 2 7 6 3 2 3 7 6 1 5 8 4 9 6 8 4 3 7 9 2 1 5 8 23 
1 4 3 7 2 9 6 5 8 9 5 2 3 6 8 4 7 1 6 7 8 4 1 5 9 3 2 3 6 5 2 4 7 1 9 6 7 9 1 5 8 6 3 2 4 8 2 4 1 9 3 5 8 7 4 1 9 8 3 2 7 6 5 2 3 7 6 5 4 8 1 9 5 8 6 9 7 1 2 4 3 3 16 
8 4 3 7 2 9 6 5 1 9 5 1 3 6 8 4 7 2 6 7 2 4 5 1 9 3 8 3 4 5 2 8 7 1 9 6 7 9 1 5 4 6 8 2 3 6 2 8 1 9 3 5 4 7 5 1 9 8 7 2 3 6 4 2 3 7 6 3 5 1 8 9 4 8 6 9 1 4 2 7 5 8 23 
9 4 3 7 2 8 1 5 6 6 5 8 9 3 1 4 7 2 1 7 2 4 6 5 9 3 8 3 6 5 2 4 7 6 9 1 7 9 1 5 8 6 3 2 4 8 2 4 1 9 3 5 8 7 4 1 9 8 5 2 7 6 3 2 3 7 6 1 9 8 4 5 5 8 6 3 7 4 2 1 9 3 15 
4 9 3 7 1 8 6 5 2 6 5 8 3 2 9 4 7 1 1 7 2 4 6 5 9 3 8 3 6 5 2 4 7 1 9 6 7 4 1 5 9 6 3 8 2 9 2 8 1 8 3 5 4 7 4 1 9 8 7 2 3 6 5 2 3 7 6 5 9 8 1 4 5 8 6 3 1 4 2 7 9 11 25 
6 4 3 7 1 9 1 5 8 9 5 1 6 3 8 4 7 2 8 7 2 4 2 5 9 3 6 3 6 5 2 4 7 6 9 1 7 9 1 5 8 6 3 4 2 4 2 8 1 9 3 5 8 7 5 1 9 3 4 2 7 6 5 2 3 7 8 6 5 8 4 9 4 8 6 9 7 1 2 1 3 14 25 
4 6 3 7 1 9 8 5 2 9 5 2 3 6 8 4 7 1 1 7 8 4 2 5 9 3 6 3 4 5 2 8 7 6 9 1 7 9 1 5 4 6 3 2 8 8 2 6 1 9 3 5 4 7 5 1 9 8 7 2 3 6 4 2 3 7 6 5 4 1 8 9 6 8 4 9 3 1 2 7 5 4 16 
8 4 3 6 7 9 6 5 1 9 5 2 3 1 8 4 7 2 1 7 6 4 2 5 9 3 8 3 6 5 2 4 7 1 9 6 7 9 1 5 9 6 3 2 8 4 2 8 1 8 3 5 4 7 5 1 9 8 3 2 7 6 4 2 3 7 9 6 4 3 8 5 6 8 4 7 5 1 2 1 9 11 23 
4 9 3 8 7 1 7 5 6 8 5 2 6 3 9 4 2 1 1 7 6 4 2 5 9 3 8 3 4 5 2 8 7 6 9 1 7 9 1 5 4 6 3 8 2 6 2 8 1 9 3 5 4 7 5 1 9 7 5 2 3 6 4 2 3 7 3 6 8 8 1 5 6 8 4 9 1 4 2 7 9 12 23 
4 9 3 6 7 8 7 5 1 1 5 6 3 2 9 4 2 8 8 7 2 4 5 1 9 3 6 3 4 5 2 8 7 6 9 8 7 9 1 5 9 6 3 1 2 6 2 8 1 4 3 5 4 7 5 1 9 8 3 2 8 6 5 2 3 7 9 6 5 1 4 9 6 8 4 7 1 4 2 7 3 16 24 
9 4 3 6 1 8 7 5 2 8 5 2 7 3 9 4 1 6 1 7 6 4 2 5 9 3 8 3 4 5 2 4 7 6 9 8 7 9 1 5 8 6 1 2 3 6 2 8 1 9 3 5 4 7 4 1 9 8 3 2 7 6 5 2 3 7 6 5 4 8 1 9 5 8 6 9 7 1 2 4 3 12 22 
9 4 3 6 1 8 7 5 2 5 6 2 7 3 9 4 8 1 1 7 8 4 2 5 9 3 6 3 4 5 2 8 7 6 9 8 7 9 1 5 4 6 3 1 2 8 2 6 1 9 3 5 4 7 5 1 9 8 7 2 8 6 5 2 3 7 9 6 4 1 4 9 6 8 4 3 5 1 2 7 3 12 22 
8 4 3 9 6 1 7 5 2 9 5 2 7 3 8 4 1 6 1 7 6 4 2 5 9 3 8 3 4 5 2 8 7 6 9 1 7 9 1 5 4 6 8 2 3 6 2 8 1 9 3 5 4 7 4 1 9 8 7 2 3 6 5 2 3 7 6 5 9 1 8 4 5 8 6 3 1 4 2 7 9 3 15 
4 6 3 7 1 8 7 5 2 9 5 2 6 3 9 4 1 8 1 7 8 4 2 5 9 3 6 3 4 5 2 8 7 6 9 1 7 9 1 5 4 6 8 2 3 8 2 6 1 9 3 5 4 7 5 1 9 8 7 2 3 6 4 2 3 7 9 6 4 1 8 5 6 8 4 3 5 1 2 7 9 3 14 
9 4 3 7 2 8 1 5 6 6 5 2 3 1 9 4 7 8 1 7 8 4 6 5 9 3 2 3 6 5 2 4 7 6 9 1 7 9 1 5 8 6 3 2 4 8 2 4 1 9 3 5 8 7 4 1 9 8 3 2 7 6 5 2 3 7 6 5 1 8 4 9 5 8 6 9 7 4 2 1 3 3 14 
1 4 3 6 2 9 7 5 8 9 5 2 7 3 8 4 1 6 6 7 8 4 5 1 9 3 2 3 6 5 2 4 7 6 9 1 7 9 1 5 8 6 3 2 4 8 2 4 1 9 3 5 8 7 4 1 9 8 7 2 3 6 5 2 3 7 9 6 5 8 4 1 5 8 6 3 1 4 2 7 9 5 21 
8 4 3 7 2 9 6 5 2 9 5 2 6 3 1 4 7 8 1 7 6 4 5 8 9 3 1 3 6 5 2 8 7 6 9 4 7 9 1 5 4 6 1 2 3 4 2 8 1 9 3 5 8 7 5 1 9 3 4 2 7 6 8 2 3 7 8 6 5 3 1 9 6 8 4 7 1 9 2 4 5 13 23 
9 4 3 6 7 8 1 5 2 6 5 2 3 1 9 4 7 8 1 7 8 4 2 5 9 3 6 3 6 5 2 4 7 6 9 1 7 9 1 5 8 6 3 2 4 8 2 4 1 9 3 5 8 7 4 1 9 8 5 2 7 6 3 2 3 7 9 6 1 8 4 5 5 8 6 7 3 4 2 1 9 3 13 
1 4 3 8 6 9 7 5 8 9 5 8 3 7 1 4 2 6 6 7 2 4 2 5 9 3 1 3 6 5 2 8 7 1 9 6 7 9 1 5 4 6 8 2 3 8 2 4 1 9 3 5 4 7 4 1 9 7 3 2 3 6 4 2 3 7 6 5 8 8 1 5 5 8 6 9 1 4 2 7 9 13 22 
4 9 3 9 2 1 8 5 6 1 5 6 3 7 8 4 7 2 2 7 8 4 6 5 9 3 1 3 6 5 2 8 7 6 9 1 7 9 1 5 4 6 3 2 8 8 2 4 1 9 3 5 4 7 5 1 9 7 5 2 7 6 3 2 3 7 8 3 9 1 8 9 6 8 4 6 1 4 2 4 5 19 25 
9 4 3 7 2 8 6 5 1 1 5 8 6 3 9 4 7 2 6 7 2 4 1 5 9 3 8 3 6 5 2 4 7 1 9 6 7 9 1 5 8 6 3 2 4 8 2 4 1 9 3 5 8 7 4 1 9 8 5 2 7 6 3 2 3 7 9 6 1 8 4 5 5 8 6 3 7 4 2 1 9 3 12 
6 4 3 8 2 9 7 5 6 5 9 2 3 7 5 4 1 2 1 7 8 4 6 1 9 3 8 3 4 5 2 8 7 6 9 4 7 9 1 5 4 6 1 2 3 8 2 6 1 9 3 5 8 7 4 1 9 8 3 2 3 6 4 2 3 7 6 1 5 1 8 9 5 8 6 9 7 4 2 7 5 24 24 
4 6 3 8 2 9 7 5 1 9 5 8 3 7 1 4 2 6 1 7 2 4 6 5 9 3 8 3 4 5 2 8 7 6 9 1 7 9 1 5 4 6 3 8 2 8 2 6 1 9 3 5 4 7 5 1 9 7 3 2 8 6 3 2 3 7 6 5 8 1 4 9 6 8 4 9 1 4 2 7 5 5 20 
9 4 3 6 2 8 7 5 1 1 5 2 3 7 9 4 8 6 6 7 8 4 1 5 9 3 2 3 6 5 2 4 7 6 9 1 7 4 1 5 9 6 3 2 8 9 2 8 1 8 3 5 4 7 4 1 9 8 5 2 3 6 4 2 3 7 9 6 1 8 1 9 5 8 6 7 3 4 2 7 5 13 22 
4 9 3 7 2 8 1 5 6 8 5 1 6 3 9 4 7 2 6 7 2 4 5 1 9 3 8 3 6 5 2 8 7 6 9 1 7 9 1 5 4 6 8 2 3 8 2 4 1 9 3 5 4 7 4 1 9 3 8 2 7 6 5 2 3 7 6 1 4 3 1 8 5 8 6 9 7 5 2 4 9 15 23 
1 4 3 8 2 9 1 5 6 9 6 8 3 7 5 4 7 8 5 7 2 4 6 1 9 3 2 3 4 5 2 8 7 6 9 1 7 9 1 5 4 6 8 2 3 8 2 6 1 9 3 5 4 7 5 1 9 7 8 2 7 6 3 2 3 7 6 5 4 8 1 5 6 8 4 9 3 1 2 4 9 16 22 
4 9 3 6 7 8 1 5 2 1 5 8 3 2 9 4 7 6 6 7 2 4 1 5 9 3 8 3 4 5 2 8 7 6 9 1 7 9 1 5 4 6 8 2 3 8 2 6 1 9 3 5 4 7 5 1 9 8 3 2 7 6 4 2 3 7 9 6 4 3 8 5 6 8 4 7 5 1 2 1 9 5 19 
6 4 3 9 2 1 7 5 8 9 5 2 3 7 8 4 1 6 1 7 8 4 6 5 9 3 2 3 6 5 2 4 7 6 9 1 7 9 1 5 8 6 3 2 4 8 2 4 1 9 3 5 8 7 4 1 9 7 5 2 8 6 3 2 3 7 8 3 9 1 4 5 5 8 6 6 1 4 2 7 9 5 18 
9 4 3 7 2 8 6 5 1 8 5 6 9 3 1 4 7 2 1 7 2 4 6 5 9 3 8 3 6 5 2 4 7 1 9 6 7 9 1 5 8 6 3 2 4 4 2 8 1 9 3 5 8 7 5 1 9 8 7 2 3 6 4 2 3 7 6 5 4 8 1 9 6 8 4 3 1 9 2 7 5 6 20 
1 4 3 6 2 9 7 5 8 9 5 2 3 7 8 4 1 6 8 7 6 4 1 5 9 3 2 3 4 5 2 8 7 6 9 1 7 9 1 5 4 6 8 2 3 6 2 8 1 9 3 5 4 7 5 1 9 7 8 2 3 6 4 2 3 7 6 5 4 1 8 9 4 8 6 9 3 1 2 7 5 5 18 
9 4 3 9 6 1 6 5 2 1 5 2 3 7 8 4 7 8 6 7 8 4 2 5 9 3 1 3 4 5 2 8 7 1 9 6 7 9 1 5 9 6 3 2 4 8 2 6 1 4 3 5 8 7 4 1 9 7 5 2 3 6 5 2 3 7 8 4 9 8 1 9 5 8 6 6 3 1 2 7 4 18 22 
6 4 3 7 2 9 1 5 2 9 5 2 3 6 1 4 7 8 1 7 8 4 5 8 9 3 6 3 6 5 2 8 7 6 9 4 7 9 1 5 4 6 3 2 1 8 2 4 1 9 3 5 8 7 4 1 9 8 7 2 7 6 3 2 3 7 6 9 5 8 1 5 5 8 6 3 1 4 2 4 9 11 21 
9 4 3 7 2 8 7 5 6 1 5 2 6 3 9 4 1 8 8 7 6 4 5 1 9 3 2 3 6 5 2 4 7 6 9 1 7 9 1 5 8 6 3 2 4 4 2 8 1 9 3 5 8 7 5 1 9 3 7 2 8 6 5 2 3 7 8 6 4 1 4 9 6 8 4 9 1 5 2 7 3 7 20 
4 6 3 9 7 8 1 5 2 9 5 2 3 6 1 4 7 8 1 7 8 4 2 5 9 3 6 3 4 5 2 8 7 6 9 1 7 9 1 5 4 6 8 2 3 8 2 6 1 9 3 5 4 7 5 1 9 8 3 2 7 6 4 2 3 7 6 1 9 3 8 5 6 8 4 7 5 4 2 1 9 3 12 
1 4 3 9 2 8 7 5 6 9 6 8 7 3 5 4 1 2 5 7 2 4 6 1 9 3 8 3 4 5 2 8 7 6 9 1 7 9 1 5 4 6 8 2 3 8 2 6 1 9 3 5 4 7 5 1 9 8 7 2 3 6 4 2 3 7 9 1 4 1 8 5 6 8 4 6 3 5 2 7 9 8 18 
2 4 3 7 6 9 1 5 8 9 5 8 3 2 1 4 7 6 1 7 6 4 5 8 9 3 2 3 6 5 2 4 7 6 9 1 7 9 1 5 8 6 3 2 4 8 2 4 1 9 3 5 8 7 5 1 9 8 4 2 7 6 3 2 3 7 6 1 9 8 4 5 4 8 6 7 3 5 2 1 9 8 18 
4 9 3 7 2 8 1 5 6 8 5 6 3 6 9 4 7 2 1 7 2 4 5 1 9 3 8 3 6 5 2 8 7 6 9 1 7 4 1 5 9 6 8 2 3 9 2 8 1 4 3 5 4 7 5 1 9 8 7 2 3 6 4 2 3 7 6 1 5 8 1 9 6 8 4 9 3 4 2 7 5 9 19 
1 4 3 9 2 8 7 5 6 9 5 6 3 7 1 4 2 8 8 7 2 4 6 5 9 3 1 3 4 5 2 8 7 6 9 1 7 9 1 5 4 6 8 2 3 6 2 8 1 9 3 5 4 7 5 1 9 7 4 2 8 6 3 2 3 7 8 3 9 1 4 5 6 8 4 6 1 5 2 7 9 12 21 
4 6 3 6 2 9 7 5 8 9 5 8 7 3 1 4 2 6 1 7 2 4 5 8 9 3 1 3 4 5 2 8 7 1 9 6 7 9 1 5 4 6 3 8 2 8 2 6 1 9 3 5 4 7 5 1 9 8 7 2 3 6 4 2 3 7 9 6 4 8 1 5 6 8 4 3 1 5 2 7 9 5 17 
9 4 3 7 2 8 1 5 6 1 5 2 6 3 9 4 7 8 8 7 6 4 1 5 9 3 2 3 4 5 2 8 7 6 9 1 7 9 1 5 4 6 8 2 3 6 2 8 1 9 3 5 4 7 4 1 9 8 5 2 7 6 5 2 3 7 9 6 1 3 8 4 5 8 6 3 7 4 2 1 9 5 17 
4 9 3 7 2 8 7 5 6 1 5 2 3 6 9 4 1 8 8 7 6 4 1 5 9 3 2 3 6 5 2 4 7 6 9 1 7 4 1 5 9 6 8 2 3 9 2 8 1 8 3 5 4 7 5 1 9 8 7 2 3 6 4 2 3 7 6 5 4 1 8 9 6 8 4 9 3 1 2 7 5 5 16 
1 4 3 6 2 9 7 5 8 9 5 2 7 3 8 4 1 6 6 7 8 4 1 5 9 3 2 3 4 5 2 8 7 6 9 1 7 9 1 5 4 6 8 2 3 8 2 6 1 9 3 5 4 7 4 1 9 8 7 2 3 6 5 2 3 7 3 5 4 1 8 9 5 8 6 9 6 1 2 7 4 5 14 
1 4 3 8 2 9 7 5 6 9 5 6 7 3 1 4 2 8 8 7 2 4 6 5 9 3 1 3 6 5 2 8 7 6 9 4 7 9 1 5 4 6 3 1 2 4 2 8 1 9 3 5 8 7 5 1 9 3 7 2 8 6 3 2 3 7 6 5 8 1 4 9 6 8 4 9 1 4 2 7 5 6 17 
4 6 3 7 2 9 1 5 8 1 9 8 3 6 5 4 7 2 5 7 2 4 1 8 9 3 6 3 4 5 2 8 7 6 9 1 7 9 1 5 9 6 3 2 4 8 2 6 1 4 3 5 8 7 4 1 9 8 3 2 7 6 5 2 3 7 6 5 1 8 4 9 5 8 6 9 7 4 2 1 3 7 17 
9 4 3 7 1 8 7 5 2 8 5 6 3 2 9 4 1 6 1 7 2 4 6 5 9 3 8 3 4 5 2 8 7 6 9 1 7 9 1 5 4 6 8 2 3 6 2 8 1 9 3 5 4 7 4 1 9 8 7 2 3 6 5 2 3 7 6 5 4 1 8 9 5 8 6 9 3 1 2 7 4 5 14 
4 6 3 7 2 8 6 5 1 9 5 8 3 1 9 4 7 2 1 7 2 4 6 5 9 3 8 3 4 5 2 8 7 1 9 6 7 9 1 5 4 6 3 2 8 8 2 6 1 9 3 5 4 7 5 1 9 8 3 2 7 6 3 2 3 7 6 5 4 8 1 9 6 8 4 9 7 1 2 4 5 7 17 
8 4 3 6 2 9 7 5 1 9 5 6 3 7 1 4 2 8 1 7 2 4 8 5 9 3 6 3 6 5 2 8 7 6 9 1 7 9 1 5 4 6 3 8 2 4 2 8 1 9 3 5 4 7 5 1 9 7 4 2 8 6 3 2 3 7 9 6 8 1 4 5 6 8 4 3 5 1 2 7 9 9 18 
8 4 3 7 2 9 6 5 1 9 5 1 3 6 8 4 7 2 6 7 2 4 5 1 9 3 8 3 6 5 2 4 7 8 9 6 7 9 1 5 8 6 1 2 3 8 2 4 1 9 3 5 4 7 5 1 9 8 7 2 7 6 3 2 3 7 9 1 4 8 4 5 4 8 6 6 3 5 2 1 9 12 20 
2 4 3 9 6 8 7 5 1 9 5 6 7 3 1 4 2 8 1 7 8 4 2 5 9 3 6 3 4 5 2 8 7 6 9 1 7 9 1 5 4 6 3 8 2 8 2 6 1 9 3 5 4 7 5 1 9 8 7 2 3 6 4 2 3 7 6 5 4 8 1 9 6 8 4 3 1 9 2 7 5 6 16 
4 6 3 8 2 9 7 5 1 9 5 2 3 7 1 4 8 6 1 7 8 4 6 5 9 3 2 3 4 5 2 8 7 6 9 1 7 9 1 5 4 6 3 2 8 8 2 6 1 9 3 5 4 7 5 1 9 7 8 2 3 6 4 2 3 7 6 5 4 8 1 9 6 8 4 9 3 1 2 7 5 5 14 
8 4 3 7 1 9 6 5 2 9 5 2 3 6 8 4 7 1 1 7 6 4 2 5 9 3 8 3 6 5 2 8 7 6 9 4 7 9 1 5 4 6 1 2 3 4 2 8 1 9 3 5 8 7 5 1 9 8 7 2 7 6 3 2 3 7 6 5 4 8 1 9 6 8 4 9 3 1 2 4 5 8 17 
8 4 3 7 2 9 1 5 6 9 5 1 3 6 8 4 7 2 6 7 2 4 1 5 9 3 8 3 6 5 2 4 7 6 9 1 7 9 1 5 8 6 3 2 4 4 2 8 1 9 3 5 8 7 4 1 9 8 5 2 7 6 3 2 3 7 6 3 1 8 4 9 5 8 6 9 7 4 2 1 5 7 16 
1 4 3 7 2 9 7 5 6 9 5 2 3 6 8 4 8 1 6 7 8 4 5 1 9 3 2 3 4 5 2 8 7 1 9 6 7 9 1 5 4 6 3 2 8 8 2 6 1 9 3 5 4 7 4 1 9 8 7 2 3 6 5 2 3 7 6 3 5 8 1 9 5 8 6 9 1 4 2 7 4 9 18 
8 4 3 6 1 9 7 5 2 9 5 2 7 3 8 4 1 6 1 7 6 4 2 5 9 3 8 3 4 5 2 8 7 6 9 1 7 9 1 5 4 6 8 2 3 6 2 8 1 9 3 5 4 7 5 1 9 8 7 2 3 6 4 2 3 7 9 6 4 1 8 5 4 8 6 3 5 1 2 7 9 3 12 
1 4 3 6 7 8 1 5 2 9 5 8 3 1 9 4 7 6 6 7 2 4 2 5 9 3 8 3 4 5 2 4 7 8 9 6 7 9 1 5 8 6 3 2 1 8 2 6 1 9 3 5 4 7 5 1 9 7 8 2 7 6 3 2 3 7 6 1 4 8 4 5 6 8 4 9 3 5 2 1 9 18 21 
4 6 3 7 9 8 1 5 2 9 5 8 3 2 1 4 7 6 1 7 2 4 6 5 9 3 8 3 4 5 2 8 7 6 9 1 7 9 1 5 4 6 3 2 4 8 2 6 1 9 3 5 8 7 5 1 9 8 3 2 7 6 5 2 3 7 6 5 1 8 4 9 6 8 4 9 7 4 2 1 3 7 15 
9 4 3 7 6 1 8 5 2 6 5 2 3 9 8 4 7 1 1 7 8 4 2 5 9 3 6 3 6 5 2 4 7 6 9 1 7 9 1 5 8 6 3 4 2 8 2 4 1 9 3 5 8 7 5 1 9 8 7 2 3 6 4 2 3 7 6 5 4 1 8 9 4 8 6 3 1 9 2 7 5 10 18 
4 6 3 7 2 9 1 5 8 9 5 2 3 1 8 4 7 6 1 7 8 4 6 5 9 3 2 3 4 5 2 8 7 6 9 1 7 9 1 5 4 6 8 2 3 8 2 6 1 9 3 5 4 7 5 1 9 8 3 2 7 6 4 2 3 7 6 5 1 3 8 9 6 8 4 9 7 4 2 1 5 3 11 
9 4 3 6 2 1 7 5 6 1 5 8 7 3 9 4 2 8 6 7 2 4 5 8 9 3 1 3 4 5 2 4 7 6 9 1 7 9 1 5 8 6 8 2 3 8 2 6 1 9 3 5 4 7 5 1 9 8 7 2 3 6 5 2 3 7 6 5 4 8 1 9 6 8 4 3 1 9 2 7 4 15 20 
4 6 3 9 2 1 7 5 8 9 5 8 3 7 8 4 1 6 1 7 2 4 6 5 9 3 2 3 4 5 2 8 7 6 9 1 7 9 1 5 9 6 3 2 4 8 2 6 1 4 3 5 8 7 5 1 9 7 4 2 8 6 3 2 3 7 8 6 9 1 4 5 6 8 4 3 5 1 2 7 9 9 17 
6 4 3 9 2 1 7 5 8 9 5 2 7 3 8 4 1 6 1 7 8 4 6 5 9 3 2 3 6 5 2 4 7 6 9 1 7 9 1 5 8 6 3 2 4 8 2 4 1 9 3 5 8 7 5 1 9 8 7 2 7 6 5 2 3 7 6 5 4 8 1 9 4 8 6 3 1 9 2 4 3 9 17 
9 4 3 9 2 1 7 5 6 1 5 6 7 3 8 4 8 2 8 7 2 4 6 5 9 3 1 3 6 5 2 8 7 6 9 1 7 9 1 5 4 6 8 2 3 4 2 8 1 9 3 5 4 7 5 1 9 8 7 2 3 6 4 2 3 7 6 5 4 8 1 9 6 8 4 3 1 9 2 7 5 7 15 
1 4 3 6 7 9 8 5 2 9 5 2 3 2 8 4 7 1 6 7 8 4 5 1 9 3 6 3 6 5 2 8 7 6 9 1 7 9 1 5 4 6 3 2 4 8 2 4 1 9 3 5 8 7 4 1 9 7 3 2 7 6 8 2 3 7 8 6 5 3 4 5 5 8 6 9 1 4 2 1 9 13 19 
6 4 3 9 2 1 7 5 6 9 5 8 7 3 8 4 1 2 1 7 2 4 6 5 9 3 8 3 6 5 2 8 7 6 9 1 7 9 1 5 4 6 8 2 3 8 2 4 1 9 3 5 4 7 4 1 9 8 7 2 3 6 5 2 3 7 6 5 4 1 8 9 5 8 6 3 1 9 2 7 4 5 14 
9 4 3 6 7 1 7 5 2 6 5 2 9 3 8 4 8 1 1 7 8 4 2 5 9 3 6 3 6 5 2 4 7 6 9 8 7 9 1 5 8 6 1 2 3 8 2 4 1 9 3 5 4 7 4 1 9 8 5 2 3 6 4 2 3 7 3 6 4 8 1 5 5 8 6 7 1 9 2 7 9 10 18 
4 9 3 7 2 8 6 5 1 1 5 8 6 3 9 4 7 2 6 7 2 4 1 5 9 3 8 3 6 5 2 8 7 6 9 4 7 9 1 5 4 6 1 2 3 8 2 4 1 9 3 5 8 7 5 1 9 8 7 2 3 6 4 2 3 7 9 6 4 8 1 5 6 8 4 3 5 1 2 7 9 10 18 
8 4 3 6 7 9 1 5 2 9 5 2 3 1 8 4 7 6 1 7 6 4 2 5 9 3 8 3 6 5 2 4 7 6 9 1 7 9 1 5 8 6 3 2 4 4 2 8 1 9 3 5 8 7 5 1 9 8 3 2 7 6 3 2 3 7 9 6 4 8 1 5 6 8 4 7 5 1 2 4 9 5 13 
6 4 3 7 2 9 1 5 8 9 5 2 3 1 8 4 7 6 1 7 8 4 6 5 9 3 2 3 4 5 2 8 7 6 9 1 7 9 1 5 4 6 8 2 3 6 2 8 1 9 3 5 4 7 4 1 9 8 7 2 3 6 5 2 3 7 6 5 4 8 1 9 5 8 6 9 3 1 2 7 4 6 14 
1 4 3 9 2 8 7 5 6 9 5 6 7 3 5 4 1 8 8 7 2 4 6 1 9 3 2 3 4 5 2 8 7 6 9 1 7 9 1 5 4 6 3 2 8 6 2 8 1 9 3 5 4 7 5 1 9 8 7 2 3 6 4 2 3 7 6 9 4 1 8 5 4 8 6 3 5 1 2 7 9 9 16 
4 6 3 9 6 1 7 5 2 9 5 2 7 3 8 4 8 1 1 7 8 4 2 5 9 3 6 3 4 5 2 8 7 6 9 8 7 9 1 5 4 6 1 2 3 8 2 6 1 9 3 5 4 7 5 1 9 3 8 2 3 6 4 2 3 7 6 4 5 8 1 9 6 8 4 9 7 1 2 7 5 12 17 
4 9 3 7 6 8 1 5 2 1 5 6 3 2 9 4 7 8 8 7 2 4 1 5 9 3 6 3 6 5 2 8 7 6 9 1 7 4 1 5 9 6 8 2 3 9 2 8 1 4 3 5 4 7 5 1 9 3 7 2 8 6 4 2 3 7 9 8 4 3 1 5 6 8 4 6 5 1 2 7 9 9 15 
6 4 3 7 2 8 1 5 6 5 9 2 3 6 9 4 7 8 1 7 8 4 5 1 9 3 2 3 6 5 2 8 7 6 9 4 7 4 1 5 9 6 1 2 3 9 2 8 1 4 3 5 8 7 4 1 9 8 3 2 3 6 5 2 3 7 6 1 5 8 4 9 5 8 6 9 7 4 2 7 1 14 19 
4 6 3 7 2 9 7 5 8 9 5 8 6 3 1 4 1 2 1 7 2 4 5 8 9 3 6 3 4 5 2 8 7 6 9 1 7 9 1 5 4 6 8 2 3 8 2 6 1 9 3 5 4 7 5 1 9 8 7 2 3 6 4 2 3 7 9 6 4 1 8 5 6 8 4 3 1 5 2 7 9 3 11 
4 9 3 9 2 8 1 5 2 8 5 2 7 3 1 4 7 6 1 7 6 4 6 5 9 3 8 3 6 5 2 8 7 6 9 4 7 4 1 5 9 6 3 2 1 9 2 8 1 4 3 5 8 7 5 1 9 8 7 2 7 6 3 2 3 7 6 5 4 8 1 5 4 8 6 3 1 9 2 4 9 14 19 

