MonoObjective Genetic Algorithm
Number of Evaluations = 0
Mutation Probability = 0.0100000000000000002
Crossover Probability = 0.5
Population Size = 100
Survival Selection Type = 16

Time =  300.06129900000002

Current Evaluation = 214100
Front Size = 100
4 6 3 9 2 1 7 5 8 9 5 2 7 3 8 4 1 6 1 7 8 4 6 5 9 3 2 3 4 5 2 8 7 6 9 1 7 9 1 5 4 6 8 2 3 8 2 6 1 9 3 5 4 7 5 1 9 8 7 2 3 6 4 2 3 7 6 5 4 1 8 9 6 8 4 3 1 9 2 7 5 1 13 
9 4 3 7 2 8 6 5 2 1 5 8 3 6 9 4 7 1 6 7 2 4 1 5 9 3 8 3 6 5 2 4 7 1 9 6 7 9 1 5 8 6 3 2 4 8 2 4 1 9 3 5 8 7 4 1 9 8 3 2 7 6 3 2 3 7 9 5 4 8 1 5 5 8 6 6 7 1 2 4 9 8 41 
4 6 3 7 2 9 1 5 8 9 5 1 3 6 8 4 7 2 8 7 2 4 5 1 9 3 6 3 4 5 2 8 7 6 9 1 7 9 1 5 9 6 3 2 4 6 2 8 1 4 3 5 8 7 4 1 9 8 3 2 7 6 5 2 3 7 6 1 5 8 4 9 5 8 6 9 7 4 2 1 3 5 31 
1 4 3 8 2 9 7 5 6 9 5 6 3 7 1 4 8 2 8 7 2 4 6 5 9 3 1 3 6 5 2 4 7 6 9 8 7 9 1 5 8 6 1 2 3 4 2 8 1 9 3 5 4 7 5 1 9 7 3 2 8 6 4 2 3 7 6 1 8 3 1 5 6 8 4 9 5 4 2 7 9 8 33 
6 4 3 7 2 8 6 5 1 5 9 2 3 1 9 4 7 2 8 7 1 4 6 5 9 3 8 3 6 5 2 4 7 6 9 8 7 4 1 5 9 6 3 1 2 9 2 8 1 8 3 5 4 7 5 1 9 8 7 2 3 6 5 2 3 7 9 1 4 1 8 9 4 8 6 3 6 5 2 7 4 25 34 
9 4 3 6 2 8 7 5 1 5 6 1 7 3 9 4 8 2 8 7 2 4 5 1 9 3 6 3 4 5 2 8 7 1 9 6 7 9 1 5 4 6 8 2 3 6 2 8 1 9 3 5 4 7 4 1 9 8 7 2 3 6 5 2 3 7 9 6 5 8 1 4 5 8 6 3 1 4 2 7 9 6 29 
4 9 3 7 6 8 1 5 2 1 6 2 9 3 5 4 7 8 5 7 8 4 2 1 9 3 6 3 6 5 2 4 7 6 9 8 7 4 1 5 9 6 3 2 1 9 2 8 1 8 3 5 4 7 5 1 9 7 3 2 8 6 4 2 3 7 8 9 4 3 1 5 6 8 4 6 1 5 2 7 9 16 32 
9 4 3 9 2 8 8 5 1 2 6 8 7 3 1 4 7 6 5 7 1 4 6 5 9 3 2 3 1 5 2 4 7 6 9 8 7 9 8 5 9 6 3 2 1 6 2 4 1 8 3 5 4 7 4 1 9 7 8 2 8 6 5 2 3 7 6 3 4 3 1 4 5 8 6 9 5 1 2 7 9 128 31 
9 4 3 6 7 8 8 5 2 6 5 8 3 2 9 4 7 1 1 7 2 4 5 1 9 3 6 3 4 5 2 8 7 6 9 1 7 9 1 5 4 6 3 2 8 6 2 8 1 9 3 5 4 7 5 1 9 8 3 2 7 6 4 2 3 7 9 1 4 3 8 5 4 8 6 7 6 5 2 1 9 10 28 
1 4 3 9 2 8 7 5 6 9 6 8 7 3 5 4 1 2 5 7 2 4 6 1 9 3 8 3 4 5 2 8 7 1 9 6 7 9 1 5 9 6 3 2 4 8 2 6 1 4 3 5 8 7 5 1 9 7 8 2 3 6 5 2 3 7 6 1 4 8 4 9 6 8 4 9 3 5 2 7 1 14 29 
1 4 3 6 2 9 7 5 8 9 5 2 3 7 8 4 1 6 6 7 8 4 5 1 9 3 2 3 6 5 2 4 7 6 9 1 7 9 1 5 8 6 3 2 4 8 2 4 1 9 3 5 8 7 4 1 9 7 3 2 8 6 5 2 3 7 8 6 5 1 4 9 5 8 6 9 1 4 2 7 3 3 24 
8 4 3 7 2 9 1 5 6 9 5 2 6 3 1 4 7 8 1 7 6 4 5 8 9 3 2 3 6 5 2 4 7 6 9 1 7 9 1 5 8 6 3 2 4 4 2 8 1 9 3 5 8 7 5 1 9 8 7 2 7 6 3 2 3 7 9 6 4 8 1 5 6 8 4 3 1 5 2 4 9 5 27 
4 9 3 7 1 8 6 5 2 1 5 6 3 2 9 4 7 8 8 7 2 4 6 5 9 3 1 3 6 5 2 8 7 1 9 6 7 4 1 5 9 6 8 2 3 9 2 8 1 4 3 5 4 7 5 1 9 8 7 2 3 6 4 2 3 7 6 5 4 1 8 9 6 8 4 9 3 1 2 7 5 5 27 
4 9 3 6 1 8 7 5 2 8 5 2 3 7 9 4 1 6 1 7 6 4 2 5 9 3 8 3 6 5 2 4 7 6 9 1 7 9 1 5 8 6 3 4 2 4 2 8 1 9 3 5 8 7 5 1 9 8 3 2 7 6 5 2 3 7 9 5 1 3 8 4 6 8 4 6 7 4 2 1 9 16 29 
1 4 3 7 2 9 6 5 8 9 5 2 3 6 8 4 7 1 8 7 6 4 1 5 9 3 2 3 4 5 2 8 7 1 9 6 7 9 1 5 4 6 8 2 3 6 2 8 1 9 3 5 4 7 4 1 9 8 7 2 3 6 5 2 3 7 6 5 4 8 1 9 5 8 6 9 3 1 2 7 4 5 25 
9 4 3 8 6 1 7 5 2 8 5 2 3 7 9 4 1 6 1 7 6 4 2 5 9 3 8 3 4 5 2 8 7 6 9 1 7 9 1 5 4 6 8 2 3 6 2 8 1 9 3 5 4 7 4 1 9 7 5 2 3 6 8 2 3 7 9 3 8 1 4 5 5 8 6 6 1 4 2 7 9 7 27 
1 4 3 8 7 9 6 5 2 9 5 2 6 3 1 4 7 8 6 7 8 4 2 5 9 3 1 3 4 5 2 4 7 6 9 1 7 9 1 5 8 6 3 8 2 8 2 6 1 9 3 5 4 7 5 1 9 8 3 2 7 6 5 2 3 7 6 1 5 8 4 9 6 8 4 9 7 4 2 1 3 16 27 
4 6 3 7 2 9 6 5 1 9 5 2 3 1 8 4 7 8 1 7 8 4 6 5 9 3 2 3 4 5 2 8 7 1 9 6 7 9 1 5 9 6 3 2 4 8 2 6 1 4 3 5 8 7 5 1 9 8 4 2 7 6 3 2 3 7 6 9 1 8 4 5 6 8 4 7 3 5 2 1 9 9 26 
1 4 3 7 6 9 8 5 2 9 5 8 3 2 1 4 7 6 6 7 2 4 5 8 9 3 1 3 6 5 2 8 7 6 9 4 7 9 1 5 4 6 1 2 3 8 2 4 1 9 3 5 8 7 4 1 9 8 3 2 7 6 5 2 3 7 9 1 5 3 4 8 5 8 6 6 7 4 2 1 9 6 25 
4 9 3 9 6 1 6 5 8 8 5 2 7 3 8 4 7 1 1 7 6 4 2 5 9 3 2 3 6 5 2 4 7 8 9 6 7 4 1 5 8 6 1 2 3 9 2 8 1 9 3 5 4 7 5 1 9 8 7 2 3 6 4 2 3 7 6 4 9 8 1 5 4 8 6 3 5 1 2 7 9 15 26 
9 4 3 6 7 1 8 5 2 2 5 1 8 3 9 4 7 6 8 7 6 4 2 5 9 3 1 3 6 5 2 4 7 6 9 8 7 9 1 5 8 6 3 1 2 8 2 4 1 9 3 5 4 7 5 1 9 8 7 2 3 6 5 2 3 7 9 6 5 1 8 4 4 8 6 3 1 4 2 7 9 16 26 
4 6 3 9 2 8 7 5 1 9 5 8 3 7 1 4 2 6 1 7 2 4 6 5 9 3 8 3 4 5 2 8 7 6 9 1 7 9 1 5 4 6 3 8 2 8 2 6 1 9 3 5 4 7 5 1 9 7 4 2 8 6 3 2 3 7 8 3 9 1 4 5 6 8 4 6 5 1 2 7 9 7 25 
6 4 3 9 7 8 1 5 2 9 5 2 3 6 1 4 7 8 1 7 8 4 2 5 9 3 6 3 6 5 2 4 7 6 9 1 7 9 1 5 8 6 3 2 4 8 2 4 1 9 3 5 8 7 4 1 9 8 5 2 7 6 3 2 3 7 6 1 9 8 4 5 5 8 6 7 3 4 2 1 9 3 23 
9 4 3 7 6 8 1 5 2 1 6 2 9 3 5 4 7 8 5 7 8 4 2 1 9 3 6 3 4 5 2 8 7 6 9 1 7 9 1 5 4 6 8 2 3 8 2 6 1 9 3 5 4 7 5 1 9 8 5 2 7 6 4 2 3 7 6 1 9 3 8 5 6 8 4 3 7 4 2 1 9 6 23 
6 4 3 9 2 8 7 5 1 9 5 2 7 3 1 4 8 6 1 7 8 4 6 5 9 3 2 3 6 5 2 4 7 6 9 8 7 9 1 5 8 6 1 2 3 8 2 4 1 9 3 5 4 7 4 1 9 8 7 2 3 6 5 2 3 7 6 5 9 8 1 4 5 8 6 3 1 4 2 7 9 4 22 
9 4 3 7 2 8 1 5 6 1 5 2 3 6 9 4 7 8 8 7 6 4 1 5 9 3 2 3 4 5 2 8 7 6 9 1 7 9 1 5 4 6 8 2 3 6 2 8 1 9 3 5 4 7 4 1 9 8 3 2 7 6 5 2 3 7 9 5 1 3 8 4 5 8 6 6 7 4 2 1 9 5 21 
4 9 3 6 2 8 7 5 1 1 5 2 3 7 9 4 8 6 8 7 6 4 5 1 9 3 2 3 6 5 2 4 7 6 9 8 7 4 1 5 9 6 1 2 3 9 2 8 1 8 3 5 4 7 5 1 9 7 3 2 8 6 4 2 3 7 8 6 5 3 1 9 6 8 4 9 1 4 2 7 5 6 22 
9 4 3 7 2 8 6 5 1 6 5 8 3 9 1 4 7 2 1 7 2 4 6 5 9 3 8 3 4 5 2 8 7 1 9 6 7 9 1 5 4 6 3 8 2 8 2 6 1 9 3 5 4 7 5 1 9 8 7 2 3 6 4 2 3 7 6 5 4 8 1 9 4 8 6 3 1 9 2 7 5 8 24 
9 4 3 6 2 1 7 5 8 6 5 8 7 3 9 4 1 2 1 7 2 4 5 8 9 3 6 3 6 5 2 8 7 6 9 1 7 9 1 5 4 6 8 2 3 8 2 4 1 9 3 5 4 7 5 1 9 8 7 2 3 6 4 2 3 7 9 6 4 1 8 5 4 8 6 3 1 5 2 7 9 3 20 
8 4 3 6 7 9 1 5 2 9 5 2 3 1 8 4 7 6 1 7 6 4 2 5 9 3 8 3 4 5 2 8 7 6 9 1 7 9 1 5 4 6 8 2 3 6 2 8 1 9 3 5 4 7 5 1 9 7 3 2 8 6 4 2 3 7 8 5 4 3 1 9 4 8 6 9 6 1 2 7 5 7 22 
4 6 3 7 1 9 8 5 2 9 5 2 3 6 8 4 7 1 1 7 8 4 2 5 9 3 6 3 4 5 2 4 7 6 9 8 7 9 1 5 8 6 1 2 3 8 2 6 1 9 3 5 4 7 5 1 9 8 3 2 7 6 4 2 3 7 6 5 1 3 8 9 6 8 4 9 7 4 2 1 5 5 21 
9 4 3 7 2 8 1 5 6 1 5 2 3 6 9 4 7 8 8 7 6 4 1 5 9 3 2 3 6 5 2 4 7 6 9 1 7 9 1 5 8 6 3 4 2 4 2 8 1 9 3 5 8 7 5 1 9 8 7 2 3 6 4 2 3 7 6 5 4 8 1 9 6 8 4 9 3 1 2 7 5 6 21 
4 6 3 7 2 9 1 5 8 9 5 8 3 6 1 4 7 2 1 7 2 4 5 8 9 3 6 3 4 5 2 8 7 6 9 1 7 9 1 5 4 6 8 2 3 8 2 6 1 9 3 5 4 7 5 1 9 8 3 2 7 6 4 2 3 7 9 1 4 3 8 5 6 8 4 6 7 5 2 1 9 3 20 
9 4 3 8 2 1 7 5 6 6 5 8 3 7 9 4 1 2 1 7 2 4 6 5 9 3 8 3 6 5 2 4 7 6 9 1 7 9 1 5 8 6 3 2 4 8 2 4 1 9 3 5 8 7 5 1 9 7 4 2 8 6 5 2 3 7 6 3 8 1 4 9 4 8 6 9 5 1 2 7 3 7 21 
9 4 3 6 1 8 7 5 2 8 5 2 7 3 9 4 1 6 1 7 6 4 2 5 9 3 8 3 4 5 2 8 7 6 9 1 7 9 1 5 4 6 8 2 3 6 2 8 1 9 3 5 4 7 5 1 9 8 7 2 3 6 4 2 3 7 9 6 4 1 8 5 6 8 4 3 5 1 2 7 9 3 17 
8 4 3 9 7 1 8 5 6 5 9 6 3 6 8 4 7 2 1 7 2 4 2 5 9 3 1 3 6 5 2 8 7 6 9 8 7 4 1 5 9 6 1 2 3 9 2 8 1 4 3 5 4 7 5 1 9 8 5 2 7 6 4 2 3 7 6 1 9 3 8 5 6 8 4 7 3 4 2 1 9 14 25 
6 4 3 7 2 9 1 5 8 9 5 2 3 1 8 4 7 6 1 7 8 4 6 5 9 3 2 3 6 5 2 4 7 6 9 1 7 9 1 5 8 6 3 2 4 8 2 4 1 9 3 5 8 7 4 1 9 8 3 2 7 6 5 2 3 7 6 5 1 8 4 9 5 8 6 9 7 4 2 1 3 3 16 
4 6 3 8 2 9 7 5 1 9 5 8 7 3 1 4 2 6 1 7 2 4 6 5 9 3 8 3 4 5 2 8 7 1 9 6 7 9 1 5 4 6 3 8 2 6 2 8 1 9 3 5 4 7 4 1 9 3 5 2 7 6 5 2 3 7 6 1 8 8 4 9 5 8 6 9 7 4 2 1 3 8 23 
4 9 3 7 2 1 6 5 8 1 5 6 9 3 8 4 7 2 8 7 2 4 6 5 9 3 1 3 6 5 2 8 7 1 9 6 7 9 1 5 4 6 8 2 3 8 2 4 1 9 3 5 4 7 4 1 9 8 5 2 3 6 4 2 3 7 6 1 9 8 1 5 5 8 6 3 7 4 2 7 9 12 23 
4 6 3 7 2 9 7 5 1 9 5 2 3 6 1 4 8 2 1 7 8 4 5 8 9 3 6 3 4 5 2 8 7 1 9 6 7 9 1 5 4 6 3 2 8 8 2 6 1 9 3 5 4 7 5 1 9 8 7 2 3 6 4 2 3 7 6 4 5 8 1 9 6 8 4 9 3 1 2 7 5 8 21 
4 9 3 7 6 1 6 5 2 8 5 2 9 3 8 4 7 1 1 7 6 4 2 5 9 3 8 3 4 5 2 8 7 1 9 6 7 9 1 5 4 6 3 8 2 6 2 8 1 9 3 5 4 7 5 1 9 3 8 2 3 6 4 2 3 7 6 1 5 8 1 9 6 8 4 9 7 4 2 7 5 15 24 
9 4 3 7 2 8 1 5 6 1 5 2 6 3 9 4 7 8 6 7 8 4 1 5 9 3 2 3 4 5 2 8 7 6 9 1 7 9 1 5 9 6 3 2 4 8 2 6 1 4 3 5 8 7 5 1 9 8 7 2 7 6 3 2 3 7 3 5 1 8 4 9 4 8 6 9 6 4 2 1 5 9 22 
1 4 3 9 2 8 7 5 6 9 6 8 7 3 5 4 1 2 5 7 2 4 6 1 9 3 8 3 4 5 2 8 7 6 9 1 7 9 1 5 4 6 8 2 3 6 2 8 1 9 3 5 4 7 4 1 9 8 7 2 3 6 5 2 3 7 6 5 4 1 8 9 5 8 6 3 1 9 2 7 4 4 19 
1 4 3 9 6 8 7 5 2 9 5 2 7 3 1 4 8 6 8 7 6 4 2 5 9 3 1 3 6 5 2 4 7 6 9 8 7 9 1 5 8 6 1 2 3 4 2 8 1 9 3 5 4 7 5 1 9 8 7 2 3 6 4 2 3 7 6 5 4 8 1 9 6 8 4 3 1 9 2 7 5 4 17 
6 4 3 7 2 9 6 5 1 9 5 2 8 3 1 4 7 8 1 7 8 4 6 5 9 3 2 3 6 5 2 8 7 1 9 6 7 9 1 5 4 6 8 2 3 8 2 4 1 9 3 5 4 7 4 1 9 3 7 2 7 6 5 2 3 7 9 1 8 3 8 4 5 8 6 6 5 4 2 1 9 10 21 
4 6 3 8 7 9 1 5 2 9 5 2 6 3 1 4 7 8 1 7 8 4 2 5 9 3 6 3 4 5 2 8 7 6 9 1 7 9 1 5 4 6 3 8 2 8 2 6 1 9 3 5 4 7 5 1 9 3 8 2 7 6 3 2 3 7 9 6 4 8 1 5 6 8 4 7 1 5 2 4 9 7 20 
9 4 3 6 7 8 7 5 2 1 5 6 3 2 9 4 1 8 8 7 2 4 5 1 9 3 6 3 4 5 2 8 7 1 9 6 7 9 1 5 4 6 8 2 3 6 2 8 1 9 3 5 4 7 5 1 9 7 4 2 3 6 4 2 3 7 8 6 5 1 8 9 6 8 4 3 1 9 2 7 5 12 21 
1 4 3 9 7 8 6 5 2 9 5 6 3 2 1 4 7 8 8 7 2 4 6 5 9 3 1 3 4 5 2 8 7 1 9 6 7 9 1 5 4 6 3 8 2 6 2 8 1 9 3 5 4 7 4 1 9 7 8 2 3 6 5 2 3 7 9 5 4 1 8 4 5 8 6 6 3 1 2 7 9 13 22 
8 4 3 9 2 1 7 5 6 9 5 6 7 3 8 4 2 1 1 7 2 4 6 5 9 3 8 3 4 5 2 8 7 1 9 6 7 9 1 5 4 6 3 8 2 6 2 8 1 9 3 5 4 7 4 1 9 8 7 2 3 6 5 2 3 7 6 5 9 8 1 4 5 8 6 3 1 4 2 7 9 5 19 
4 6 3 8 2 9 6 5 1 9 5 2 3 7 1 4 7 8 8 7 1 4 6 5 9 3 2 3 4 5 2 4 7 8 9 6 7 9 1 5 8 6 1 2 3 6 2 8 1 9 3 5 4 7 5 1 9 7 8 2 7 6 5 2 3 7 6 5 9 3 8 4 6 8 4 3 1 4 2 1 9 15 23 
6 4 3 8 2 9 7 5 1 5 9 2 7 3 1 4 8 6 1 7 8 4 6 5 9 3 2 3 6 5 2 4 7 6 9 1 7 4 1 5 9 6 3 8 2 9 2 8 1 8 3 5 4 7 5 1 9 8 7 2 7 6 3 2 3 7 6 5 4 8 1 9 4 8 6 9 3 1 2 4 5 16 24 
9 4 3 7 6 8 1 5 2 1 5 6 3 2 9 4 7 8 8 7 2 4 1 5 9 3 6 3 6 5 2 8 7 6 9 1 7 9 1 5 4 6 8 2 3 4 2 8 1 9 3 5 4 7 5 1 9 8 3 2 7 6 4 2 3 7 6 4 5 3 8 9 6 8 4 9 7 1 2 1 5 7 19 
9 4 3 6 2 1 6 5 8 6 5 2 3 7 9 4 7 1 1 7 8 4 5 8 9 3 2 3 6 5 2 4 7 1 9 6 7 9 1 5 9 6 8 2 3 8 2 4 1 8 3 5 4 7 4 1 9 7 3 2 8 6 4 2 3 7 8 5 4 3 1 9 5 8 6 9 6 1 2 7 5 16 23 
1 4 3 7 2 9 8 5 6 9 5 2 6 3 8 4 7 1 8 7 6 4 1 5 9 3 2 3 6 5 2 8 7 6 9 4 7 9 1 5 4 6 1 2 3 4 2 8 1 9 3 5 8 7 5 1 9 8 7 2 7 6 5 2 3 7 9 6 1 3 4 8 6 8 4 3 5 4 2 1 9 8 20 
8 4 3 6 1 9 6 5 2 5 9 2 7 3 8 4 7 8 6 7 1 4 2 5 9 3 1 3 6 5 2 8 7 1 9 6 7 4 1 5 9 6 8 2 3 9 2 8 1 4 3 5 4 7 4 1 9 8 7 2 3 6 5 2 3 7 9 6 4 8 1 9 5 8 6 3 5 1 2 7 4 14 22 
4 9 3 6 2 9 8 5 1 1 5 2 3 7 8 4 7 6 8 7 6 4 5 1 9 3 2 3 6 5 2 8 7 6 9 1 7 4 1 5 4 6 3 2 8 9 2 8 1 9 3 5 4 7 4 1 9 8 3 2 7 6 5 2 3 7 9 1 5 3 4 8 5 8 6 7 6 4 2 1 9 14 22 
9 4 3 7 2 1 6 5 8 1 5 8 3 6 9 4 7 2 6 7 2 4 5 8 9 3 1 3 6 5 2 4 7 1 9 6 7 9 1 5 8 6 3 2 4 8 2 4 1 9 3 5 8 7 4 1 9 8 3 2 7 6 5 2 3 7 6 1 5 8 4 9 5 8 6 9 7 4 2 1 3 3 16 
1 4 3 8 6 9 7 5 2 9 5 2 3 7 5 4 1 8 6 7 8 4 2 1 9 3 6 3 6 5 2 8 7 6 9 1 7 9 1 5 4 6 8 2 3 8 2 4 1 9 3 5 4 7 5 1 9 7 8 2 3 6 4 2 3 7 9 1 4 1 8 5 4 8 6 6 3 5 2 7 9 9 20 
4 6 3 9 7 8 1 5 2 9 5 2 3 6 1 4 7 8 1 7 8 4 2 5 9 3 6 3 4 5 2 8 7 6 9 1 7 9 1 5 4 6 8 2 3 8 2 6 1 9 3 5 4 7 5 1 9 8 5 2 7 6 4 2 3 7 6 1 4 3 8 9 6 8 4 7 3 9 2 1 5 3 16 
1 4 3 7 2 9 6 5 8 9 5 6 3 1 8 4 7 2 8 7 2 4 6 5 9 3 1 3 6 5 2 4 7 1 9 6 7 9 1 5 8 6 3 2 4 4 2 8 1 9 3 5 8 7 5 1 9 8 7 2 7 6 3 2 3 7 6 5 1 8 4 9 6 8 4 9 3 4 2 1 5 5 18 
4 9 3 7 2 8 1 5 6 8 5 6 9 3 1 4 7 2 1 7 2 4 6 5 9 3 8 3 6 5 2 8 7 6 9 1 7 4 1 5 9 6 8 2 3 9 2 8 1 4 3 5 4 7 5 1 9 8 7 2 3 6 4 2 3 7 6 5 4 8 1 9 6 8 4 3 1 9 2 7 5 5 17 
4 9 3 6 2 1 1 5 6 6 5 2 3 7 9 4 7 8 1 7 8 4 5 8 9 3 2 3 6 5 2 8 7 6 9 1 7 9 1 5 9 6 3 2 4 8 2 4 1 4 3 5 8 7 5 1 9 8 3 2 7 6 5 2 3 7 9 1 4 8 4 3 4 8 6 7 6 5 2 1 9 15 21 
9 4 3 7 6 8 1 5 2 5 6 2 9 3 1 4 7 8 1 7 8 4 2 5 9 3 6 3 4 5 2 8 7 6 9 1 7 9 1 5 4 6 8 2 3 6 2 8 1 9 3 5 4 7 4 1 9 8 7 2 3 6 5 2 3 7 6 5 9 8 1 4 5 8 6 3 1 4 2 7 9 6 18 
4 6 3 7 2 9 7 5 1 9 5 2 3 1 8 4 8 6 8 7 1 4 6 5 9 3 2 3 4 5 2 4 7 6 9 8 7 9 1 5 8 6 1 2 3 6 2 8 1 9 3 5 4 7 5 1 9 8 7 2 3 6 4 2 3 7 6 5 4 8 1 9 4 8 6 9 3 1 2 7 5 7 18 
4 9 3 6 2 1 7 5 8 8 5 2 7 3 9 4 1 6 1 7 6 4 5 8 9 3 2 3 6 5 2 4 7 6 9 1 7 4 1 5 9 6 8 2 3 9 2 8 1 8 3 5 4 7 5 1 9 8 7 2 3 6 4 2 3 7 9 6 4 1 8 5 6 8 4 3 1 5 2 7 9 3 15 
6 4 3 7 2 9 1 5 8 9 5 2 3 1 8 4 7 6 1 7 8 4 6 5 9 3 2 3 4 5 2 8 7 6 9 1 7 9 1 5 4 6 8 2 3 6 2 8 1 9 3 5 4 7 5 1 9 8 7 2 3 6 4 2 3 7 9 3 4 1 8 5 4 8 6 6 5 1 2 7 9 8 18 
9 4 3 7 2 8 1 5 6 6 5 8 3 1 9 4 7 2 1 7 2 4 6 5 9 3 8 3 6 5 2 4 7 6 9 1 7 9 1 5 8 6 3 2 4 8 2 4 1 9 3 5 8 7 4 1 9 8 3 2 7 6 5 2 3 7 6 5 4 8 1 9 5 8 6 9 7 1 2 4 3 3 13 
4 6 3 7 2 9 1 5 8 9 5 2 3 1 8 4 7 6 1 7 8 4 6 5 9 3 2 3 4 5 2 8 7 6 9 1 7 9 1 5 4 6 8 2 3 8 2 6 1 9 3 5 4 7 5 1 9 8 3 2 7 6 4 2 3 7 6 5 4 3 8 9 6 8 4 9 7 1 2 1 5 3 13 
4 6 3 8 2 9 7 5 1 9 5 2 3 7 1 4 8 6 1 7 8 4 6 5 9 3 2 3 4 5 2 8 7 6 9 8 7 9 1 5 4 6 1 2 3 8 2 6 1 9 3 5 4 7 5 1 9 7 3 2 8 6 5 2 3 7 6 5 8 3 1 4 6 8 4 9 1 4 2 7 9 7 17 
4 9 3 6 2 8 7 5 2 1 5 6 7 3 9 4 1 8 8 7 2 4 1 5 9 3 6 3 6 5 2 4 7 6 9 1 7 9 1 5 8 6 3 2 4 8 2 4 1 9 3 5 8 7 4 1 9 8 5 2 3 6 5 2 3 7 6 9 4 1 4 8 5 8 6 3 7 1 2 7 9 16 23 
1 4 3 9 6 8 7 5 8 9 5 8 7 3 1 4 2 6 6 7 2 4 2 5 9 3 1 3 4 5 2 8 7 1 9 6 7 9 1 5 4 6 3 8 2 8 2 6 1 9 3 5 4 7 5 1 9 8 7 2 3 6 4 2 3 7 6 4 9 8 1 5 6 8 4 3 5 1 2 7 9 9 20 
1 4 3 6 2 9 7 5 8 9 5 2 7 3 8 4 1 6 6 7 8 4 1 5 9 3 2 3 6 5 2 8 7 6 9 1 7 9 1 5 4 6 8 2 3 8 2 4 1 9 3 5 4 7 5 1 9 8 7 2 3 6 4 2 3 7 9 6 4 1 8 5 4 8 6 3 5 1 2 7 9 3 13 
6 4 3 7 2 9 1 5 8 9 5 8 6 3 1 4 7 2 1 7 2 4 5 8 9 3 6 3 6 5 2 8 7 6 9 4 7 9 1 5 4 6 3 2 1 8 2 4 1 9 3 5 8 7 4 1 9 8 7 2 7 6 5 2 3 7 9 6 4 8 1 3 5 8 6 3 1 5 2 4 9 7 17 
8 4 3 6 7 9 6 5 8 9 5 6 3 2 8 4 7 1 1 7 2 4 5 1 9 3 2 3 4 5 2 8 7 1 9 6 7 9 1 5 4 6 8 2 3 6 2 8 1 9 3 5 4 7 4 1 9 8 3 2 7 6 5 2 3 7 9 1 5 3 8 4 5 8 6 7 6 4 2 1 9 9 18 
4 6 3 9 2 1 7 5 8 9 5 2 7 3 8 4 1 6 8 7 1 4 6 5 9 3 2 3 4 5 2 8 7 1 9 6 7 9 1 5 4 6 3 2 4 6 2 8 1 9 3 5 8 7 4 1 9 8 5 2 3 6 5 2 3 7 9 6 4 1 8 4 5 8 6 3 7 1 2 7 9 16 20 
6 4 3 7 2 9 7 5 8 5 9 2 3 1 8 4 1 6 1 7 8 4 6 5 9 3 2 3 6 5 2 4 7 6 9 1 7 4 1 5 9 6 8 2 3 9 2 8 1 8 3 5 4 7 4 1 9 8 7 2 3 6 5 2 3 7 6 5 4 1 8 9 5 8 6 9 3 1 2 7 4 8 17 
4 9 3 6 2 8 7 5 1 1 5 6 7 3 9 4 8 2 8 7 2 4 1 5 9 3 6 3 4 5 2 8 7 6 9 1 7 9 1 5 4 6 3 2 8 6 2 8 1 9 3 5 4 7 5 1 9 8 7 2 3 6 4 2 3 7 9 6 4 8 1 5 6 8 4 3 5 1 2 7 9 5 16 
4 9 3 7 1 8 7 5 6 1 5 2 3 6 9 4 8 2 8 7 6 4 2 5 9 3 1 3 4 5 2 8 7 6 9 8 7 9 1 5 4 6 1 2 3 8 2 6 1 9 3 5 4 7 4 1 9 8 3 2 3 6 4 2 3 7 9 1 5 8 1 9 5 8 6 7 6 4 2 7 5 22 23 
1 4 3 7 2 9 6 5 8 9 5 8 6 3 1 4 7 2 6 7 2 4 8 5 9 3 1 3 6 5 2 4 7 1 9 6 7 9 1 5 8 6 3 2 4 8 2 4 1 9 3 5 8 7 4 1 9 8 5 2 7 6 3 2 3 7 3 6 4 8 1 9 5 8 6 9 7 1 2 4 5 7 16 
1 4 3 6 2 9 7 5 8 9 5 2 7 3 8 4 1 6 8 7 6 4 5 1 9 3 2 3 4 5 2 8 7 6 9 1 7 9 1 5 4 6 8 2 3 6 2 8 1 9 3 5 4 7 4 1 9 8 7 2 7 6 5 2 3 7 9 6 5 3 8 4 5 8 6 3 1 4 2 1 9 8 16 
4 6 3 6 1 9 7 5 2 9 5 2 7 3 8 4 1 6 1 7 8 4 2 5 9 3 8 3 6 5 2 4 7 6 9 1 7 9 1 5 8 6 3 4 2 8 2 4 1 9 3 5 8 7 4 1 9 8 7 2 7 6 3 2 3 7 6 3 4 8 1 5 5 8 6 9 1 5 2 4 9 19 22 
6 4 3 8 7 9 8 5 2 9 5 2 3 6 1 4 7 1 1 7 8 4 2 5 9 3 6 3 6 5 2 8 7 6 9 4 7 9 1 5 4 6 1 2 3 8 2 4 1 9 3 5 8 7 5 1 9 7 3 2 7 6 8 2 3 7 6 1 8 3 4 9 4 8 6 9 5 4 2 1 5 10 19 
6 4 3 8 2 1 7 5 8 9 5 2 7 3 9 4 1 6 1 7 8 4 6 5 9 3 2 3 6 5 2 4 7 6 9 1 7 9 1 5 8 6 3 4 2 8 2 4 1 9 3 5 8 7 5 1 9 7 8 2 3 6 4 2 3 7 6 5 4 1 8 9 4 8 6 9 3 1 2 7 5 12 19 
4 6 3 7 1 8 7 5 2 9 5 2 3 6 9 4 1 8 1 7 8 4 2 5 9 3 6 3 4 5 2 8 7 6 9 1 7 9 1 5 4 6 8 2 3 8 2 6 1 9 3 5 4 7 5 1 9 8 7 2 3 6 4 2 3 7 6 5 4 1 8 9 6 8 4 9 3 1 2 7 5 3 12 
4 6 3 9 2 8 7 5 1 9 5 8 7 3 1 4 2 6 1 7 2 4 6 5 9 3 8 3 4 5 2 8 7 6 9 1 7 9 1 5 4 6 3 8 2 8 2 6 1 9 3 5 4 7 5 1 9 8 7 2 3 6 4 2 3 7 6 5 4 8 1 9 6 8 4 3 1 9 2 7 5 3 12 
9 4 3 6 2 8 7 5 6 1 5 2 3 7 9 4 1 8 8 7 6 4 1 5 9 3 2 3 4 5 2 8 7 6 9 1 7 9 1 5 4 6 8 2 3 6 2 8 1 9 3 5 4 7 4 1 9 7 8 2 3 6 4 2 3 7 6 5 4 1 8 9 5 8 6 9 3 1 2 7 5 9 17 
1 4 3 6 7 9 6 5 8 9 5 2 3 1 8 4 7 2 6 7 8 4 2 5 9 3 1 3 6 5 2 4 7 1 9 6 7 9 1 5 8 6 3 2 4 8 2 4 1 9 3 5 8 7 5 1 9 8 5 2 8 6 3 2 3 7 9 6 1 1 4 5 4 8 6 7 3 4 2 7 9 12 19 
1 4 3 7 2 9 6 5 8 9 5 2 3 6 8 4 7 1 8 7 6 4 5 1 9 3 2 3 4 5 2 8 7 1 9 6 7 9 1 5 4 6 3 8 2 6 2 8 1 9 3 5 4 7 4 1 9 8 3 2 7 6 5 2 3 7 6 1 5 8 4 9 5 8 6 9 7 4 2 1 3 5 14 
8 4 3 7 2 9 1 5 6 9 5 1 6 3 5 4 7 8 6 7 2 4 1 8 9 3 2 3 4 5 2 8 7 6 9 1 7 9 1 5 4 6 8 2 3 6 2 8 1 9 3 5 4 7 4 1 9 8 5 2 7 6 3 2 3 7 9 6 1 8 4 5 5 8 6 3 7 4 2 1 9 9 17 
9 4 3 7 2 1 7 5 8 2 5 8 3 6 9 4 1 6 6 7 1 4 5 8 9 3 2 3 6 5 2 8 7 6 9 1 7 9 1 5 4 6 8 2 3 8 2 4 1 9 3 5 4 7 4 1 9 8 7 2 3 6 5 2 3 7 6 1 4 1 8 9 5 8 6 9 3 5 2 7 4 9 17 
9 4 3 9 2 1 6 5 8 6 5 2 3 7 8 4 7 1 1 7 8 4 6 5 9 3 2 3 6 5 2 4 7 1 9 6 7 9 1 5 8 6 3 2 4 8 2 4 1 9 3 5 8 7 4 1 9 8 5 2 7 6 3 2 3 7 6 1 9 8 4 5 5 8 6 7 3 4 2 1 9 5 13 
4 6 3 7 2 9 7 5 8 9 5 8 6 3 1 4 1 2 1 7 2 4 5 8 9 3 6 3 4 5 2 8 7 6 9 1 7 9 1 5 4 6 8 2 3 8 2 6 1 9 3 5 4 7 5 1 9 8 7 2 3 6 4 2 3 7 9 6 4 1 8 5 6 8 4 3 1 5 2 7 9 3 11 
4 6 3 7 2 9 1 5 8 9 5 1 3 6 8 4 7 2 8 7 2 4 1 5 9 3 6 3 4 5 2 8 7 6 9 1 7 9 1 5 4 6 8 2 3 6 2 8 1 9 3 5 4 7 4 1 9 8 3 2 7 6 5 2 3 7 6 5 1 3 8 4 5 8 6 9 7 4 2 1 9 5 12 
8 4 3 6 2 1 7 5 1 5 9 2 7 3 9 4 2 6 6 7 1 4 5 8 9 3 8 3 4 5 2 8 7 1 9 6 7 9 1 5 4 6 3 8 2 6 2 8 1 9 3 5 4 7 4 1 9 8 7 2 7 6 5 2 3 7 9 6 4 3 8 9 5 8 6 3 1 5 2 1 4 19 20 
1 4 3 7 6 9 6 5 8 9 5 2 3 1 8 4 7 2 6 7 8 4 2 5 9 3 1 3 6 5 2 4 7 1 9 6 7 9 1 5 8 6 3 2 4 8 2 4 1 9 3 5 8 7 4 1 9 8 7 2 7 6 3 2 3 7 6 5 4 8 1 5 5 8 6 9 3 1 2 4 9 8 13 
4 9 3 7 2 8 6 5 1 1 5 2 6 3 9 4 7 8 8 7 6 4 1 5 9 3 2 3 6 5 2 8 7 6 9 1 7 9 1 5 4 6 8 2 3 4 2 8 1 9 3 5 4 7 5 1 9 8 5 2 7 6 3 2 3 7 6 1 4 8 4 9 6 8 4 7 3 9 2 1 5 17 19 
9 4 3 6 1 8 7 5 2 8 5 2 7 3 9 4 1 6 1 7 6 4 2 5 9 3 8 3 4 5 2 4 7 6 9 8 7 9 1 5 8 6 1 2 3 6 2 8 1 9 3 5 4 7 4 1 9 8 5 2 7 6 3 2 3 7 9 6 4 8 1 5 5 8 6 3 7 1 2 4 9 10 14 
4 9 3 6 1 8 7 5 2 8 5 2 3 7 9 4 1 6 1 7 6 4 2 5 9 3 8 3 6 5 2 4 7 6 9 1 7 9 1 5 8 6 3 4 2 4 2 8 1 9 3 5 8 7 5 1 9 7 8 2 3 6 4 2 3 7 6 5 4 1 8 9 6 8 4 9 3 1 2 7 5 10 13 
1 4 3 7 2 9 8 5 6 9 5 2 6 3 8 4 7 1 6 7 8 4 1 5 9 3 2 3 6 5 2 8 7 6 9 1 7 9 1 5 4 6 3 2 4 8 2 4 1 9 3 5 8 7 5 1 9 8 7 2 7 6 3 2 3 7 9 6 4 1 8 5 4 8 6 3 5 1 2 4 9 8 12 
9 4 3 7 1 8 6 5 2 1 5 2 6 3 9 4 7 8 6 7 8 4 2 5 9 3 1 3 6 5 2 4 7 1 9 6 7 9 1 5 8 6 3 2 4 8 2 4 1 9 3 5 8 7 4 1 9 8 5 2 7 6 3 2 3 7 9 6 4 8 1 5 5 8 6 3 7 1 2 4 9 3 11 

