MonoObjective Genetic Algorithm
Number of Evaluations = 0
Mutation Probability = 0.0100000000000000002
Crossover Probability = 0.5
Population Size = 100
Survival Selection Type = 16

Time =  300.044991999999979

Current Evaluation = 201500
Front Size = 100
4 6 3 9 2 1 7 5 8 9 5 2 7 3 8 4 1 6 1 7 8 4 6 5 9 3 2 3 4 5 2 8 7 6 9 1 7 9 1 5 4 6 8 2 3 8 2 6 1 9 3 5 4 7 5 1 9 8 7 2 3 6 4 2 3 7 6 5 4 1 8 9 6 8 4 3 1 9 2 7 5 1 19 
8 4 3 7 6 9 1 5 2 5 9 2 3 8 1 4 7 6 6 7 1 4 2 5 9 3 8 3 6 5 2 8 7 6 9 4 7 4 1 5 9 6 3 2 1 9 2 8 1 4 3 5 8 7 4 1 9 8 5 2 7 6 3 2 3 7 9 6 1 8 4 5 5 8 6 7 3 4 2 1 9 11 44 
9 4 3 9 2 8 8 5 1 5 6 8 7 3 1 4 7 6 2 7 1 4 6 5 9 3 2 3 1 5 2 4 7 6 9 8 7 9 8 5 9 6 3 2 1 6 2 4 1 8 3 5 4 7 4 1 9 7 8 2 8 6 5 2 3 7 6 3 4 3 1 4 5 8 6 9 5 1 2 7 9 128 36 
9 4 3 6 2 8 7 5 1 1 5 8 7 3 9 4 2 6 6 7 2 4 5 1 9 3 8 3 6 5 2 8 7 6 9 4 7 9 1 5 4 6 3 1 2 8 2 4 1 9 3 5 8 7 4 1 9 3 7 2 8 6 5 2 3 7 8 6 5 1 4 9 5 8 6 9 1 4 2 7 3 4 32 
6 4 3 9 7 8 1 5 2 9 5 2 3 6 1 4 7 8 1 7 8 4 2 5 9 3 6 3 6 5 2 4 7 6 9 1 7 9 1 5 8 6 3 2 4 8 2 4 1 9 3 5 8 7 4 1 9 8 3 2 7 6 5 2 3 7 6 5 4 8 1 9 5 8 6 7 1 9 2 4 3 3 30 
9 4 3 7 2 1 6 5 8 6 5 2 9 3 8 4 7 1 1 7 8 4 6 5 9 3 2 3 6 5 2 4 7 1 9 6 7 9 1 5 8 6 3 2 4 8 2 4 1 9 3 5 8 7 4 1 9 8 5 2 7 6 3 2 3 7 6 1 9 8 4 5 5 8 6 3 7 4 2 1 9 3 26 
4 6 3 7 2 9 1 5 8 9 5 8 3 6 1 4 7 2 1 7 2 4 5 8 9 3 6 3 4 5 2 8 7 6 9 1 7 9 1 5 4 6 8 2 3 8 2 6 1 9 3 5 4 7 5 1 9 8 3 2 7 6 4 2 3 7 9 1 4 3 8 5 6 8 4 6 7 5 2 1 9 3 24 
4 9 3 6 1 8 7 5 2 8 5 2 7 3 9 4 1 6 1 7 6 4 2 5 9 3 8 3 6 5 2 4 7 6 9 1 7 4 1 5 9 6 8 2 3 9 2 8 1 8 3 5 4 7 5 1 9 8 7 2 3 6 4 2 3 7 9 6 4 1 8 5 6 8 4 3 5 1 2 7 9 3 23 
9 4 3 7 6 8 1 5 2 1 5 8 3 2 9 4 7 6 6 7 2 4 5 1 9 3 8 3 6 5 2 4 7 6 9 1 7 9 1 5 8 6 3 2 4 8 2 4 1 9 3 5 8 7 4 1 9 8 3 2 7 6 5 2 3 7 6 1 5 8 4 9 5 8 6 9 7 4 2 1 3 3 20 
4 9 3 7 2 8 6 5 1 8 5 6 3 1 9 4 7 2 1 7 2 4 6 5 9 3 8 3 4 5 2 8 7 1 9 6 7 9 1 5 9 6 3 2 4 6 2 8 1 4 3 5 8 7 5 1 9 8 7 2 7 6 3 2 3 7 6 5 4 8 1 5 6 8 4 9 3 1 2 4 9 9 29 
1 4 3 8 2 9 7 5 6 9 5 6 3 7 1 4 2 8 8 7 2 4 6 5 9 3 1 3 6 5 2 4 7 6 9 8 7 9 1 5 8 6 3 1 2 4 2 8 1 9 3 5 4 7 5 1 9 7 8 2 3 6 4 2 3 7 9 3 4 1 8 5 6 8 4 6 1 5 2 7 9 10 29 
8 4 3 7 2 9 7 5 6 9 5 2 6 3 8 4 1 2 1 7 6 4 5 1 9 3 8 3 6 5 2 4 7 6 9 1 7 9 1 5 8 6 3 2 4 4 2 8 1 9 3 5 8 7 5 1 9 8 7 2 8 6 3 2 3 7 9 6 5 1 4 9 6 8 4 3 1 4 2 7 5 9 26 
9 4 3 6 2 1 7 5 8 6 5 8 7 3 9 4 1 2 1 7 2 4 5 8 9 3 6 3 6 5 2 8 7 6 9 1 7 9 1 5 4 6 8 2 3 8 2 4 1 9 3 5 4 7 5 1 9 8 7 2 3 6 4 2 3 7 9 6 4 1 8 5 4 8 6 3 1 5 2 7 9 3 20 
9 4 3 7 6 8 1 5 2 1 5 6 3 2 9 4 7 8 8 7 2 4 1 5 9 3 6 3 6 5 2 8 7 6 9 1 7 9 1 5 4 6 8 2 3 4 2 8 1 9 3 5 4 7 5 1 9 8 7 2 3 6 4 2 3 7 6 5 4 8 1 9 6 8 4 9 3 1 2 7 5 5 25 
4 9 3 9 2 1 7 5 6 6 5 1 7 3 8 4 2 8 8 7 2 4 6 5 9 3 1 3 6 5 2 8 7 6 9 4 7 4 1 5 9 6 3 1 2 9 2 8 1 4 3 5 8 7 4 1 9 8 5 2 7 6 5 2 3 7 6 1 4 1 8 9 5 8 6 3 7 9 2 4 3 13 29 
9 4 3 7 2 9 7 5 6 1 5 2 3 6 8 4 8 1 6 7 8 4 5 1 9 3 2 3 4 5 2 8 7 1 9 6 7 9 1 5 9 6 8 2 3 8 2 6 1 4 3 5 4 7 4 1 9 8 7 2 3 6 5 2 3 7 9 1 4 8 1 4 5 8 6 6 3 5 2 7 9 15 28 
6 4 3 9 7 1 8 5 2 1 9 8 3 2 5 4 7 6 5 7 2 4 6 8 9 3 1 3 4 5 2 8 7 6 9 1 7 9 1 5 4 6 3 2 8 6 2 8 1 9 3 5 4 7 4 1 9 7 3 2 7 6 5 2 3 7 8 5 9 1 8 9 5 8 6 6 1 4 2 4 3 13 27 
9 4 3 8 7 9 1 5 6 1 5 2 6 3 5 4 7 8 8 7 6 4 2 1 9 3 2 3 4 5 2 8 7 6 9 1 7 9 1 5 9 6 8 2 3 8 2 6 1 4 3 5 4 7 5 1 9 3 8 2 7 6 5 2 3 7 9 6 1 3 4 8 6 8 4 7 5 4 2 1 9 16 28 
8 4 3 9 7 1 6 5 2 9 5 2 3 6 8 4 7 1 1 7 6 4 2 5 9 3 8 3 4 5 2 8 7 1 9 6 7 9 1 5 4 6 8 2 3 6 2 8 1 9 3 5 4 7 5 1 9 8 5 2 7 6 4 2 3 7 6 1 4 3 8 9 4 8 6 7 3 9 2 1 5 5 25 
4 9 3 7 2 9 6 5 1 8 5 1 8 3 5 4 7 2 6 7 2 4 6 1 9 3 8 3 6 5 2 4 7 1 9 6 7 4 1 5 8 6 3 4 2 9 2 8 1 9 3 5 8 7 4 1 9 3 7 2 8 6 5 2 3 7 6 1 8 3 1 4 5 8 6 9 5 4 2 7 9 18 28 
4 6 3 7 2 9 1 5 8 9 5 1 6 3 8 4 7 2 8 7 2 4 1 5 9 3 6 3 4 5 2 8 7 6 9 1 7 9 1 5 4 6 3 8 2 6 2 8 1 9 3 5 4 7 4 1 9 8 5 2 7 6 3 2 3 7 9 6 4 8 1 5 5 8 6 3 7 1 2 4 9 5 23 
4 9 3 7 6 1 7 5 8 6 5 8 9 3 8 4 1 2 1 7 2 4 2 5 9 3 6 3 4 5 2 8 7 6 9 1 7 9 1 5 9 6 3 2 4 8 2 6 1 4 3 5 8 7 5 1 9 3 4 2 8 6 5 2 3 7 8 6 5 1 4 9 6 8 4 9 7 1 2 7 3 15 26 
1 4 3 9 2 1 7 5 2 9 5 6 3 7 5 4 8 1 8 7 2 4 6 8 9 3 6 3 6 5 2 4 7 6 9 8 7 4 1 5 9 6 1 2 3 9 2 8 1 8 3 5 4 7 4 1 9 7 3 2 7 6 5 2 3 7 8 5 4 3 8 4 5 8 6 6 1 9 2 1 9 21 26 
4 9 3 7 2 8 1 5 6 6 5 2 9 3 1 4 7 8 1 7 8 4 6 5 9 3 2 3 6 5 2 4 7 6 9 1 7 4 1 5 9 6 8 2 3 9 2 8 1 8 3 5 4 7 4 1 9 8 3 2 7 6 5 2 3 7 6 1 9 3 8 4 5 8 6 7 5 4 2 1 9 9 24 
8 4 3 9 2 1 7 5 6 9 5 6 7 3 8 4 1 2 1 7 2 4 6 5 9 3 8 3 4 5 2 8 7 6 9 1 7 9 1 5 4 6 8 2 3 6 2 8 1 9 3 5 4 7 4 1 9 8 7 2 3 6 5 2 3 7 6 5 9 1 8 4 5 8 6 3 1 4 2 7 9 3 17 
9 4 3 7 1 8 6 5 2 1 5 2 6 3 9 4 7 8 6 7 8 4 2 5 9 3 1 3 4 5 2 8 7 1 9 6 7 9 1 5 4 6 8 2 3 8 2 6 1 9 3 5 4 7 4 1 9 8 5 2 7 6 4 2 3 7 9 6 1 3 8 5 5 8 6 3 7 4 2 1 9 5 23 
9 4 3 7 2 8 6 5 1 1 5 8 6 3 9 4 7 2 6 7 2 4 1 5 9 3 8 3 6 5 2 4 7 1 9 6 7 9 1 5 8 6 3 2 4 8 2 4 1 9 3 5 8 7 4 1 9 8 5 2 7 6 3 2 3 7 9 6 4 8 1 5 5 8 6 3 7 1 2 4 9 3 17 
1 4 3 7 2 9 8 5 6 9 5 2 3 6 8 4 7 1 6 7 8 4 5 1 9 3 2 3 6 5 2 4 7 6 9 8 7 9 1 5 8 6 1 2 3 8 2 4 1 9 3 5 4 7 5 1 9 8 3 2 7 6 4 2 3 7 6 1 4 3 8 9 4 8 6 9 7 5 2 1 5 6 23 
2 4 3 6 1 9 7 5 8 9 5 6 3 7 8 4 1 2 1 7 8 4 2 5 9 3 6 3 6 5 2 8 7 6 9 4 7 9 1 5 4 6 3 1 2 8 2 4 1 9 3 5 8 7 4 1 9 8 3 2 8 6 3 2 3 7 9 6 1 1 4 5 5 8 6 7 5 4 2 7 9 13 25 
4 9 3 7 2 1 6 5 8 8 5 2 3 6 9 4 7 1 1 7 6 4 5 8 9 3 2 3 6 5 2 8 7 1 9 6 7 4 1 5 9 6 8 2 3 9 2 8 1 4 3 5 4 7 5 1 9 8 3 2 7 6 4 2 3 7 6 1 5 3 8 9 6 8 4 9 7 4 2 1 5 5 22 
4 6 3 7 2 9 7 5 2 9 5 8 3 6 1 4 1 6 1 7 2 4 5 8 9 3 8 3 6 5 2 8 7 6 9 4 7 4 1 5 4 6 1 2 3 9 2 8 1 9 3 5 8 7 4 1 9 8 5 2 3 6 5 2 3 7 6 9 4 8 4 1 5 8 6 7 3 1 2 7 9 22 25 
9 4 3 6 7 8 1 5 2 8 5 2 3 1 9 4 7 6 1 7 6 4 2 5 9 3 8 3 6 5 2 4 7 6 9 1 7 9 1 5 8 6 3 2 4 4 2 8 1 9 3 5 8 7 5 1 9 8 5 2 7 6 3 2 3 7 9 6 4 8 1 5 6 8 4 7 3 1 2 4 9 5 21 
6 4 3 6 2 8 7 5 8 9 5 2 7 3 9 4 1 2 1 7 8 4 1 5 9 3 6 3 6 5 2 8 7 1 9 6 7 4 1 5 4 6 3 8 2 9 2 8 1 9 3 5 4 7 4 1 9 8 7 2 7 6 8 2 3 7 6 5 1 3 1 5 5 8 6 9 3 4 2 4 9 28 25 
9 4 3 6 7 8 7 5 2 8 5 2 3 2 9 4 1 6 1 7 6 4 1 5 9 3 8 3 4 5 2 8 7 8 9 6 7 9 1 5 4 6 3 2 1 6 2 8 1 9 3 5 4 7 4 1 9 7 3 2 3 6 5 2 3 7 8 6 1 1 8 9 5 8 6 9 5 4 2 7 4 15 24 
9 4 3 6 8 9 7 5 1 1 6 2 7 3 5 4 8 2 5 7 8 4 2 1 9 3 6 3 4 5 2 8 7 6 9 1 7 9 1 5 4 6 8 2 3 6 2 8 1 9 3 5 4 7 5 1 9 8 7 2 7 6 3 2 3 7 9 6 5 8 4 9 4 8 6 3 1 4 2 1 5 17 24 
9 4 3 8 2 1 7 5 6 8 5 6 3 7 9 4 2 1 1 7 2 4 6 5 9 3 8 3 6 5 2 8 7 6 9 4 7 9 1 5 4 6 3 1 2 4 2 8 1 9 3 5 8 7 5 1 9 7 4 2 8 6 3 2 3 7 6 5 8 1 4 9 6 8 4 9 3 1 2 7 5 6 23 
4 6 3 7 2 9 1 5 8 9 5 2 3 1 8 4 7 6 1 7 8 4 6 5 9 3 2 3 4 5 2 8 7 6 9 1 7 9 1 5 4 6 3 8 2 8 2 6 1 9 3 5 4 7 5 1 9 8 3 2 7 6 5 2 3 7 6 5 1 8 4 9 6 8 4 9 7 4 2 1 3 5 20 
6 4 3 9 2 8 7 5 1 9 5 8 7 3 1 4 2 6 1 7 2 4 6 5 9 3 8 3 6 5 2 8 7 1 9 6 7 9 1 5 4 6 3 8 2 8 2 4 1 9 3 5 4 7 5 1 9 8 7 2 3 6 4 2 3 7 6 5 4 8 1 9 4 8 6 3 1 9 2 7 5 5 20 
4 6 3 9 7 8 1 5 2 9 5 8 3 2 1 4 7 6 1 7 2 4 6 5 9 3 8 3 4 5 2 8 7 6 9 1 7 9 1 5 4 6 8 2 3 8 2 6 1 9 3 5 4 7 5 1 9 8 3 2 7 6 4 2 3 7 6 5 4 3 8 9 6 8 4 7 1 9 2 1 5 3 16 
1 4 3 8 7 9 7 5 2 9 5 2 3 6 5 4 1 8 6 7 8 4 2 1 9 3 6 3 6 5 2 8 7 6 9 1 7 9 1 5 4 6 8 2 3 8 2 4 1 9 3 5 4 7 4 1 9 7 8 2 3 6 5 2 3 7 6 5 4 1 8 9 5 8 6 9 3 1 2 7 4 8 23 
1 4 3 7 2 9 6 5 8 9 5 2 6 3 8 4 7 1 8 7 6 4 1 5 9 3 2 3 4 5 2 8 7 1 9 6 7 9 1 5 4 6 8 2 3 6 2 8 1 9 3 5 4 7 5 1 9 8 7 2 3 6 4 2 3 7 9 6 4 8 1 5 4 8 6 3 5 1 2 7 9 5 19 
1 4 3 7 2 9 6 5 8 9 5 2 3 6 8 4 7 1 6 7 8 4 1 5 9 3 2 3 6 5 2 4 7 1 9 6 7 9 1 5 8 6 3 2 4 8 2 4 1 9 3 5 8 7 4 1 9 8 3 2 7 6 5 2 3 7 6 5 1 8 4 9 5 8 6 9 7 4 2 1 3 3 14 
1 4 3 9 7 8 6 5 2 9 5 6 3 2 1 4 7 8 8 7 2 4 6 5 9 3 1 3 6 5 2 4 7 1 9 6 7 9 1 5 8 6 3 2 4 4 2 8 1 9 3 5 8 7 4 1 9 8 5 2 7 6 3 2 3 7 6 1 9 8 4 5 5 8 6 7 3 4 2 1 9 5 18 
9 4 3 6 7 1 8 5 2 8 5 6 3 2 9 4 7 1 1 7 2 4 5 8 9 3 6 3 6 5 2 4 7 6 9 8 7 9 1 5 8 6 1 2 3 4 2 8 1 9 3 5 4 7 5 1 9 8 3 2 7 6 4 2 3 7 9 6 4 3 8 5 6 8 4 7 1 5 2 1 9 6 20 
9 4 3 8 2 1 7 5 6 6 5 2 3 7 9 4 8 1 1 7 8 4 6 5 9 3 2 3 4 5 2 4 7 6 9 8 7 9 1 5 8 6 1 2 3 8 2 6 1 9 3 5 4 7 5 1 9 7 8 2 3 6 4 2 3 7 6 5 4 8 1 9 6 8 4 9 3 1 2 7 5 7 21 
4 9 3 6 7 8 6 5 8 1 5 8 3 1 9 4 7 1 6 7 2 4 2 5 9 3 2 3 6 5 2 4 7 1 9 6 7 9 1 5 9 6 3 2 4 8 2 4 1 8 3 5 8 7 5 1 9 3 7 2 7 6 4 2 3 7 6 1 8 3 8 5 4 8 6 9 5 4 2 1 9 29 25 
9 4 3 7 6 8 1 5 2 5 6 2 9 3 1 4 7 8 1 7 8 4 2 5 9 3 6 3 4 5 2 8 7 6 9 1 7 9 1 5 4 6 8 2 3 8 2 6 1 9 3 5 4 7 5 1 9 8 5 2 7 6 4 2 3 7 6 1 4 3 8 9 6 8 4 3 7 9 2 1 5 5 17 
4 6 3 7 1 8 7 5 2 9 5 2 6 3 9 4 1 8 1 7 8 4 2 5 9 3 6 3 4 5 2 8 7 6 9 1 7 9 1 5 4 6 8 2 3 8 2 6 1 9 3 5 4 7 5 1 9 8 7 2 3 6 4 2 3 7 9 6 4 1 8 5 6 8 4 3 5 1 2 7 9 3 14 
1 4 3 9 6 8 7 5 2 9 5 2 7 3 1 4 8 6 6 7 8 4 2 5 9 3 1 3 6 5 2 8 7 6 9 1 7 9 1 5 9 6 3 2 4 8 2 4 1 4 3 5 8 7 4 1 9 8 7 2 3 6 5 2 3 7 6 5 9 1 4 8 5 8 6 3 1 4 2 7 9 8 22 
6 4 3 9 2 1 7 5 8 9 5 1 3 7 8 4 2 6 8 7 2 4 6 5 9 3 1 3 6 5 2 8 7 6 9 4 7 9 1 5 4 6 3 1 2 4 2 8 1 9 3 5 8 7 4 1 9 7 3 2 8 6 5 2 3 7 8 5 9 1 4 3 5 8 6 6 1 4 2 7 9 8 21 
1 4 3 6 2 9 7 5 8 9 5 6 3 7 8 4 1 2 8 7 2 4 5 1 9 3 6 3 6 5 2 8 7 6 9 1 7 9 1 5 4 6 8 2 3 4 2 8 1 9 3 5 4 7 5 1 9 7 3 2 3 6 4 2 3 7 8 6 4 1 8 9 6 8 4 9 1 5 2 7 5 6 19 
1 4 3 6 2 9 7 5 8 9 5 2 7 3 8 4 1 6 6 7 8 4 5 1 9 3 2 3 4 5 2 8 7 6 9 1 7 9 1 5 4 6 8 2 3 8 2 6 1 9 3 5 4 7 4 1 9 8 7 2 3 6 5 2 3 7 3 6 5 1 8 9 5 8 6 9 1 4 2 7 4 5 17 
4 6 3 9 2 8 7 5 1 9 5 2 3 7 1 4 8 6 1 7 8 4 6 5 9 3 2 3 4 5 2 8 7 1 9 6 7 9 1 5 4 6 3 2 8 8 2 6 1 9 3 5 4 7 5 1 9 8 5 2 7 6 3 2 3 7 6 1 9 8 4 5 6 8 4 7 3 4 2 1 9 6 19 
9 4 3 7 2 1 6 5 8 1 5 8 3 6 9 4 7 2 6 7 2 4 5 8 9 3 1 3 4 5 2 8 7 1 9 6 7 9 1 5 4 6 8 2 3 6 2 8 1 9 3 5 4 7 4 1 9 8 3 2 8 6 5 2 3 7 6 1 4 3 1 9 5 8 6 9 7 5 2 7 4 11 22 
1 4 3 6 2 9 7 5 8 9 5 6 7 3 8 4 1 2 8 7 2 4 1 5 9 3 6 3 4 5 2 8 7 6 9 1 7 9 1 5 4 6 8 2 3 6 2 8 1 9 3 5 4 7 5 1 9 8 7 2 3 6 4 2 3 7 9 6 4 1 8 5 6 8 4 3 5 1 2 7 9 3 14 
4 6 3 7 2 9 1 5 8 9 5 1 3 6 8 4 7 2 8 7 2 4 5 1 9 3 6 3 4 5 2 8 7 6 9 1 7 9 1 5 4 6 3 2 8 8 2 6 1 9 3 5 4 7 5 1 9 8 7 2 3 6 4 2 3 7 6 3 5 8 1 9 6 8 4 9 1 4 2 7 5 8 19 
4 9 3 6 2 1 7 5 8 8 5 6 7 3 9 4 1 2 1 7 2 4 5 8 9 3 6 3 6 5 2 4 7 6 9 1 7 4 1 5 8 6 3 2 4 9 2 8 1 9 3 5 8 7 5 1 9 8 7 2 7 6 3 2 3 7 6 5 1 8 4 9 6 8 4 9 3 4 2 1 5 13 22 
9 4 3 6 7 8 1 5 2 6 5 2 3 1 9 4 7 8 1 7 8 4 2 5 9 3 6 3 6 5 2 4 7 6 9 1 7 9 1 5 8 6 3 2 4 8 2 4 1 9 3 5 8 7 4 1 9 8 5 2 7 6 3 2 3 7 9 6 1 8 4 5 5 8 6 7 3 4 2 1 9 3 13 
8 4 3 7 1 9 7 5 8 5 9 2 6 3 8 4 2 1 1 7 6 4 2 5 9 3 6 3 6 5 2 8 7 6 9 1 7 9 1 5 4 6 3 8 2 4 2 8 1 9 3 5 4 7 5 1 9 3 5 2 7 6 3 2 3 7 8 6 1 8 4 5 6 8 4 9 7 4 2 1 9 17 23 
9 4 3 7 6 8 1 5 2 6 5 2 9 3 1 4 7 8 1 7 8 4 2 5 9 3 6 3 6 5 2 8 7 6 9 4 7 9 1 5 4 6 3 2 1 8 2 4 1 9 3 5 8 7 4 1 9 8 5 2 7 6 3 2 3 7 6 1 9 8 4 5 5 8 6 3 7 4 2 1 9 4 13 
9 4 3 7 1 8 6 5 2 1 5 6 3 2 9 4 7 8 8 7 2 4 6 5 9 3 1 3 4 5 2 4 7 8 9 6 7 9 1 5 8 6 3 1 2 6 2 8 1 9 3 5 4 7 4 1 9 8 7 2 3 6 5 2 3 7 6 5 4 1 8 4 5 8 6 9 3 1 2 7 9 10 21 
9 4 3 7 2 8 1 5 6 1 5 8 6 3 9 4 7 2 6 7 2 4 1 5 9 3 8 3 6 5 2 4 7 6 9 8 7 9 1 5 8 6 3 2 1 4 2 8 1 9 3 5 4 7 5 1 9 8 3 2 7 6 4 2 3 7 6 1 4 3 8 9 6 8 4 7 5 9 2 1 5 15 22 
9 4 3 7 2 8 1 5 6 6 5 2 3 1 9 4 7 8 1 7 8 4 6 5 9 3 2 3 6 5 2 4 7 6 9 1 7 9 1 5 8 6 3 2 4 8 2 4 1 9 3 5 8 7 4 1 9 8 3 2 7 6 5 2 3 7 6 5 4 8 1 9 5 8 6 9 7 1 2 4 3 3 12 
6 4 3 7 2 9 1 5 8 9 5 8 6 3 1 4 7 2 1 7 2 4 5 8 9 3 6 3 6 5 2 4 7 6 9 1 7 9 1 5 8 6 3 2 4 8 2 4 1 9 3 5 8 7 5 1 9 8 7 2 7 6 3 2 3 7 9 6 4 8 1 5 4 8 6 3 1 5 2 4 9 5 17 
1 4 3 7 8 9 6 5 2 9 5 2 3 6 1 4 7 8 6 7 8 4 2 5 9 3 1 3 4 5 2 8 7 1 9 6 7 9 1 5 4 6 3 8 2 8 2 6 1 9 3 5 4 7 4 1 9 8 7 2 3 6 5 2 3 7 6 3 5 8 1 9 5 8 6 9 1 4 2 7 4 10 21 
4 6 3 6 1 9 7 5 2 9 5 2 7 3 8 4 1 6 8 7 1 4 2 5 9 3 8 3 4 5 2 8 7 6 9 1 7 9 1 5 4 6 3 2 4 6 2 8 1 9 3 5 8 7 5 1 9 3 7 2 8 6 5 2 3 7 6 5 8 1 4 9 6 8 4 9 1 4 2 7 3 12 21 
1 4 3 8 2 9 7 5 6 9 6 8 3 7 5 4 1 2 5 7 2 4 6 1 9 3 8 3 4 5 2 8 7 6 9 1 7 9 1 5 4 6 8 2 3 8 2 6 1 9 3 5 4 7 4 1 9 7 8 2 7 6 5 2 3 7 6 3 5 8 4 9 5 8 6 9 1 4 2 1 3 14 21 
9 4 3 7 2 1 6 5 8 8 5 2 6 3 9 4 7 1 1 7 6 4 5 8 9 3 2 3 6 5 2 4 7 1 9 6 7 9 1 5 8 6 3 2 4 4 2 8 1 9 3 5 8 7 5 1 9 8 4 2 7 6 3 2 3 7 9 6 1 8 4 5 6 8 4 3 7 5 2 1 9 5 16 
9 4 3 6 2 1 7 5 6 6 5 2 7 3 9 4 1 8 1 7 8 4 5 8 9 3 2 3 6 5 2 4 7 6 9 1 7 9 1 5 8 6 3 2 4 8 2 4 1 9 3 5 8 7 4 1 9 8 7 2 3 6 5 2 3 7 9 6 5 8 4 1 5 8 6 3 1 4 2 7 9 7 18 
1 4 3 7 2 9 6 5 8 9 5 2 3 6 8 4 7 1 6 7 8 4 1 5 9 3 2 3 4 5 2 8 7 1 9 6 7 9 1 5 4 6 8 2 3 8 2 6 1 9 3 5 4 7 5 1 9 8 7 2 3 6 4 2 3 7 6 5 4 8 1 9 6 8 4 9 3 1 2 7 5 5 14 
9 4 3 7 1 8 6 5 2 1 5 2 6 3 9 4 7 8 6 7 8 4 2 5 9 3 1 3 6 5 2 4 7 1 9 6 7 9 1 5 8 6 3 2 4 8 2 4 1 9 3 5 8 7 4 1 9 8 5 2 7 6 3 2 3 7 9 6 1 8 4 5 5 8 6 3 7 4 2 1 9 3 10 
9 4 3 7 6 8 7 5 2 6 5 2 3 2 9 4 1 8 1 7 8 4 5 1 9 3 6 3 6 5 2 4 7 6 9 1 7 9 1 5 8 6 3 2 4 8 2 4 1 9 3 5 8 7 5 1 9 8 7 2 8 6 3 2 3 7 6 3 4 1 4 5 4 8 6 9 1 5 2 7 9 10 19 
6 4 3 9 2 1 7 5 8 9 5 2 7 3 8 4 1 6 1 7 8 4 6 5 9 3 2 3 6 5 2 8 7 6 9 1 7 9 1 5 4 6 8 2 3 8 2 4 1 9 3 5 4 7 4 1 9 8 7 2 3 6 5 2 3 7 6 5 4 1 8 9 5 8 6 3 1 9 2 7 4 3 9 
9 4 3 6 2 1 7 5 1 8 5 2 3 7 9 4 8 6 1 7 6 4 8 5 9 3 2 3 4 5 2 4 7 6 9 8 7 9 1 5 8 6 1 2 3 6 2 8 1 9 3 5 4 7 5 1 9 8 7 2 3 6 4 2 3 7 9 6 4 8 1 5 4 8 6 3 1 5 2 7 9 11 19 
1 4 3 9 6 8 7 5 2 9 5 6 3 7 1 4 1 8 8 7 2 4 2 5 9 3 6 3 6 5 2 8 7 6 9 1 7 4 1 5 9 6 8 2 3 9 2 8 1 4 3 5 4 7 5 1 9 7 8 2 3 6 4 2 3 7 6 9 4 1 8 5 6 8 4 3 1 5 2 7 9 11 18 
9 4 3 7 6 1 8 5 2 6 5 2 9 3 8 4 7 1 1 7 8 4 2 5 9 3 6 3 6 5 2 4 7 6 9 8 7 9 1 5 8 6 1 2 3 8 2 4 1 9 3 5 4 7 5 1 9 8 5 2 7 6 4 2 3 7 6 1 9 3 8 5 4 8 6 3 7 4 2 1 9 7 15 
9 4 3 7 2 8 1 5 6 1 5 8 6 3 9 4 7 2 6 7 2 4 5 1 9 3 8 3 4 5 2 8 7 6 9 1 7 9 1 5 4 6 8 2 3 8 2 6 1 9 3 5 4 7 5 1 9 8 7 2 3 6 4 2 3 7 9 6 4 1 8 5 6 8 4 3 1 5 2 7 9 5 14 
6 4 3 7 2 9 1 5 8 9 5 2 3 1 8 4 7 6 1 7 8 4 6 5 9 3 2 3 6 5 2 8 7 6 9 1 7 9 1 5 4 6 8 2 3 8 2 4 1 9 3 5 4 7 4 1 9 8 3 2 7 6 5 2 3 7 6 5 1 3 8 4 5 8 6 9 7 4 2 1 9 5 14 
9 4 3 9 2 1 7 5 6 6 5 2 3 7 8 4 1 8 1 7 8 4 6 5 9 3 2 3 6 5 2 4 7 6 9 1 7 9 1 5 8 6 3 2 4 8 2 4 1 9 3 5 8 7 4 1 9 8 5 2 8 6 3 2 3 7 6 3 9 1 4 5 5 8 6 7 1 4 2 7 9 8 15 
4 9 3 6 2 1 7 5 8 5 6 8 7 3 9 4 1 2 1 7 2 4 5 8 9 3 6 3 4 5 2 8 7 6 9 1 7 9 1 5 4 6 8 2 3 8 2 6 1 9 3 5 4 7 5 1 9 8 7 2 3 6 4 2 3 7 9 6 4 1 8 5 6 8 4 3 1 5 2 7 9 3 8 
4 6 3 9 7 8 1 5 2 9 5 2 3 6 1 4 7 8 1 7 8 4 2 5 9 3 6 3 4 5 2 8 7 6 9 1 7 9 1 5 4 6 8 2 3 8 2 6 1 9 3 5 4 7 5 1 9 8 3 2 7 6 4 2 3 7 6 1 4 3 8 9 6 8 4 7 5 9 2 1 5 3 8 
9 4 3 7 6 8 1 5 2 8 5 2 3 1 9 4 7 6 1 7 6 4 2 5 9 3 8 3 6 5 2 4 7 6 9 1 7 9 1 5 8 6 3 2 4 4 2 8 1 9 3 5 8 7 5 1 9 8 3 2 7 6 3 2 3 7 6 5 1 8 4 9 6 8 4 9 7 4 2 1 5 5 13 
9 4 3 6 2 8 7 5 1 1 5 8 7 3 9 4 2 6 6 7 2 4 5 1 9 3 8 3 6 5 2 8 7 6 9 1 7 9 1 5 4 6 8 2 3 8 2 4 1 9 3 5 4 7 5 1 9 8 7 2 3 6 4 2 3 7 9 6 4 1 8 5 4 8 6 3 1 5 2 7 9 5 8 
9 4 3 7 2 8 1 5 6 6 5 2 3 1 9 4 7 8 1 7 8 4 6 5 9 3 2 3 6 5 2 8 7 6 9 1 7 9 1 5 4 6 8 2 3 8 2 4 1 9 3 5 4 7 4 1 9 8 3 2 7 6 5 2 3 7 6 5 1 3 8 9 5 8 6 9 7 4 2 1 4 5 8 
4 9 3 6 7 8 1 5 2 1 5 8 3 1 9 4 7 6 6 7 2 4 2 5 9 3 8 3 4 5 2 4 7 6 9 1 7 9 1 5 9 6 8 2 3 8 2 6 1 8 3 5 4 7 5 1 9 8 5 2 7 6 4 2 3 7 9 6 1 3 8 5 6 8 4 7 3 4 2 1 9 11 18 
4 6 3 7 1 8 7 5 6 9 5 1 3 6 9 4 2 8 8 7 2 4 2 5 9 3 1 3 4 5 2 4 7 6 9 8 7 9 1 5 8 6 1 2 3 6 2 8 1 9 3 5 4 7 4 1 9 8 5 2 7 6 3 2 3 7 6 3 4 8 1 9 5 8 6 9 7 1 2 4 5 16 22 
1 4 3 9 6 8 1 5 2 9 5 6 7 3 1 4 7 8 8 7 2 4 2 5 9 3 6 3 6 5 2 8 7 6 9 1 7 9 1 5 9 6 3 4 2 4 2 8 1 4 3 5 8 7 5 1 9 8 3 2 7 6 4 2 3 7 6 1 5 3 8 9 6 8 4 9 7 4 2 1 5 16 21 
8 4 3 9 6 1 7 5 8 9 5 1 3 7 8 4 2 6 6 7 2 4 2 5 9 3 1 3 6 5 2 8 7 6 9 4 7 9 1 5 4 6 3 1 2 4 2 8 1 9 3 5 8 7 5 1 9 8 3 2 7 6 5 2 3 7 6 5 4 8 1 9 6 8 4 7 1 9 2 4 3 12 18 
6 4 3 6 2 1 7 5 8 9 5 2 7 3 9 4 1 2 1 7 8 4 5 8 9 3 6 3 6 5 2 4 7 6 9 1 7 9 1 5 8 6 3 2 4 8 2 4 1 9 3 5 8 7 5 1 9 3 4 2 7 6 5 2 3 7 8 6 5 8 1 9 6 8 4 9 7 1 2 4 3 16 19 
4 6 3 9 2 1 7 5 8 9 5 2 3 7 8 4 1 6 1 7 8 4 6 5 9 3 2 3 4 5 2 8 7 6 9 1 7 9 1 5 4 6 8 2 3 8 2 6 1 9 3 5 4 7 4 1 9 8 5 2 3 6 5 2 3 7 6 1 9 1 8 4 5 8 6 7 3 4 2 7 9 6 14 
4 6 3 7 2 9 7 5 8 9 5 2 3 1 8 4 1 6 1 7 8 4 6 5 9 3 2 3 4 5 2 8 7 6 9 1 7 9 1 5 4 6 8 2 3 8 2 6 1 9 3 5 4 7 5 1 9 8 7 2 3 6 4 2 3 7 6 5 4 1 8 9 6 8 4 9 3 1 2 7 5 3 7 
9 4 3 7 2 8 1 5 6 6 5 2 9 3 1 4 7 8 1 7 8 4 6 5 9 3 2 3 6 5 2 4 7 6 9 1 7 9 1 5 8 6 3 2 4 8 2 4 1 9 3 5 8 7 4 1 9 8 5 2 7 6 3 2 3 7 6 1 9 8 4 5 5 8 6 3 7 4 2 1 9 3 7 
9 4 3 8 6 1 7 5 2 6 5 2 7 3 9 4 1 8 1 7 8 4 2 5 9 3 6 3 6 5 2 8 7 6 9 1 7 9 1 5 4 6 8 2 3 8 2 4 1 9 3 5 4 7 4 1 9 8 7 2 3 6 5 2 3 7 6 5 4 1 8 9 5 8 6 9 3 1 2 7 4 6 11 
1 4 3 6 7 9 7 5 2 9 5 6 3 2 8 4 1 8 8 7 2 4 5 1 9 3 6 3 6 5 2 4 7 6 9 1 7 9 1 5 8 6 3 2 4 4 2 8 1 9 3 5 8 7 4 1 9 7 3 2 8 6 3 2 3 7 8 6 5 1 4 9 5 8 6 9 1 4 2 7 5 9 17 
1 4 3 8 2 9 7 5 6 9 6 2 3 7 5 4 1 8 5 7 8 4 6 1 9 3 2 3 4 5 2 8 7 6 9 1 7 9 1 5 4 6 8 2 3 8 2 6 1 9 3 5 4 7 4 1 9 7 8 2 3 6 5 2 3 7 6 5 4 1 8 9 5 8 6 9 3 1 2 7 4 6 9 
9 4 3 7 2 1 7 5 8 8 5 2 3 6 9 4 2 6 1 7 6 4 5 8 9 3 1 3 6 5 2 8 7 6 9 4 7 9 1 5 4 6 3 1 2 8 2 4 1 9 3 5 8 7 4 1 9 8 3 2 7 6 4 2 3 7 6 1 4 3 8 5 5 8 6 9 7 5 2 1 9 19 21 
1 4 3 7 2 9 6 5 8 9 6 2 8 3 5 4 7 1 5 7 8 4 6 1 9 3 2 3 4 5 2 8 7 1 9 6 7 9 1 5 9 6 3 2 4 8 2 6 1 4 3 5 8 7 4 1 9 3 7 2 7 6 5 2 3 7 6 1 8 8 4 9 5 8 6 9 5 4 2 1 3 9 17 
9 4 3 6 2 9 1 5 8 1 5 6 3 7 8 4 7 2 8 7 2 4 1 5 9 3 6 3 4 5 2 4 7 6 9 1 7 9 1 5 8 6 3 2 4 6 2 8 1 9 3 5 8 7 4 1 9 8 5 2 7 6 3 2 3 7 9 6 1 8 4 5 5 8 6 7 3 4 2 1 9 7 14 
1 4 3 8 7 9 6 5 2 9 5 2 3 6 1 4 7 8 6 7 8 4 2 5 9 3 1 3 6 5 2 8 7 1 9 6 7 9 1 5 4 6 3 2 4 8 2 4 1 9 3 5 8 7 4 1 9 7 3 2 7 6 5 2 3 7 6 1 8 8 4 9 5 8 6 9 5 4 2 1 3 7 13 
6 4 3 7 2 9 1 5 8 9 5 2 3 1 8 4 7 6 1 7 8 4 6 5 9 3 2 3 6 5 2 4 7 6 9 1 7 9 1 5 8 6 3 2 4 8 2 4 1 9 3 5 8 7 4 1 9 8 3 2 7 6 5 2 3 7 6 5 4 8 1 9 5 8 6 9 7 1 2 4 3 3 6 

