MonoObjective Genetic Algorithm
Number of Evaluations = 0
Mutation Probability = 0.0100000000000000002
Crossover Probability = 0.5
Population Size = 100
Survival Selection Type = 16

Time =  300.036470000000008

Current Evaluation = 197400
Front Size = 100
7 4 2 8 3 5 6 9 1 5 3 9 4 6 1 2 8 7 1 8 6 9 7 2 5 4 3 6 1 8 2 9 3 7 5 4 2 5 7 6 8 4 3 1 9 3 9 4 1 5 7 8 6 2 8 2 5 3 4 9 1 7 6 9 7 1 5 2 6 4 3 8 4 6 3 7 1 8 9 2 5 1 32 
9 4 2 8 7 1 6 5 3 8 3 5 2 6 4 9 1 7 1 6 7 9 3 5 8 4 2 6 2 1 4 9 8 7 3 5 7 5 4 6 1 3 2 8 9 3 8 9 2 5 7 4 6 1 5 9 6 3 8 2 1 7 4 2 7 3 1 4 6 5 9 8 4 1 8 5 7 9 3 2 6 3 53 
7 9 2 8 3 4 6 1 5 5 3 4 2 6 1 8 9 7 1 6 8 5 7 9 2 4 3 6 4 7 1 9 3 5 8 2 3 5 1 6 2 8 4 7 9 8 2 9 4 5 7 3 6 1 9 8 6 3 7 2 1 5 4 2 7 5 4 1 6 9 3 8 4 1 3 9 8 5 7 2 6 3 48 
7 4 2 8 1 9 3 5 6 5 3 9 4 6 2 8 1 7 1 6 8 7 3 5 9 4 2 6 1 7 2 9 8 5 3 4 2 5 3 6 4 3 7 8 9 8 9 4 1 5 7 2 6 1 9 2 6 3 8 4 1 7 5 3 7 1 5 2 6 4 9 8 4 8 5 9 7 1 6 2 3 3 41 
5 6 2 8 7 4 9 3 1 9 3 4 5 6 1 2 8 7 1 8 7 9 3 2 6 4 5 6 4 1 2 9 8 7 5 3 7 5 8 6 4 3 4 1 9 3 2 9 1 5 7 8 6 2 8 9 6 3 2 5 1 7 4 2 7 5 4 1 6 3 9 8 4 1 3 7 8 9 5 2 6 3 39 
5 4 2 8 4 9 6 3 1 9 3 8 2 6 1 5 9 7 1 6 7 5 7 3 8 4 2 6 1 3 4 9 2 7 8 5 7 5 4 6 3 8 2 1 9 8 2 9 1 5 7 3 6 4 2 9 5 3 8 4 1 7 6 3 7 1 9 2 6 4 5 8 4 8 6 7 1 5 9 2 3 4 41 
7 4 2 8 3 1 9 5 6 8 3 5 9 6 4 2 1 7 1 9 6 2 7 5 8 4 3 6 2 7 4 9 3 5 8 1 3 5 4 6 8 2 7 3 9 9 1 8 1 5 7 4 6 2 5 6 9 3 2 8 1 7 4 2 7 1 5 4 6 3 9 8 4 8 3 7 1 9 6 2 5 3 39 
7 9 2 8 4 3 6 5 1 5 3 4 9 6 1 2 8 7 1 8 6 7 2 5 9 4 3 6 1 3 4 9 2 8 7 5 2 5 7 6 3 8 4 1 9 9 4 8 1 5 7 3 6 2 8 2 5 3 7 4 1 9 4 3 7 9 2 1 6 5 3 8 4 6 1 5 8 9 7 2 6 4 38 
7 9 2 8 3 4 6 5 1 5 3 4 9 6 1 2 8 7 1 8 6 5 7 2 9 4 3 6 4 7 1 9 8 5 3 2 8 5 3 6 2 3 7 1 9 2 1 9 4 5 7 8 6 4 9 2 8 3 4 5 1 7 6 3 7 5 2 1 6 4 9 8 4 6 1 7 8 9 3 2 5 3 35 
7 9 2 8 3 4 6 5 1 8 3 4 5 6 1 2 9 7 1 6 5 9 7 2 8 4 3 6 1 7 2 9 3 4 8 5 2 5 3 6 4 8 7 1 9 9 4 8 1 5 7 3 6 2 5 2 6 3 8 9 1 7 4 3 7 1 4 2 6 9 5 8 4 8 9 7 1 5 3 2 6 3 35 
7 6 2 8 3 4 5 9 3 9 3 4 5 6 1 8 1 7 1 8 5 7 2 9 2 4 6 6 4 1 2 9 8 3 5 2 2 5 7 6 1 3 7 8 9 3 9 8 4 5 7 4 6 1 8 2 9 3 4 5 1 7 4 5 7 3 1 2 6 9 3 8 4 1 6 9 7 8 6 2 5 12 40 
7 9 2 8 4 5 6 1 3 5 3 4 1 6 2 8 9 7 1 8 6 7 3 9 2 4 5 6 2 4 2 9 3 8 5 1 8 5 7 6 1 8 7 3 9 9 1 3 4 5 7 2 6 4 2 6 8 3 7 4 1 7 5 3 7 1 9 2 6 4 9 8 4 9 5 5 8 1 3 2 6 14 40 
5 6 2 8 1 4 9 3 1 8 3 4 5 6 9 2 5 7 1 9 7 7 3 2 8 4 6 6 2 4 1 9 3 7 8 5 7 5 3 6 2 8 4 1 9 9 1 8 4 5 7 3 6 2 2 6 9 3 8 5 1 7 4 3 7 1 2 4 6 5 9 8 4 8 5 9 7 1 6 2 3 6 35 
7 4 2 8 3 9 5 1 6 9 3 5 1 6 4 2 8 7 1 6 8 5 7 2 9 4 3 6 8 4 2 9 3 7 5 1 2 5 7 6 8 1 4 3 9 3 1 9 4 5 7 8 6 2 8 2 6 3 2 5 1 7 4 5 7 1 9 4 6 3 9 8 4 9 3 7 1 8 6 2 5 3 32 
7 4 2 8 3 1 6 9 5 9 3 5 2 6 4 8 1 7 1 8 6 9 7 5 2 4 3 6 2 7 2 9 8 4 5 1 3 5 1 6 4 3 7 8 9 8 9 4 1 5 7 3 6 2 5 6 8 3 2 9 1 7 4 2 7 9 4 1 6 5 3 8 4 1 3 7 8 5 9 2 6 5 33 
7 6 2 8 4 5 3 9 1 5 3 4 9 6 1 2 8 7 1 9 8 7 3 2 6 4 5 6 2 4 1 9 3 7 8 5 3 5 7 6 8 4 2 1 9 9 8 1 2 5 7 4 6 3 5 8 6 3 2 9 1 7 4 2 7 9 4 1 6 5 3 8 4 1 3 5 7 8 9 2 6 7 37 
9 6 2 8 7 4 5 3 1 5 3 4 1 6 2 9 8 7 1 8 7 9 3 5 6 4 2 6 1 8 2 9 3 7 5 4 7 5 3 6 8 1 2 1 9 2 4 9 4 5 7 8 6 3 8 2 6 3 4 9 1 7 5 3 7 1 5 2 6 4 9 8 4 9 5 7 1 8 3 2 6 3 32 
5 4 2 8 7 4 6 9 1 8 3 9 9 6 1 2 5 7 1 6 7 5 3 2 8 4 3 6 2 1 4 9 3 7 8 5 7 5 4 6 2 8 3 1 9 3 9 8 1 5 7 2 6 4 2 8 6 3 4 9 1 7 5 9 7 5 2 1 6 4 3 8 4 1 3 7 8 5 9 2 6 6 34 
7 4 2 8 1 9 6 3 5 5 3 8 2 6 4 9 1 7 1 9 6 7 3 5 8 4 2 6 1 7 4 9 8 2 5 3 8 5 4 6 2 3 7 8 9 3 2 9 1 5 7 4 6 1 9 6 5 3 8 2 1 7 4 2 7 1 5 4 6 3 9 8 4 8 3 9 7 1 5 2 6 3 31 
7 4 2 8 3 4 6 5 1 5 3 9 2 6 1 8 9 7 1 8 6 9 7 5 3 4 2 6 2 4 1 9 3 7 8 5 3 5 7 6 8 2 4 1 9 9 1 8 4 5 7 2 6 3 8 6 5 3 2 9 1 7 4 2 7 1 5 4 6 9 3 8 4 9 3 7 1 8 5 2 6 3 31 
7 6 2 8 4 9 3 1 5 5 3 4 2 6 1 9 8 7 1 9 8 5 7 3 6 4 2 6 4 7 1 9 8 5 3 4 8 5 1 6 3 2 2 7 9 3 2 9 4 5 7 8 6 1 2 8 5 3 7 4 1 9 6 9 7 3 2 1 6 4 5 8 4 1 6 9 8 5 7 2 3 5 31 
7 4 2 8 3 9 6 1 5 5 3 8 1 6 4 2 9 7 1 6 9 5 7 2 8 4 3 6 1 7 2 9 3 5 8 4 2 5 4 6 8 1 7 3 9 8 9 3 4 5 7 2 6 1 9 2 5 3 4 8 1 7 6 3 7 1 9 2 6 4 5 8 4 8 6 7 1 5 9 2 3 3 30 
7 9 2 8 4 1 6 3 5 5 3 4 9 6 2 8 1 7 1 8 6 7 3 5 9 4 2 6 4 7 2 9 3 5 8 1 3 5 1 6 4 8 2 7 9 9 2 8 1 5 7 4 6 3 8 6 9 3 7 2 1 5 4 2 7 5 4 1 6 3 9 8 4 1 3 5 8 9 7 2 6 3 29 
7 4 2 8 3 1 5 9 6 8 3 5 9 6 4 2 1 7 1 6 9 7 2 5 8 4 3 6 8 7 4 9 2 3 5 1 2 5 4 6 8 3 7 8 9 3 9 1 1 5 7 2 6 4 9 2 6 3 4 8 1 7 5 5 7 3 2 1 6 4 9 8 4 1 8 5 7 9 6 2 3 6 33 
7 6 2 8 3 4 9 1 5 5 3 4 9 6 1 2 8 7 1 9 8 5 7 2 3 4 6 6 1 3 2 9 8 7 5 4 2 5 7 6 4 3 8 1 9 8 4 9 1 5 7 3 6 2 9 2 6 3 8 5 1 7 4 3 7 1 4 2 6 5 9 8 4 8 5 7 1 9 6 2 3 4 30 
9 4 2 8 4 5 3 1 6 5 3 8 2 6 1 9 8 7 1 6 7 7 3 9 2 4 5 6 8 1 4 9 2 5 7 3 7 5 4 6 8 3 8 1 9 2 9 3 1 5 7 2 6 4 8 2 6 3 7 4 1 9 5 3 7 9 5 2 6 4 3 8 4 1 5 9 1 8 7 2 6 12 37 
7 4 2 8 3 5 6 5 1 8 3 9 1 6 4 2 8 7 1 6 5 7 2 9 9 4 3 6 8 7 2 9 8 2 1 5 3 5 1 6 1 3 7 3 9 2 4 9 4 5 7 8 6 4 8 2 5 3 8 2 1 7 4 9 7 3 9 4 6 5 3 8 4 1 6 5 7 1 9 2 6 27 37 
7 6 2 8 1 4 9 5 3 5 3 4 9 6 2 8 1 7 1 9 8 7 3 5 6 4 2 6 4 7 2 9 3 5 8 1 2 5 1 6 8 4 7 3 9 9 8 3 1 5 7 2 6 4 9 2 6 3 4 8 1 7 5 3 7 5 1 2 6 4 9 8 4 1 8 5 7 9 3 2 6 5 30 
7 9 2 8 3 4 6 1 5 8 3 4 5 6 1 2 9 7 1 6 5 7 2 9 8 4 3 6 4 7 2 9 8 3 5 1 2 5 8 6 1 3 4 7 9 3 1 9 4 5 7 8 6 2 9 2 6 3 8 5 1 7 4 5 7 1 2 4 6 9 3 8 4 8 3 9 7 1 5 2 6 5 30 
7 9 2 8 3 4 5 1 6 8 3 4 9 6 1 2 8 7 1 6 5 7 2 5 9 4 3 6 1 7 4 9 3 7 5 2 2 5 8 6 1 8 4 3 9 9 4 3 2 5 7 8 6 1 5 8 9 3 8 2 1 7 6 2 7 3 5 4 6 4 9 8 4 6 1 1 7 9 3 2 5 13 34 
7 6 2 8 4 9 3 1 6 5 3 4 1 6 2 8 9 7 1 8 9 5 7 3 5 4 2 6 4 1 2 9 8 7 5 3 2 5 7 6 3 4 8 1 9 3 9 8 1 5 7 2 6 4 9 6 8 3 2 5 1 7 4 2 7 5 4 1 6 3 9 8 4 1 3 9 7 8 6 2 5 14 34 
7 9 2 8 4 5 6 1 3 5 3 4 2 6 1 8 9 7 1 6 8 9 7 3 5 4 2 6 4 3 2 9 8 7 5 1 7 5 1 6 3 4 2 8 9 8 2 9 1 5 7 4 6 3 2 9 6 3 8 2 1 7 4 3 7 5 4 1 6 9 5 8 4 8 1 5 7 9 3 2 6 10 33 
7 6 2 8 3 4 9 5 1 9 3 4 5 6 1 2 8 7 1 8 5 9 7 2 3 4 6 6 4 7 2 9 8 5 1 4 2 5 8 6 1 3 7 3 9 3 1 9 4 5 7 8 6 2 8 2 6 3 4 9 1 7 5 5 7 3 1 2 6 4 9 8 4 9 1 7 8 5 6 2 3 3 29 
7 4 2 8 3 5 6 9 1 9 3 8 1 6 4 8 5 7 1 6 5 9 7 2 3 4 2 6 8 7 2 9 3 5 1 4 3 5 4 6 8 1 7 8 9 2 9 1 4 5 7 2 6 3 8 2 6 3 4 9 1 7 5 5 7 9 2 1 6 4 3 8 4 1 3 5 7 8 9 2 6 7 32 
7 4 2 8 3 9 6 5 1 5 3 9 1 6 4 2 8 7 1 6 8 7 2 5 9 4 3 6 8 7 1 9 2 5 3 4 2 5 4 6 8 3 7 1 9 9 1 3 4 5 7 8 6 2 8 2 6 3 4 9 1 7 5 3 7 5 2 1 6 4 9 8 4 9 1 5 7 8 3 2 6 3 28 
7 4 2 8 3 1 6 9 5 5 3 8 9 6 4 2 1 7 1 9 6 5 7 2 8 4 3 6 1 7 4 9 3 5 8 2 8 5 4 6 2 8 7 3 9 9 2 3 1 5 7 4 6 1 2 6 5 3 8 9 1 7 4 3 7 1 2 4 6 9 5 8 4 8 9 7 1 5 3 2 6 3 26 
7 4 2 8 3 1 6 5 3 8 3 5 2 6 4 9 1 7 1 6 9 5 7 9 8 4 2 6 1 7 2 9 3 4 8 5 3 5 4 6 1 8 2 7 9 9 2 8 4 5 7 3 6 1 5 8 6 3 7 2 1 9 4 2 7 1 9 4 6 5 3 8 4 9 3 1 8 5 7 2 6 5 29 
7 9 2 8 3 4 6 1 5 5 3 4 1 6 2 9 8 7 1 8 6 9 7 5 3 4 2 6 4 7 2 9 3 8 5 1 2 5 8 6 1 8 7 3 9 9 1 3 4 5 7 2 6 4 8 2 5 3 4 9 1 7 6 3 7 1 5 2 6 4 9 8 4 6 9 7 8 1 5 2 3 3 26 
7 4 2 8 3 4 6 9 1 5 3 8 9 6 1 2 5 7 1 9 6 7 2 5 8 4 3 6 2 7 1 9 3 4 8 5 3 5 4 6 8 2 7 1 9 8 1 9 4 5 7 3 6 2 2 6 5 3 4 8 1 7 4 9 7 1 2 1 6 5 3 8 4 8 3 5 7 9 9 2 6 6 30 
7 4 2 8 1 5 6 9 3 5 3 8 9 6 4 2 1 7 1 9 6 7 3 2 8 4 5 6 8 4 2 9 3 7 5 1 2 5 7 6 8 1 4 3 9 3 1 9 4 5 7 8 6 2 9 6 5 3 2 8 1 7 4 2 7 1 5 4 6 9 3 8 4 8 3 1 7 9 5 2 6 5 29 
7 9 2 8 1 4 9 5 3 8 3 4 5 6 9 2 1 7 1 6 5 7 3 2 8 4 6 6 1 7 1 9 3 5 8 2 2 5 8 6 4 8 7 3 9 3 4 9 2 5 7 4 6 1 9 2 6 3 8 5 1 7 4 5 7 1 4 2 6 3 9 8 4 8 3 9 7 1 6 2 5 6 29 
7 4 2 8 3 5 6 9 1 8 3 9 1 6 4 2 5 7 1 6 5 2 7 9 8 4 3 6 1 7 4 9 3 5 8 2 3 5 4 6 2 8 7 1 9 9 2 8 1 5 7 3 6 4 5 9 6 3 8 2 1 7 5 2 7 1 9 4 6 4 3 8 4 8 3 5 7 1 9 2 6 5 28 
7 4 2 8 3 1 6 9 5 8 3 9 5 6 4 2 1 7 1 6 5 7 2 9 8 4 3 6 2 7 1 9 3 5 8 1 3 5 4 6 8 2 4 7 9 9 1 8 4 5 7 3 6 2 2 9 6 3 7 8 1 5 4 5 7 1 2 4 6 9 3 8 4 8 3 9 1 5 7 2 6 3 26 
9 4 2 8 7 5 3 1 6 8 3 5 4 6 1 9 8 7 1 6 7 9 3 2 2 4 5 6 2 4 2 9 3 5 8 4 7 5 1 6 8 4 7 1 9 3 9 8 1 5 7 3 6 2 5 2 9 3 2 9 1 7 4 3 7 1 1 4 6 5 9 8 4 8 6 5 7 8 6 2 3 23 34 
7 9 2 8 3 4 6 5 1 5 3 4 9 6 1 2 8 7 1 8 6 2 7 5 9 4 3 6 1 8 4 9 2 7 3 5 2 5 7 6 8 3 4 1 9 9 4 3 1 5 7 8 6 2 9 6 5 3 2 8 1 7 4 2 7 1 5 4 6 3 9 8 4 8 3 7 1 9 5 2 6 5 26 
7 6 2 8 3 4 5 9 1 9 3 4 5 6 1 2 8 7 1 8 5 9 7 2 6 4 3 6 4 7 1 9 3 8 5 2 2 5 3 6 4 8 7 1 9 8 1 9 2 5 7 3 6 4 2 9 6 3 8 4 1 7 5 5 7 1 9 2 6 4 3 8 4 8 3 7 1 5 9 2 6 6 27 
7 4 2 8 3 9 6 5 1 5 3 9 4 6 1 2 8 7 1 8 6 5 7 2 9 4 3 6 1 4 2 9 8 3 7 5 2 5 7 6 4 3 8 1 9 3 9 8 1 5 7 2 6 4 8 2 5 3 7 4 1 9 6 9 7 3 1 2 6 4 5 8 4 6 1 9 8 5 7 2 3 6 27 
7 4 2 8 4 5 6 1 3 9 3 5 1 6 9 2 8 7 1 6 8 7 2 3 9 4 5 6 1 4 2 9 8 7 5 2 8 5 7 6 3 1 4 3 9 3 2 9 4 5 7 8 6 1 5 9 6 3 8 2 1 7 4 2 7 3 4 1 6 5 9 8 4 8 1 9 7 5 3 2 6 7 30 
7 6 2 8 1 4 3 5 6 5 3 4 9 6 2 9 1 7 1 8 9 5 7 3 8 4 2 6 2 1 4 9 3 7 8 5 7 5 4 6 1 8 2 3 9 3 9 8 2 5 7 4 6 1 2 8 5 3 2 9 1 7 4 9 7 3 1 4 6 5 9 8 4 1 6 7 8 5 6 2 3 12 33 
7 9 2 8 1 4 6 5 3 5 3 4 9 6 2 8 1 7 1 6 8 7 3 5 9 4 2 6 4 1 4 9 3 7 8 5 8 5 7 6 8 1 2 3 9 3 2 9 2 5 7 4 6 1 9 8 6 3 2 8 1 7 4 2 7 3 1 4 6 5 9 8 4 1 5 5 7 9 3 2 6 6 26 
7 4 2 8 3 1 9 5 6 9 3 5 2 6 4 8 1 7 1 6 8 5 7 9 3 4 2 6 1 7 1 9 3 4 8 5 2 5 4 6 8 2 7 3 9 8 9 3 4 5 7 2 6 1 5 2 6 3 2 8 1 7 4 3 7 9 4 1 6 5 9 8 4 1 8 9 7 5 6 2 3 9 31 
7 4 2 8 1 5 6 3 1 5 3 9 4 6 2 9 8 7 1 6 8 7 3 9 5 4 2 6 1 4 2 9 8 7 5 3 8 5 7 6 4 3 2 1 9 9 2 3 1 5 7 8 6 4 2 9 6 3 8 4 1 7 5 3 7 1 5 2 6 4 9 8 4 8 5 9 7 1 3 2 6 3 25 
7 6 2 8 3 4 5 9 1 5 3 4 9 6 1 2 8 7 1 9 8 2 7 5 3 4 6 6 1 7 4 9 3 8 5 2 3 5 4 6 2 8 7 1 9 8 2 9 1 5 7 4 6 3 9 6 5 3 8 2 1 7 4 2 7 3 4 1 6 9 3 8 4 8 1 5 7 9 6 2 5 7 30 
7 9 2 8 4 1 5 9 3 5 3 4 2 6 9 8 1 7 1 8 6 7 3 5 6 4 2 6 4 1 4 9 2 7 8 5 3 5 7 6 8 3 2 1 9 9 2 8 1 5 7 3 6 4 2 8 9 3 7 4 1 7 5 5 7 1 9 2 6 4 3 8 4 6 3 5 1 8 9 2 6 12 32 
7 4 2 8 1 9 6 1 5 9 3 5 4 6 2 9 8 7 1 8 6 7 3 5 2 4 3 6 2 7 1 9 4 8 3 5 8 5 4 6 3 8 2 7 9 3 9 1 2 5 7 4 6 1 5 6 8 3 7 2 1 9 4 2 7 9 1 4 6 5 3 8 4 1 3 9 8 5 7 2 6 13 32 
5 9 2 8 4 1 6 9 3 8 3 4 5 6 2 8 1 7 1 6 7 7 3 9 2 4 5 6 4 8 1 9 3 2 7 5 7 5 3 6 2 8 4 1 9 2 1 9 4 5 7 8 6 3 8 9 5 3 8 4 1 7 5 2 7 1 2 1 6 4 9 8 4 6 3 9 7 5 3 2 6 25 34 
5 6 2 8 4 9 9 3 1 9 3 4 1 6 2 5 8 7 1 8 7 5 7 3 2 4 6 6 4 3 1 9 8 7 5 2 7 5 8 6 3 4 8 1 9 2 1 9 2 5 7 4 6 3 8 2 6 3 2 5 1 7 4 3 7 1 9 4 6 5 9 8 4 9 5 7 8 1 3 2 6 11 31 
7 4 2 8 3 4 6 5 1 9 3 5 2 6 1 9 8 7 1 6 8 5 7 9 2 4 3 6 1 7 4 9 3 8 5 2 3 5 4 6 8 2 7 1 9 2 8 9 1 5 7 4 6 3 8 2 6 3 4 5 1 7 4 5 7 1 9 2 6 3 9 8 4 9 3 7 1 8 5 2 6 7 28 
7 4 2 8 4 9 6 1 3 8 3 5 1 6 2 5 9 7 1 6 9 7 3 5 8 4 2 6 1 7 2 9 8 3 5 4 2 5 4 6 1 3 7 8 9 3 9 8 4 5 7 2 6 1 9 2 6 3 8 4 1 7 5 5 7 1 9 2 6 4 3 8 4 8 3 5 7 1 9 2 6 3 25 
7 4 2 8 4 3 9 1 5 5 3 8 5 6 1 2 8 7 1 9 6 7 2 9 3 4 6 6 8 3 4 9 2 5 1 4 7 5 1 6 3 8 7 3 9 9 2 4 1 5 7 8 6 2 2 8 9 3 7 4 1 7 5 3 7 5 2 1 6 4 9 8 4 6 1 9 8 5 6 2 3 17 33 
7 9 2 8 3 4 6 5 1 5 3 4 2 6 1 8 9 7 1 8 6 5 7 9 3 4 2 6 2 7 1 9 3 5 8 4 3 5 4 6 2 8 7 1 9 9 8 1 4 5 7 2 6 3 8 6 9 3 4 2 1 7 5 2 7 5 9 1 6 4 3 8 4 1 3 7 8 5 9 2 6 3 25 
9 6 2 8 7 1 6 9 5 5 3 4 4 6 2 8 1 7 1 8 7 5 3 9 2 4 3 6 2 7 2 9 3 5 8 1 8 5 1 6 4 8 3 7 9 3 4 9 1 5 7 2 6 4 5 9 8 3 2 4 1 7 6 2 7 3 9 1 6 4 3 8 4 6 1 7 8 5 9 2 5 17 32 
7 4 2 8 3 9 5 1 6 8 3 5 1 6 4 2 9 7 1 9 6 7 2 5 8 4 3 6 4 7 1 9 8 3 5 2 2 5 1 6 4 3 7 8 9 3 8 9 2 5 7 4 6 1 5 6 9 3 8 2 1 7 4 2 7 3 4 1 6 9 3 8 4 1 8 9 7 5 6 2 5 8 30 
9 6 2 8 4 3 5 3 1 5 3 4 1 6 2 9 8 7 1 8 7 9 7 5 6 4 2 6 4 1 2 9 8 7 5 3 7 5 8 6 3 1 2 1 9 3 2 9 4 5 7 8 6 4 8 9 5 3 2 4 1 7 6 2 7 3 5 1 6 4 9 8 4 1 6 7 8 9 3 2 5 5 25 
7 4 2 8 3 1 6 9 5 8 3 5 4 6 9 2 1 7 1 9 6 5 7 2 8 4 3 6 8 7 1 9 4 5 3 2 2 5 1 6 8 3 7 8 9 3 9 4 2 5 7 4 6 1 5 6 9 3 2 8 1 7 4 2 7 3 9 4 6 3 5 8 4 1 8 7 1 5 9 2 6 7 27 
7 4 2 8 3 1 6 9 5 5 3 9 2 6 4 8 1 7 1 6 8 5 7 9 3 4 2 6 2 7 1 9 3 5 8 4 3 5 1 6 2 8 7 3 9 8 9 4 4 5 7 2 6 1 9 8 5 3 4 2 1 7 6 2 7 3 9 1 6 4 5 8 4 1 6 7 8 5 9 2 3 3 23 
7 9 2 8 3 4 6 5 1 5 3 4 9 6 1 2 8 7 1 6 8 5 7 2 9 4 3 6 4 7 2 9 3 8 1 5 2 5 1 6 4 8 7 3 9 3 8 9 1 5 7 4 6 2 8 2 6 3 8 5 1 7 4 9 7 5 4 2 6 3 9 8 4 1 3 7 1 9 5 2 6 4 24 
7 4 2 8 4 3 6 9 5 5 3 9 1 6 2 8 1 7 1 6 8 9 7 5 2 4 3 6 2 7 4 9 8 3 5 1 8 5 4 6 3 1 4 7 9 3 9 1 2 5 7 8 6 2 9 8 6 3 7 2 1 5 4 2 7 5 4 1 6 9 3 8 4 1 3 5 8 9 7 2 6 10 28 
7 9 2 8 3 4 6 1 5 5 3 4 9 6 1 2 8 7 1 6 8 7 2 5 9 4 3 6 4 1 2 9 8 5 3 2 8 5 7 6 1 3 4 7 9 3 2 9 4 5 7 8 6 1 9 8 6 3 7 2 1 5 4 2 7 5 1 4 6 3 9 8 4 1 3 5 8 9 7 2 6 3 23 
5 6 2 8 7 4 3 9 1 9 3 4 2 6 1 5 8 7 1 8 7 5 3 9 6 4 2 6 4 8 1 9 3 2 7 5 7 5 1 6 8 2 4 3 9 3 2 9 4 5 7 8 6 1 5 8 6 3 2 9 1 7 4 2 7 9 1 4 6 3 5 8 4 1 3 7 8 5 9 2 6 10 28 
7 6 2 8 1 4 5 9 3 8 3 4 9 6 5 2 1 7 1 9 5 7 3 2 8 4 6 6 4 3 2 9 8 4 1 5 2 5 7 6 1 3 7 8 9 9 8 1 4 5 7 3 6 2 9 2 6 3 2 8 1 7 4 5 7 3 1 4 6 9 5 8 4 1 8 5 7 9 6 2 3 11 28 
7 4 2 8 3 1 5 9 1 8 3 5 9 6 4 2 8 7 1 6 9 5 7 2 6 4 3 6 1 7 2 9 8 4 3 5 2 5 8 6 4 3 7 1 9 3 9 4 1 5 7 8 6 2 5 2 6 3 8 9 1 7 4 9 7 1 4 2 6 3 5 8 4 8 3 7 1 5 9 2 6 4 23 
7 6 2 8 4 1 9 1 3 5 3 4 5 6 9 2 8 7 1 8 9 7 3 2 5 4 6 6 4 7 2 9 3 8 5 1 2 5 3 6 1 8 4 7 9 9 1 8 4 5 7 3 6 2 8 2 6 3 2 4 1 7 5 3 7 5 9 1 6 4 9 8 4 9 1 7 8 5 6 2 3 10 27 
7 4 2 8 1 9 6 3 1 8 3 5 4 6 2 9 8 7 1 6 9 7 3 5 2 4 5 6 1 7 2 9 3 8 5 4 2 5 3 6 4 8 7 1 9 9 8 4 1 5 7 3 6 2 5 6 8 3 2 9 1 7 4 2 7 1 5 4 6 3 9 8 4 9 3 7 8 1 5 2 6 12 31 
7 4 2 8 1 4 9 1 3 8 3 5 9 6 2 8 5 7 1 9 6 5 7 3 2 4 6 6 2 7 4 9 1 5 8 2 3 5 1 6 3 8 4 7 9 9 4 8 2 5 7 3 6 1 2 8 9 3 8 5 1 7 4 5 7 1 2 4 6 3 9 8 4 6 3 1 7 9 6 2 5 16 31 
7 4 2 8 3 1 6 9 5 9 3 5 2 6 4 8 1 7 1 6 8 9 7 5 2 4 3 6 2 7 1 9 3 4 5 1 8 5 4 6 8 2 3 7 9 3 1 9 4 5 7 8 6 2 5 8 6 3 2 9 1 7 4 2 7 1 5 4 6 9 3 8 4 9 3 7 1 8 5 2 6 5 25 
5 4 2 8 7 9 6 3 1 9 3 8 1 6 4 8 5 7 1 6 7 5 3 2 9 4 2 6 8 3 2 9 1 4 7 5 7 5 4 6 8 3 2 1 9 2 1 9 4 5 7 8 6 3 8 2 6 3 4 5 1 7 4 3 7 1 9 2 6 5 9 8 4 9 5 7 1 8 3 2 6 7 26 
9 4 2 8 7 4 3 5 6 5 3 8 1 6 2 9 1 7 1 6 7 9 3 5 8 4 2 6 1 4 2 9 3 7 8 5 2 5 7 6 1 8 4 3 9 3 8 9 4 5 7 2 6 1 8 2 5 3 2 9 1 7 6 9 7 1 5 4 6 4 3 8 4 6 3 7 8 1 9 2 5 13 30 
7 4 2 8 1 4 5 3 6 5 3 8 9 6 2 9 1 7 1 6 9 5 7 3 8 4 2 6 1 7 2 9 3 3 5 4 2 5 4 6 8 1 7 8 9 9 8 3 4 5 7 2 6 1 8 2 6 3 2 8 1 7 5 3 7 5 5 4 6 4 9 8 4 9 1 1 7 9 6 2 3 14 30 
7 6 2 8 3 4 5 9 1 5 3 4 9 6 1 2 8 7 1 9 8 7 2 5 6 4 3 6 1 7 2 9 8 3 5 4 2 5 8 6 4 3 7 1 9 3 4 9 1 5 7 8 6 2 9 2 6 3 8 4 1 7 5 5 7 3 2 1 6 4 3 8 4 8 1 5 7 9 9 2 6 7 25 
7 4 2 8 3 1 9 5 6 5 3 9 2 6 4 8 1 7 1 6 8 9 7 5 3 4 2 6 2 4 1 9 3 7 8 5 3 5 7 6 2 8 4 3 9 9 8 1 4 5 7 2 6 1 8 9 6 3 7 2 1 7 4 2 7 5 4 1 6 3 9 8 4 1 3 5 8 9 5 2 6 9 26 
7 4 2 8 3 1 6 9 5 5 3 8 9 6 4 2 1 7 1 9 6 7 2 5 8 4 3 6 1 7 4 9 8 5 3 2 2 5 4 6 1 3 7 8 9 3 8 9 2 5 7 4 6 1 9 6 5 3 8 2 1 7 4 2 7 3 1 4 6 9 5 8 4 8 1 5 7 9 3 2 6 3 22 
7 4 2 8 3 1 9 5 3 9 3 5 2 6 4 8 1 7 1 8 6 5 7 9 6 4 2 6 2 4 1 9 3 7 8 5 3 5 7 6 2 8 4 1 9 9 1 8 4 5 7 3 6 2 5 6 9 3 8 2 1 7 4 2 7 1 9 4 6 5 3 8 4 8 3 7 1 5 9 2 6 8 23 
7 4 2 8 3 1 9 5 6 9 3 5 2 6 4 8 1 7 1 8 6 5 7 9 3 4 2 6 2 1 4 9 2 5 8 3 8 5 7 6 8 3 7 1 9 3 9 4 1 5 7 2 6 4 5 6 8 3 2 5 1 7 6 2 7 9 1 4 6 4 3 8 4 1 3 9 7 8 9 2 5 14 29 
7 4 2 8 1 9 6 1 5 5 3 8 4 6 2 8 9 7 1 6 9 7 3 5 2 4 3 6 8 4 2 9 3 5 7 1 2 5 7 6 4 8 3 8 9 9 1 3 1 5 7 2 6 4 8 2 6 3 7 4 1 5 4 5 7 1 9 2 6 9 3 8 4 9 3 5 8 1 7 2 6 12 28 
7 4 2 8 1 9 6 3 5 5 3 8 4 6 2 9 1 7 1 6 9 7 3 5 8 4 2 6 2 7 4 9 8 5 3 1 8 5 4 6 1 3 2 7 9 3 1 9 2 5 7 8 6 4 2 8 6 3 8 4 1 5 4 5 7 1 9 2 6 3 9 8 4 9 3 5 7 1 7 2 6 12 26 
7 6 2 8 3 4 9 5 1 5 3 4 9 6 1 2 8 7 1 8 9 2 7 5 6 4 3 6 2 8 4 9 3 3 7 5 3 5 7 6 1 8 4 1 9 9 4 1 2 5 7 8 6 2 8 9 6 3 2 5 1 7 4 2 7 5 1 4 6 9 3 8 4 1 3 7 8 9 5 2 6 8 23 
9 6 2 8 7 1 6 3 5 5 3 4 2 6 4 8 1 7 1 8 7 5 3 9 9 4 2 6 2 7 4 9 3 5 8 1 3 5 4 6 1 8 2 7 9 8 1 9 2 5 7 4 6 3 2 8 6 3 7 2 1 5 4 5 7 3 1 4 6 3 9 8 4 9 1 9 8 5 7 2 6 13 27 
7 9 2 8 3 4 9 1 6 5 3 4 1 6 5 2 8 7 1 8 6 9 7 2 5 4 3 6 2 1 4 9 3 8 7 5 3 5 7 6 1 8 2 3 9 8 4 9 2 5 7 4 6 1 9 6 8 3 2 9 1 7 4 2 7 3 4 1 6 5 9 8 4 1 5 5 7 8 6 2 3 15 30 
5 6 2 8 7 4 9 3 1 9 3 4 5 6 1 5 8 7 1 8 7 2 3 9 6 4 2 6 4 7 2 9 3 8 1 5 3 5 1 6 4 8 2 7 9 2 9 8 1 5 7 4 6 3 8 6 9 3 7 2 1 5 4 2 7 5 4 1 6 3 9 8 4 1 3 9 8 5 7 2 6 8 22 
7 4 2 8 3 1 9 3 1 5 3 9 4 6 2 2 8 7 1 6 8 9 7 5 6 4 5 6 4 8 1 9 3 5 7 2 3 5 7 6 2 8 8 1 9 2 1 9 4 5 7 4 6 3 8 2 6 3 8 4 1 7 4 3 7 1 2 1 6 9 5 8 4 9 5 5 7 9 3 2 6 21 31 
7 9 2 8 7 4 5 3 1 8 3 4 2 6 1 8 9 7 1 6 5 5 3 9 6 4 2 6 1 8 4 9 3 2 8 5 2 5 7 6 1 8 7 1 9 3 4 9 2 5 7 3 6 4 5 9 6 3 4 2 1 7 4 2 7 1 9 1 6 3 9 8 4 8 3 7 8 5 6 2 5 24 31 
7 6 2 8 3 4 9 5 1 5 3 4 9 6 1 2 8 7 1 8 9 5 7 2 6 4 3 6 1 7 2 9 8 5 3 4 2 5 8 6 4 3 7 1 9 9 4 3 1 5 7 8 6 2 8 2 6 3 2 9 1 7 5 3 7 5 4 1 6 4 9 8 4 9 1 7 8 5 3 2 6 3 21 
7 4 2 8 3 1 6 1 5 9 3 5 2 6 4 2 8 7 1 6 8 5 7 9 9 4 3 6 4 3 2 9 8 5 7 1 7 5 1 6 4 3 2 8 9 8 2 9 1 5 7 4 6 3 8 9 6 3 7 2 1 7 6 2 7 5 9 4 6 4 5 8 4 1 3 5 8 1 9 2 3 28 30 
7 4 2 8 3 1 9 5 3 8 3 5 9 6 4 8 1 7 1 6 9 5 7 2 6 4 2 6 1 7 2 9 3 5 8 1 2 5 3 6 8 4 7 3 9 9 8 4 1 5 7 2 6 4 5 2 6 3 8 9 1 7 5 3 7 1 4 2 6 4 9 8 4 9 8 7 1 5 3 2 6 12 23 
7 9 2 8 4 3 6 5 1 8 3 4 5 6 1 2 9 7 1 6 5 9 7 2 8 4 3 6 4 7 1 9 8 3 8 5 2 5 8 6 3 4 7 1 9 3 1 9 2 5 7 4 6 2 5 2 6 3 8 9 1 7 4 9 7 1 4 2 6 5 3 8 4 8 3 7 1 5 9 2 6 3 19 
7 9 2 8 3 4 6 5 1 5 3 4 9 6 1 2 8 7 1 6 8 5 7 2 9 4 3 6 2 1 2 9 8 7 3 5 8 5 7 6 4 3 4 1 9 3 4 9 1 5 7 8 6 2 9 8 6 3 2 5 1 7 4 2 7 5 4 1 6 3 9 8 4 1 3 7 8 9 5 2 6 3 18 
7 4 2 8 3 1 6 9 1 8 3 9 5 6 4 2 5 7 1 6 5 2 7 9 8 4 3 6 2 4 1 9 3 7 8 5 3 5 7 6 8 2 4 1 9 9 1 8 4 5 7 3 6 2 5 9 6 3 2 8 1 7 4 2 7 1 9 4 6 5 3 8 4 8 3 7 1 5 9 2 6 3 17 
7 4 2 8 3 4 6 3 1 8 3 5 2 6 1 8 9 7 1 9 6 5 7 9 5 4 2 6 1 7 4 9 2 2 8 5 3 5 4 6 8 3 7 1 9 9 2 8 1 5 7 3 6 4 5 6 9 3 7 8 1 7 6 2 7 3 2 4 6 4 5 8 4 8 1 9 1 5 9 2 3 16 29 
7 4 2 8 3 1 5 9 6 8 3 5 9 6 4 2 1 7 1 6 9 5 7 2 8 4 3 6 1 7 2 9 3 4 8 5 2 5 3 6 4 8 7 1 9 9 8 4 1 5 7 3 6 2 5 2 6 3 8 9 1 7 4 3 7 1 4 2 6 9 5 8 4 9 8 7 1 5 6 2 3 3 16 

