MonoObjective Genetic Algorithm
Number of Evaluations = 0
Mutation Probability = 0.0100000000000000002
Crossover Probability = 0.5
Population Size = 100
Survival Selection Type = 16

Time =  300.01353499999999

Current Evaluation = 172500
Front Size = 100
7 9 2 5 6 8 1 4 3 4 5 3 2 1 9 8 6 7 8 6 1 3 7 4 9 5 2 6 2 5 8 9 3 7 1 4 3 7 9 1 4 2 6 8 5 1 4 8 7 5 6 2 3 9 2 8 4 9 3 1 5 7 6 9 3 7 6 8 5 4 2 1 5 1 6 4 2 7 3 9 8 1 19 
7 9 6 2 5 1 8 4 3 4 2 3 7 9 8 1 6 5 8 5 1 3 6 4 9 7 2 6 2 5 9 4 3 7 1 8 3 8 9 1 2 7 6 5 4 1 4 7 5 8 6 2 3 9 2 1 7 4 3 9 5 8 6 9 3 8 6 7 5 4 2 1 5 6 4 8 1 2 3 9 7 3 38 
7 9 2 8 6 1 5 4 3 4 5 3 7 9 2 1 6 8 8 6 1 3 5 4 7 9 2 6 7 5 9 2 3 8 1 4 3 2 9 1 4 8 6 7 5 1 4 8 5 7 6 2 3 9 2 1 8 4 3 7 9 5 6 9 3 7 6 8 5 4 2 1 5 6 4 2 1 9 3 8 7 3 31 
7 9 6 8 5 2 1 4 3 4 2 3 9 1 7 8 6 5 8 5 1 3 6 4 9 7 2 9 7 5 2 4 3 6 1 8 3 6 2 1 9 8 7 5 4 1 4 8 5 7 6 2 3 9 2 8 4 7 3 1 5 9 6 9 3 7 6 8 5 4 2 1 5 1 6 4 2 9 3 8 7 3 31 
7 9 4 5 6 2 1 8 3 5 2 3 9 8 1 7 6 4 8 6 1 3 7 4 5 9 2 6 7 5 2 4 7 3 1 8 3 2 9 1 9 8 6 4 5 1 4 8 3 5 6 2 7 9 2 1 7 4 3 9 8 5 6 9 3 8 6 7 5 4 2 1 4 5 6 8 2 1 9 3 7 8 37 
7 9 2 5 6 8 1 4 3 4 5 3 7 1 2 9 6 8 8 6 1 3 9 4 5 7 2 9 8 5 2 4 3 6 1 7 3 2 6 1 7 9 8 5 4 1 4 7 8 5 6 2 3 9 2 5 8 4 3 1 7 9 6 9 3 7 6 8 5 4 2 1 6 1 4 9 2 7 3 8 5 4 31 
7 9 6 5 1 2 8 4 3 4 2 3 7 8 9 1 6 5 8 5 1 3 6 4 7 9 2 9 8 5 2 4 3 6 1 7 3 6 2 1 9 7 5 8 4 1 4 7 8 5 6 2 3 9 2 1 7 4 3 8 9 5 6 9 3 8 6 7 5 4 2 1 6 5 4 9 2 1 3 7 8 4 29 
7 9 4 5 6 2 1 8 3 5 2 3 8 1 7 9 6 4 8 6 1 3 9 4 7 5 2 9 7 5 4 2 3 6 1 8 3 6 2 1 8 9 5 4 7 1 4 8 7 5 6 2 3 9 2 5 4 9 3 1 8 7 6 9 3 8 6 7 5 4 2 1 6 1 7 2 4 8 3 9 5 5 33 
7 9 2 5 1 2 8 1 3 4 5 3 7 8 3 9 6 4 8 6 1 9 6 4 7 5 2 6 2 5 3 4 9 1 7 8 3 8 9 1 2 7 6 4 5 1 4 7 8 5 6 2 3 9 2 1 4 7 3 8 5 9 6 9 3 8 6 9 5 4 2 1 5 7 6 4 2 1 3 8 7 10 33 
7 9 4 8 6 2 5 1 3 5 2 3 9 1 3 8 6 4 8 6 1 5 7 4 7 9 2 6 2 5 4 9 7 1 3 8 3 7 9 1 2 8 6 4 5 1 4 8 3 5 6 2 7 9 2 5 4 7 3 1 9 8 6 9 3 7 6 8 5 4 2 1 1 8 6 2 4 9 3 5 7 6 30 
7 9 6 5 6 8 5 4 3 4 2 3 2 7 1 1 6 8 8 5 1 3 9 4 9 7 2 9 8 5 3 7 2 6 1 4 3 6 2 1 4 9 7 8 5 1 4 7 8 5 6 2 3 9 2 1 4 9 3 7 8 5 6 9 3 7 6 8 5 4 2 1 5 6 8 4 1 2 3 9 7 12 31 
7 9 6 2 6 8 5 1 3 4 2 3 7 9 1 8 6 4 8 5 1 3 5 4 9 7 2 9 6 5 3 2 8 7 3 8 3 8 2 1 4 9 6 4 5 1 4 7 7 5 6 2 1 9 2 7 8 4 3 1 9 8 6 5 3 9 6 7 5 4 2 1 1 6 4 8 2 9 5 3 7 124 33 
7 9 4 5 6 2 1 8 3 5 2 3 8 7 1 9 6 4 8 6 1 3 9 4 7 5 2 6 2 5 9 4 3 8 1 7 3 7 9 1 2 8 6 4 5 1 4 8 7 5 6 2 3 9 2 1 8 4 3 9 5 7 6 9 3 7 6 8 5 4 2 1 4 5 6 2 1 7 3 9 8 3 26 
7 9 6 5 2 8 1 4 3 4 2 3 9 7 1 8 6 5 8 5 1 3 6 4 9 7 2 6 2 5 8 9 3 3 1 4 3 8 9 1 4 2 6 5 7 1 4 7 7 5 6 2 8 9 2 1 8 4 3 7 5 9 6 9 3 7 6 8 5 4 2 1 5 6 4 2 1 9 7 3 8 5 28 
7 9 2 5 1 8 1 4 3 4 5 3 7 9 2 8 6 5 8 6 1 3 6 4 9 7 2 6 8 5 2 4 9 3 1 7 3 2 9 1 5 7 6 8 4 1 4 7 3 8 6 2 5 9 2 7 4 8 3 1 5 9 6 9 3 8 6 7 5 4 2 1 5 1 6 4 2 9 7 3 8 6 29 
7 9 6 5 2 1 8 4 3 4 2 3 9 8 3 1 6 7 8 5 1 7 6 4 5 9 2 6 8 5 2 7 9 6 3 4 3 2 9 1 4 8 7 8 5 1 4 7 3 5 6 2 1 9 2 7 4 8 3 1 9 5 6 9 3 8 6 7 5 4 2 1 5 1 6 4 9 2 3 7 8 10 30 
7 9 6 2 5 8 1 4 3 4 2 3 7 1 9 5 6 8 8 5 1 3 6 4 7 9 2 9 6 5 4 2 3 8 1 7 3 8 2 1 9 7 6 5 4 1 4 7 5 8 6 2 3 9 2 5 4 8 3 1 9 7 6 9 3 8 6 7 5 4 2 1 6 1 7 9 4 2 3 8 5 4 27 
7 9 6 5 8 2 8 1 3 4 2 3 3 1 9 5 6 4 8 5 1 7 6 4 7 9 2 6 8 5 4 9 3 1 4 7 3 2 9 1 2 7 6 5 8 1 4 7 8 5 6 2 3 9 2 5 4 7 3 1 5 7 6 9 3 7 6 8 5 4 2 1 1 6 8 4 2 9 3 9 8 23 30 
7 9 4 8 6 2 5 1 3 5 2 3 9 1 7 8 6 4 8 6 1 3 5 4 9 7 2 6 7 5 2 9 3 1 4 8 3 2 9 1 4 8 6 5 7 1 4 8 5 7 6 2 3 9 2 1 8 4 3 9 7 8 6 9 3 7 6 8 5 4 2 1 4 5 6 7 2 1 3 9 5 5 28 
7 9 2 8 6 1 5 4 3 4 5 3 9 2 3 1 6 8 8 6 1 5 7 4 7 9 2 6 7 5 2 9 8 3 1 4 3 2 9 1 4 7 6 8 5 1 4 8 3 5 6 2 7 9 2 1 4 7 3 9 8 5 6 9 3 7 6 8 5 4 2 1 5 8 6 4 1 2 9 3 7 3 24 
7 9 6 5 8 2 1 4 3 4 2 3 7 1 9 7 6 8 8 5 1 3 6 4 9 5 2 6 2 5 4 9 3 8 1 4 3 8 9 1 2 7 6 7 5 1 4 7 8 5 6 2 3 9 2 7 4 9 3 1 5 8 6 9 3 8 6 7 5 4 2 1 5 1 6 2 4 8 3 9 7 7 25 
7 9 2 2 6 1 8 5 3 4 5 3 7 8 9 1 6 4 8 6 1 3 5 4 9 7 2 6 2 5 8 9 3 3 4 7 3 7 9 1 4 2 6 8 5 1 4 8 5 7 6 2 1 9 2 1 7 4 3 8 5 9 6 9 3 8 6 7 5 4 2 1 5 6 4 9 2 1 7 3 8 9 29 
7 9 2 2 6 1 5 8 3 4 5 3 8 9 7 1 6 4 8 6 1 3 5 4 9 7 2 6 2 5 9 4 3 7 1 8 3 7 9 1 2 8 6 4 5 1 4 8 5 7 6 2 3 9 2 1 4 7 3 9 8 5 6 9 3 7 6 8 5 4 2 1 5 8 6 4 1 2 3 9 7 3 23 
7 9 6 5 8 2 1 4 3 4 2 3 9 1 7 5 6 8 8 5 1 3 6 4 9 7 2 9 6 5 8 2 3 7 1 4 3 7 2 1 4 9 6 8 5 1 4 8 7 5 6 2 3 9 2 1 4 4 3 8 8 5 6 9 3 7 6 9 5 4 2 1 5 8 6 2 7 1 3 9 7 7 25 
7 9 2 5 6 1 8 4 3 4 5 3 8 2 9 1 6 7 8 6 1 3 7 4 5 9 2 6 8 5 4 2 3 6 1 7 3 2 9 1 9 7 8 5 4 1 4 7 5 8 6 2 3 9 2 7 4 9 3 1 9 8 6 9 3 8 6 7 5 4 2 1 5 1 6 2 4 8 3 7 5 11 27 
7 9 4 5 2 1 5 8 3 5 2 3 9 8 7 1 6 4 8 6 1 3 6 4 9 7 2 9 6 5 2 4 3 8 1 7 3 7 2 1 9 8 6 4 5 1 4 8 7 5 6 2 3 9 2 1 4 8 3 9 7 5 6 9 3 8 6 7 5 4 2 1 6 5 7 4 1 2 3 9 8 7 25 
7 9 6 2 1 8 5 4 3 4 2 3 7 5 3 1 6 8 8 5 1 9 6 4 7 9 2 9 6 5 3 2 8 3 1 4 3 8 2 1 4 9 6 7 5 1 4 7 5 7 6 2 8 9 2 7 4 8 3 7 8 5 6 9 3 8 6 9 5 4 2 1 5 1 6 4 2 1 9 3 7 13 29 
7 9 2 5 6 8 1 4 3 4 5 3 7 1 2 9 6 8 8 6 1 3 9 4 5 7 2 6 8 5 9 2 3 7 1 4 3 2 9 1 4 7 6 8 5 1 4 7 8 5 6 2 3 9 2 1 7 4 3 9 8 5 6 9 3 8 6 7 5 4 2 1 5 6 4 2 8 1 3 9 7 3 23 
7 9 6 2 6 8 5 1 3 4 2 3 5 1 7 8 6 4 8 5 1 3 9 4 7 9 2 6 2 5 9 4 3 1 8 7 3 7 9 1 5 2 6 4 5 1 4 8 8 7 6 2 3 9 2 1 8 7 3 1 9 5 6 9 3 7 6 8 5 4 2 1 5 6 4 4 2 9 3 7 8 10 26 
7 9 6 2 6 8 1 4 3 4 2 3 5 1 9 8 6 7 8 5 1 3 7 4 5 9 2 9 6 5 2 9 3 3 7 4 3 8 2 1 4 7 6 8 5 1 4 7 8 5 6 2 1 9 2 1 4 9 3 8 7 5 6 9 3 8 6 7 5 4 2 1 6 5 7 4 1 2 9 3 8 14 28 
7 9 2 5 6 8 1 4 3 4 5 3 9 1 2 8 6 5 8 6 1 3 7 4 7 9 2 9 2 5 4 7 3 6 1 8 3 8 6 1 9 2 5 7 4 1 4 7 8 5 6 2 3 9 2 5 4 7 3 1 9 8 6 9 3 7 6 8 5 4 2 1 6 1 8 2 4 9 3 5 7 8 25 
7 9 2 8 6 1 5 4 3 4 5 3 9 2 7 1 6 8 8 6 1 3 5 4 9 7 2 6 2 5 7 9 3 8 1 4 3 8 9 1 4 2 6 5 7 1 4 7 5 8 6 2 3 9 2 1 4 4 3 8 7 9 6 9 3 8 6 7 5 4 2 1 5 7 6 2 1 9 3 8 5 3 23 
7 9 2 5 2 1 1 4 3 4 5 3 8 9 7 8 6 7 8 6 1 3 6 4 5 9 2 9 7 5 2 4 3 6 1 8 3 6 2 1 8 9 5 7 4 1 4 8 7 5 6 2 3 9 2 1 4 4 3 8 9 7 6 9 3 8 6 7 5 4 2 1 5 7 6 9 1 2 3 8 5 15 27 
7 9 4 5 6 8 1 8 3 5 2 3 9 1 2 7 6 4 8 6 1 3 7 4 5 9 2 9 6 5 4 2 3 3 1 7 3 2 8 1 9 7 6 4 8 1 4 7 8 5 6 2 5 9 2 5 4 7 3 1 8 7 6 9 3 7 6 8 5 4 2 1 1 8 6 4 2 9 9 3 5 16 27 
7 9 4 5 6 2 1 5 3 5 2 3 7 1 8 8 6 4 8 6 1 3 9 4 9 7 2 9 6 5 2 4 3 7 1 8 3 8 2 1 7 9 6 4 5 1 4 7 8 5 6 2 3 9 2 5 7 8 3 1 5 9 6 9 3 8 6 7 5 4 2 1 4 1 6 4 9 2 7 3 8 16 27 
7 9 2 5 6 2 1 4 3 4 5 3 8 9 1 8 6 7 8 6 1 3 7 4 5 9 2 6 2 5 9 8 7 3 1 4 3 8 9 1 4 2 6 7 5 1 4 7 3 5 6 2 8 9 2 1 4 9 3 8 7 5 6 9 3 8 6 7 5 4 2 1 5 7 6 4 2 1 9 3 8 8 24 
7 9 6 5 1 2 8 4 3 4 2 3 8 7 9 1 6 5 8 5 1 3 6 4 9 7 2 6 2 5 4 9 3 7 1 8 3 7 9 1 2 8 6 5 4 1 4 8 7 5 6 2 3 9 2 1 4 9 3 7 5 8 6 9 3 7 6 8 5 4 2 1 5 6 8 2 4 1 3 9 7 3 22 
7 9 4 5 1 2 8 1 3 5 2 3 9 8 7 9 6 4 8 6 1 3 6 4 7 5 2 9 6 5 2 9 3 1 4 8 3 7 2 1 4 8 6 7 5 1 4 8 7 5 6 2 3 9 2 5 4 8 3 1 5 9 6 9 3 7 6 7 5 4 2 1 1 8 6 4 2 9 3 8 7 13 25 
7 9 2 5 6 2 8 1 3 4 5 3 8 1 7 9 6 4 8 6 1 3 9 4 5 7 2 6 7 5 9 2 3 1 4 8 3 2 9 1 4 8 6 5 7 1 4 8 7 5 6 2 3 9 2 8 4 4 3 1 7 9 6 9 3 7 6 8 5 4 2 1 5 1 6 2 7 9 3 8 5 5 23 
7 9 6 8 6 2 8 4 3 4 2 3 9 1 3 1 6 5 8 5 1 5 7 4 9 7 2 9 8 5 4 9 7 6 1 7 3 6 2 1 2 8 5 8 4 1 4 7 3 5 6 2 3 9 2 1 4 7 3 1 7 5 6 9 3 8 6 8 5 4 2 1 5 7 6 2 4 9 3 9 8 18 26 
7 9 2 5 6 8 1 4 3 4 5 3 2 1 9 8 6 7 8 6 1 3 7 4 5 9 2 6 2 5 9 4 3 7 1 8 3 8 9 1 2 7 6 5 4 1 4 7 8 5 6 2 3 9 2 5 8 4 3 1 9 7 6 9 3 7 6 8 5 4 2 1 4 1 6 7 9 2 3 8 5 4 22 
7 9 2 5 6 8 1 4 3 4 5 3 2 1 7 9 6 8 8 6 1 3 9 4 7 5 2 6 2 5 9 7 3 8 1 4 3 8 9 1 4 2 6 7 5 1 4 7 5 8 6 2 3 9 2 7 4 8 3 1 5 9 6 9 3 8 6 7 5 4 2 1 5 1 6 4 2 9 3 8 7 3 21 
7 9 6 2 8 1 5 4 3 4 2 3 5 7 9 1 6 8 8 5 1 3 6 4 7 9 2 6 2 5 9 4 3 8 1 7 3 8 9 1 2 7 6 5 4 1 4 7 8 5 6 2 3 9 2 1 4 7 3 8 9 7 6 9 3 8 6 9 5 4 2 1 5 7 6 4 1 2 3 8 5 6 23 
7 9 2 5 2 8 5 1 3 4 5 3 7 9 1 8 6 4 8 6 1 3 6 4 9 7 2 6 7 5 2 4 8 1 3 7 3 2 9 1 7 9 6 8 4 1 4 8 3 5 6 2 5 9 2 1 8 4 3 7 5 9 6 9 3 7 6 8 5 4 2 1 5 6 4 2 9 1 3 7 8 18 26 
7 9 6 2 5 8 1 4 3 4 2 3 7 9 1 5 6 8 8 5 1 3 6 4 7 9 2 6 2 5 9 4 3 3 8 7 3 8 9 1 7 2 6 5 4 1 4 7 5 8 6 2 1 9 2 1 4 4 3 9 8 7 6 9 3 8 6 7 5 4 2 1 5 7 6 8 2 1 9 3 5 9 23 
7 9 2 5 6 1 8 4 3 4 5 3 2 8 9 1 6 7 8 6 1 3 7 4 5 9 2 6 8 5 9 2 3 7 1 4 3 2 9 1 4 7 6 8 5 1 4 7 8 5 6 2 3 9 2 1 4 7 3 8 9 5 6 9 3 8 6 9 5 4 2 1 5 7 6 4 1 2 3 7 8 3 21 
7 9 6 2 8 1 8 1 3 4 2 3 5 9 3 5 6 4 8 5 1 7 6 4 7 9 2 9 6 5 2 7 3 3 1 4 3 8 2 1 4 9 6 7 5 1 4 7 8 5 6 2 8 9 2 5 8 8 3 1 9 7 6 9 3 7 6 7 5 4 2 1 6 1 4 4 2 9 3 8 5 27 26 
7 9 6 5 6 2 1 4 3 4 2 3 8 1 9 8 6 7 8 5 1 3 7 4 5 9 2 6 7 5 9 2 3 1 8 4 3 2 9 1 4 8 6 7 5 1 4 8 7 5 6 2 3 9 2 1 8 4 3 9 7 5 6 9 3 7 6 8 5 4 2 1 5 6 4 7 2 1 3 9 8 11 24 
7 9 4 8 6 2 5 1 3 5 2 3 9 1 7 8 6 4 8 6 1 3 5 4 7 9 2 9 6 5 2 4 3 1 8 7 3 7 2 1 8 9 6 4 5 1 4 8 5 7 6 2 3 9 2 1 7 4 3 8 9 5 6 9 3 8 6 9 5 4 2 1 4 5 6 7 2 1 3 7 8 6 21 
7 9 2 5 6 8 1 4 3 4 5 3 2 7 1 8 6 5 8 6 1 3 9 4 9 7 2 6 7 5 9 2 3 7 1 4 3 2 9 1 4 7 6 5 8 1 4 8 5 8 6 2 3 9 2 1 4 7 3 9 5 8 6 9 3 7 6 8 5 4 2 1 5 8 6 4 1 2 3 9 7 7 21 
7 9 6 5 8 2 1 4 3 4 2 3 7 1 9 8 6 5 8 5 1 3 6 4 9 7 2 6 8 5 2 9 3 7 1 4 3 2 9 1 4 7 6 5 8 1 4 7 8 5 6 2 3 9 2 1 7 4 3 8 5 9 6 9 3 8 6 7 5 4 2 1 5 6 4 9 2 1 3 8 7 3 20 
7 9 2 5 6 8 1 4 3 4 5 3 7 1 2 8 6 5 8 6 1 3 9 4 9 7 2 9 6 5 2 7 3 1 8 4 3 8 2 1 4 9 6 5 7 1 4 7 8 5 6 2 3 9 2 1 4 9 3 8 7 5 6 9 3 8 6 7 5 4 2 1 5 7 6 4 2 1 3 9 8 10 23 
7 9 6 8 5 2 1 4 3 4 2 3 7 1 9 8 6 5 8 5 1 3 6 4 9 7 2 6 2 5 9 4 3 1 8 7 3 7 9 1 2 8 6 5 4 1 4 8 5 7 6 2 3 9 2 1 8 4 3 7 5 9 6 9 3 7 6 8 5 4 2 1 5 6 4 2 9 1 3 7 8 5 20 
7 9 6 8 1 2 5 4 3 4 2 3 9 5 7 1 6 8 8 5 1 3 6 4 7 9 2 6 7 5 2 9 3 8 1 4 3 2 9 1 4 8 6 7 5 1 4 8 5 7 6 2 3 9 2 8 4 7 3 1 9 5 6 9 3 7 6 8 5 4 2 1 5 1 6 4 2 9 3 8 7 3 19 
7 9 2 5 6 8 1 4 3 4 5 3 2 1 7 5 6 8 8 6 1 3 9 4 7 9 2 9 6 5 8 2 3 8 1 4 3 7 2 1 4 9 6 5 7 1 4 8 7 5 6 2 3 9 2 5 7 4 3 1 9 8 6 9 3 8 6 7 5 4 2 1 6 1 4 9 2 8 3 7 5 12 24 
7 9 6 2 6 8 5 1 3 4 2 3 7 1 3 8 6 4 8 5 1 5 9 4 7 9 2 9 6 5 4 2 7 3 1 7 3 8 2 1 8 9 6 4 5 1 4 7 3 5 6 2 8 9 2 7 4 9 3 1 9 5 6 9 3 8 6 7 5 4 2 1 5 1 6 8 4 2 3 7 8 14 24 
7 9 2 2 1 8 5 4 3 4 5 3 7 9 3 1 6 8 8 6 1 5 6 4 7 9 2 6 2 5 8 4 9 3 1 7 3 7 9 1 2 7 6 5 4 1 4 8 3 5 6 2 8 9 2 7 4 9 3 1 8 5 6 9 3 8 6 7 5 4 2 1 5 1 6 4 8 2 9 3 7 10 23 
7 9 6 5 1 2 1 8 3 4 2 3 9 8 7 5 6 4 8 5 1 3 6 4 9 7 2 6 8 5 2 9 3 7 1 8 3 2 9 1 4 8 6 4 5 1 4 7 7 5 6 2 3 9 2 7 4 8 3 1 5 9 6 9 3 8 6 7 5 4 2 1 5 1 6 4 2 9 8 3 7 10 22 
7 9 6 2 5 8 1 4 3 4 2 3 9 1 7 8 6 5 8 5 1 3 6 4 9 7 2 6 2 5 8 9 3 7 1 4 3 7 9 1 4 2 6 5 8 1 4 8 5 7 6 2 3 9 2 1 4 7 3 9 5 8 6 9 3 7 6 8 5 4 2 1 5 6 8 4 2 1 3 9 7 3 19 
7 9 2 8 6 2 1 4 3 4 5 3 7 1 9 5 6 8 8 6 1 3 5 4 9 7 2 6 8 5 2 9 3 7 1 4 3 2 9 1 4 7 6 8 5 1 4 7 5 8 6 2 3 9 2 7 4 9 3 1 8 5 6 9 3 8 6 7 5 4 2 1 5 1 6 4 2 8 3 9 7 3 19 
7 9 2 5 6 8 1 4 3 4 5 3 9 1 2 7 6 8 8 6 1 3 7 4 9 5 2 6 7 5 2 9 3 8 1 4 3 2 9 1 4 8 6 7 5 1 4 8 7 5 6 2 3 9 2 1 4 9 3 7 5 8 6 9 3 7 6 8 5 4 2 1 5 8 6 4 2 1 3 9 7 3 16 
7 9 6 2 5 8 1 4 3 4 2 3 9 1 7 8 6 5 8 5 1 3 6 4 7 9 2 9 7 5 8 2 3 6 1 4 3 6 2 1 4 9 5 7 8 1 4 8 5 7 6 2 3 9 2 8 4 7 3 1 9 5 6 9 3 7 6 8 5 4 2 1 5 1 6 4 9 2 3 8 7 3 16 
7 9 2 2 6 1 8 4 3 4 5 3 7 9 8 1 6 5 8 6 1 3 5 4 9 7 2 6 8 5 9 2 3 6 1 7 3 2 9 1 4 7 5 8 4 1 4 7 5 8 6 2 3 9 2 1 4 8 3 9 7 5 6 9 3 8 6 7 5 4 2 1 5 7 6 4 1 2 3 9 8 5 19 
7 9 4 5 6 2 1 8 3 5 2 3 7 1 8 9 6 4 8 6 1 3 9 4 7 5 2 9 6 5 2 4 3 8 1 7 3 8 2 1 7 9 6 4 5 1 4 7 8 5 6 2 3 9 2 1 8 4 3 7 5 9 6 9 3 7 6 8 5 4 2 1 4 5 6 9 2 1 3 7 8 4 18 
7 9 2 5 6 8 1 4 3 4 5 3 2 9 1 7 6 8 8 6 1 3 7 4 9 5 2 9 8 5 7 2 3 6 1 4 3 2 6 1 4 9 8 7 5 1 4 7 8 5 6 2 3 9 2 1 4 9 3 7 5 8 6 9 3 7 6 8 5 4 2 1 6 5 8 4 1 2 3 9 7 4 18 
7 9 2 5 6 1 8 4 3 4 5 3 8 9 2 1 6 7 8 6 1 3 7 4 9 5 2 9 7 5 4 2 3 6 1 8 3 2 6 1 9 8 7 5 4 1 4 8 7 5 6 2 3 9 2 8 4 9 3 1 5 7 6 9 3 7 6 8 5 4 2 1 5 1 6 2 4 7 3 9 8 7 21 
7 9 2 5 6 8 1 4 3 4 5 3 2 9 1 7 6 8 8 6 1 3 7 4 5 9 2 6 8 5 9 2 7 3 1 4 3 2 9 1 4 8 6 7 5 1 4 7 3 5 6 2 8 9 2 1 4 7 3 9 8 5 6 9 3 7 6 8 5 4 2 1 5 6 8 4 1 2 9 3 7 5 18 
7 9 4 5 2 1 8 4 3 5 2 3 8 9 3 1 6 7 8 6 1 7 6 4 5 9 2 9 6 5 2 7 8 3 1 8 3 7 2 1 4 9 6 5 4 1 4 8 3 5 6 2 7 9 2 1 4 9 3 7 8 5 6 9 3 7 6 8 5 4 2 1 5 8 6 4 2 1 9 3 7 15 25 
7 9 2 8 6 1 5 4 3 4 5 3 7 2 9 1 6 8 8 6 1 3 5 4 9 7 2 6 7 5 4 9 3 8 1 7 3 2 9 1 8 2 6 5 4 1 4 8 5 7 6 2 3 9 2 8 4 9 3 1 7 8 6 9 3 7 6 8 5 4 2 1 5 1 6 2 4 7 3 9 5 7 20 
7 9 6 5 1 2 8 4 3 4 2 3 9 7 8 1 6 5 8 5 1 3 6 4 9 7 2 9 6 5 8 4 2 3 1 7 3 8 2 1 9 7 6 5 4 1 4 7 3 5 6 2 8 9 2 7 4 8 3 1 5 9 6 9 3 8 6 7 5 4 2 1 5 1 6 2 4 9 7 3 8 8 21 
7 9 2 5 1 8 1 8 3 4 5 3 7 9 2 7 6 4 8 6 1 3 6 4 9 5 2 6 2 5 4 9 3 8 1 7 3 8 9 1 2 7 6 4 5 1 4 7 5 8 6 2 3 9 2 1 4 8 3 9 5 7 6 9 3 8 6 7 5 4 2 1 5 7 6 2 4 1 3 9 8 8 20 
7 9 2 8 6 1 8 4 3 4 5 3 2 9 7 1 6 5 8 6 1 3 5 4 7 9 2 6 7 5 9 4 2 3 1 8 3 2 9 1 7 8 6 5 4 1 4 8 3 5 6 2 7 9 2 1 4 7 3 9 5 8 6 9 3 7 6 8 5 4 2 1 5 8 6 4 2 1 9 3 7 6 19 
7 9 2 5 1 2 8 5 3 4 5 3 8 7 3 1 6 4 8 6 1 9 6 4 9 7 2 6 2 5 3 4 9 8 1 7 3 7 9 1 2 8 6 4 5 1 4 8 7 5 6 2 3 9 2 8 4 7 3 1 5 9 6 9 3 7 6 8 5 4 2 1 5 1 6 2 4 9 3 7 8 12 23 
7 9 2 2 5 1 8 4 3 4 5 3 8 7 9 1 6 5 8 6 1 3 6 4 7 9 2 9 6 5 4 9 3 7 1 8 3 2 7 1 2 8 6 5 4 1 4 8 5 7 6 2 3 9 2 8 4 7 3 1 5 9 6 9 3 7 6 8 5 4 2 1 5 1 6 9 4 2 3 8 7 13 22 
7 9 6 5 2 8 1 4 3 4 2 3 9 7 1 5 6 8 8 5 1 3 6 4 9 7 2 6 8 5 2 9 3 7 1 4 3 2 9 1 4 7 6 8 5 1 4 7 8 5 6 2 3 9 2 1 4 7 3 9 8 5 6 9 3 7 6 8 5 4 2 1 5 6 8 4 1 2 3 9 7 3 16 
7 9 4 5 2 1 8 4 3 5 2 3 7 8 9 1 6 5 8 6 1 3 6 4 9 7 2 6 7 5 2 9 3 6 1 7 3 2 9 1 4 8 5 8 4 1 4 8 5 7 6 2 3 9 2 5 8 4 3 1 9 7 6 9 3 7 6 8 5 4 2 1 4 1 6 7 2 9 3 8 5 20 24 
7 9 6 2 6 1 5 4 3 4 2 3 7 9 8 1 6 8 8 5 1 3 5 4 7 9 2 9 6 5 3 2 7 8 1 4 3 8 2 1 4 9 6 7 5 1 4 7 5 8 6 2 3 9 2 5 7 4 3 1 9 8 6 9 3 8 6 7 5 4 2 1 6 1 4 9 8 2 3 5 7 10 21 
7 9 4 5 2 1 5 1 3 5 2 3 7 8 9 8 6 4 8 6 1 3 6 4 7 9 2 6 7 5 2 4 3 1 3 8 3 2 9 1 9 7 6 4 5 1 4 8 8 5 6 2 7 9 2 5 4 9 3 8 9 8 6 9 3 7 6 7 5 4 2 1 1 8 6 4 1 2 3 5 7 15 22 
7 9 2 5 2 8 1 5 3 4 5 3 7 9 1 8 6 4 8 6 1 3 6 4 9 7 2 6 2 5 8 4 9 3 1 7 3 7 9 1 7 2 6 4 5 1 4 8 3 5 6 2 8 9 2 8 4 9 3 7 5 9 6 9 3 7 6 8 5 4 2 1 5 1 6 4 1 2 7 3 8 11 21 
7 9 4 2 6 8 8 1 3 5 2 3 9 1 7 9 6 4 8 6 1 3 5 4 7 5 2 6 2 5 9 4 3 1 7 8 3 8 9 1 8 2 6 4 5 1 4 7 5 7 6 2 3 9 2 8 4 7 3 8 7 5 6 9 3 7 6 9 5 4 2 1 5 1 6 4 2 1 3 9 8 20 23 
7 9 2 2 6 8 1 4 3 4 5 3 3 1 9 7 6 8 8 6 1 5 7 4 5 9 2 6 7 5 9 2 3 8 1 4 3 2 9 1 4 7 6 7 5 1 4 8 8 5 6 2 3 9 2 8 4 7 3 1 9 5 6 9 3 7 6 8 5 4 2 1 5 1 6 4 9 2 3 8 7 6 19 
7 9 6 8 5 1 8 4 3 4 2 3 7 9 2 1 6 5 8 5 1 3 6 4 9 7 2 6 8 5 9 2 3 1 8 7 3 2 9 1 4 7 6 5 4 1 4 7 5 8 6 2 3 9 2 5 4 4 3 8 7 9 6 9 3 8 6 7 5 4 2 1 6 1 7 2 1 9 3 5 8 13 21 
7 9 2 2 1 8 5 4 3 4 5 3 7 5 9 1 6 8 8 6 1 3 6 4 9 7 2 6 2 5 9 4 3 8 1 7 3 8 9 1 2 7 6 5 4 1 4 7 5 8 6 2 3 9 2 5 4 8 3 1 7 9 6 9 3 8 6 7 5 4 2 1 6 1 7 4 9 2 3 8 5 7 19 
7 9 2 8 6 1 5 4 3 4 5 3 2 9 7 1 6 8 8 6 1 3 5 4 9 7 2 6 7 5 9 2 3 8 1 4 3 2 9 1 4 8 6 5 7 1 4 8 5 7 6 2 3 9 2 1 4 4 3 9 7 8 6 9 3 7 6 8 5 4 2 1 5 8 6 7 1 2 3 9 5 3 16 
7 9 6 5 8 2 1 4 3 4 2 3 7 1 9 5 6 8 8 5 1 3 6 4 7 9 2 6 2 5 9 4 3 8 1 7 3 8 9 1 2 7 6 5 4 1 4 7 8 5 6 2 3 9 2 5 7 4 3 1 9 8 6 9 3 8 6 7 5 4 2 1 6 1 4 2 9 8 3 7 5 5 17 
7 9 2 2 1 8 5 4 3 4 5 3 7 9 3 1 6 8 8 6 1 5 6 4 7 9 2 6 2 5 3 8 2 1 7 4 3 7 9 1 4 9 6 8 5 1 4 8 5 7 6 2 3 9 2 1 4 9 3 7 8 5 6 9 3 7 6 8 5 4 2 1 5 8 6 4 2 1 9 3 7 10 20 
7 9 2 8 1 2 8 1 3 4 5 3 5 9 7 9 6 4 8 6 1 3 6 4 7 5 2 6 2 5 2 4 3 8 1 7 3 8 9 1 8 9 6 5 4 1 4 7 7 5 6 2 3 9 2 1 4 4 3 1 9 8 6 9 3 8 6 7 5 4 2 1 5 7 6 9 2 8 3 7 5 21 24 
7 9 6 8 5 2 1 4 3 4 2 3 7 1 9 8 6 5 8 5 1 3 6 4 7 9 2 6 7 5 2 9 3 3 1 4 3 2 9 1 4 8 6 5 7 1 4 8 5 7 6 2 8 9 2 1 8 9 3 7 5 7 6 9 3 7 6 8 5 4 2 1 5 6 4 4 2 1 9 3 8 7 18 
7 9 4 5 6 8 1 4 3 5 2 3 7 1 2 8 6 5 8 6 1 3 9 4 9 7 2 6 2 5 2 4 3 6 1 7 3 8 9 1 5 9 5 8 4 1 4 7 7 8 6 2 3 9 2 5 4 8 3 1 9 5 6 9 3 8 6 7 5 4 2 1 1 7 6 4 9 2 3 7 8 21 22 
7 9 2 5 1 2 8 4 3 4 5 3 9 8 7 1 6 5 8 6 1 3 6 4 9 7 2 9 8 5 2 4 3 8 1 4 3 6 2 1 7 9 6 7 5 1 4 7 8 5 6 2 3 9 2 1 8 4 3 7 5 9 6 9 3 7 6 8 5 4 2 1 6 5 4 2 1 9 7 3 8 22 24 
7 9 2 5 6 8 8 1 3 4 5 3 2 1 7 5 6 4 8 6 1 3 9 4 7 9 2 6 8 5 3 4 2 7 1 8 3 2 9 1 8 9 6 4 5 1 4 7 7 5 6 2 3 9 2 1 4 9 3 8 9 5 6 9 3 8 6 7 5 4 2 1 5 7 6 4 2 1 3 8 7 14 21 
7 9 2 5 6 8 1 4 3 4 5 3 2 7 1 9 6 8 8 6 1 3 9 4 5 7 2 6 7 5 8 2 3 6 1 4 3 2 9 1 4 9 7 8 5 1 4 8 7 5 6 2 3 9 2 1 4 9 3 7 8 5 6 9 3 7 6 8 5 4 2 1 5 8 6 4 1 2 3 9 7 3 15 
7 9 2 8 6 2 1 4 3 4 5 3 7 1 9 5 6 8 8 6 1 3 5 4 7 9 2 6 2 5 9 4 3 8 1 7 3 7 9 1 2 8 6 5 4 1 4 8 5 7 6 2 3 9 2 1 4 4 3 7 9 8 6 9 3 7 6 8 5 4 2 1 5 8 6 2 9 1 3 7 5 5 17 
7 9 6 5 2 1 8 4 3 4 2 3 7 8 9 1 6 5 8 5 1 3 6 4 9 7 2 9 8 5 2 4 3 6 1 7 3 6 2 1 9 7 5 8 4 1 4 7 8 5 6 2 3 9 2 1 4 9 3 8 7 5 6 9 3 8 6 7 5 4 2 1 5 7 6 4 1 2 3 9 8 3 14 
7 9 2 5 6 1 8 4 3 4 5 3 8 9 2 1 6 7 8 6 1 3 7 4 9 5 2 6 7 5 9 2 3 6 1 4 3 2 9 1 4 8 7 8 5 1 4 8 7 5 6 2 3 9 2 1 8 4 3 7 5 9 6 9 3 7 6 8 5 4 2 1 5 6 4 2 1 9 3 7 8 5 16 
7 9 6 5 2 8 1 4 3 4 2 3 9 7 1 5 6 8 8 5 1 3 6 4 7 9 2 6 2 5 7 9 3 8 1 4 3 8 9 1 4 2 6 7 5 1 4 7 8 5 6 2 3 9 2 1 4 4 3 7 9 8 6 9 3 7 6 8 5 4 2 1 5 6 8 2 1 9 3 5 7 5 15 
7 9 2 8 6 1 5 4 3 4 5 3 2 9 7 1 6 8 8 6 1 3 5 4 7 9 2 6 7 5 9 2 3 1 8 4 3 2 9 1 4 8 6 7 5 1 4 8 5 7 6 2 3 9 2 1 4 7 3 9 8 5 6 9 3 7 6 8 5 4 2 1 5 8 6 4 1 2 9 3 7 3 13 
7 9 6 8 5 2 1 4 3 4 2 3 7 1 9 8 6 5 8 5 1 3 6 4 9 7 2 6 2 5 4 9 3 7 1 8 3 8 9 1 2 7 6 5 4 1 4 7 5 8 6 2 3 9 2 7 4 9 3 1 5 8 6 9 3 8 6 7 5 4 2 1 5 1 6 2 4 8 3 9 7 3 11 
7 9 2 5 6 1 8 4 3 4 5 3 2 8 9 1 6 5 8 6 1 3 7 4 9 7 2 6 7 5 9 2 3 8 1 4 3 2 9 1 4 8 6 5 7 1 4 8 7 5 6 2 3 9 2 1 4 8 3 7 5 9 6 9 3 7 6 9 5 4 2 1 5 8 6 4 1 2 3 8 7 7 16 
7 9 2 2 6 8 1 4 3 4 5 3 9 1 7 5 6 8 8 6 1 3 5 4 9 7 2 6 7 5 8 9 3 6 1 4 3 2 9 1 4 2 7 8 5 1 4 8 5 7 6 2 3 9 2 1 4 7 3 9 8 5 6 9 3 7 6 8 5 4 2 1 5 8 6 4 2 1 3 9 7 5 15 

