MonoObjective Genetic Algorithm
Number of Evaluations = 0
Mutation Probability = 0.0100000000000000002
Crossover Probability = 0.5
Population Size = 100
Survival Selection Type = 16

Time =  300.092652999999984

Current Evaluation = 95600
Front Size = 100
7 9 2 5 6 8 1 4 3 4 5 3 2 1 9 8 6 7 8 6 1 3 7 4 9 5 2 6 2 5 8 9 3 7 1 4 3 7 9 1 4 2 6 8 5 1 4 8 7 5 6 2 3 9 2 8 4 9 3 1 5 7 6 9 3 7 6 8 5 4 2 1 5 1 6 4 2 7 3 9 8 1 21 
7 9 6 2 5 8 1 4 3 4 2 3 7 1 9 8 6 5 8 5 1 3 6 4 9 7 2 9 6 5 4 2 3 7 1 8 3 8 2 1 9 7 6 5 4 1 4 7 5 8 6 2 3 9 2 7 4 8 3 1 5 9 6 9 3 8 6 7 5 4 2 1 5 1 6 9 4 2 3 8 7 3 33 
7 9 6 5 1 2 8 4 3 4 2 3 8 9 3 1 6 5 8 5 1 7 6 4 9 7 2 6 8 5 2 7 9 3 1 4 3 2 9 1 4 8 6 5 7 1 4 7 3 5 6 2 8 9 2 1 8 4 3 7 5 9 6 9 3 7 6 8 5 4 2 1 5 6 4 9 2 1 7 3 8 5 37 
7 9 2 5 8 1 1 4 3 4 5 3 7 2 3 9 6 8 8 6 1 9 6 4 7 5 2 9 7 5 2 4 8 6 3 4 3 2 6 1 5 9 8 7 5 1 4 8 3 7 6 2 1 9 2 1 4 8 3 7 5 9 6 9 3 7 6 9 5 4 2 1 5 8 6 4 1 2 3 8 7 11 36 
7 9 6 5 2 8 1 4 3 4 2 3 9 1 7 5 6 8 8 5 1 3 6 4 7 9 2 9 7 5 2 8 3 6 1 4 3 6 2 1 4 9 8 7 5 1 4 8 7 5 6 2 3 9 2 5 7 4 3 1 9 8 6 9 3 8 6 7 5 4 2 1 6 1 4 8 9 2 3 5 7 4 32 
7 9 6 8 1 2 5 4 3 4 2 3 7 9 3 1 6 8 8 5 1 5 6 4 7 9 2 9 6 5 4 2 8 3 1 7 3 8 2 1 7 9 6 5 4 1 4 7 3 5 6 2 8 9 2 5 4 9 3 1 8 7 6 9 3 7 6 8 5 4 2 1 6 1 8 2 4 7 9 3 5 6 32 
7 9 2 5 6 1 8 4 3 4 5 3 2 8 3 1 6 7 8 6 1 7 9 4 5 9 2 6 8 5 9 2 7 3 1 4 3 2 9 1 4 8 6 7 5 1 4 7 3 5 6 2 8 9 2 1 4 8 3 9 7 5 6 9 3 8 6 7 5 4 2 1 5 7 6 4 1 2 9 3 8 3 29 
7 9 2 8 6 1 5 4 3 4 5 3 2 9 7 1 6 8 8 6 1 3 5 4 9 7 2 6 7 5 9 2 3 8 1 4 3 2 9 1 4 8 6 5 7 1 4 8 5 7 6 2 3 9 2 1 4 4 3 9 7 8 6 9 3 7 6 8 5 4 2 1 5 8 6 7 1 2 3 9 5 3 27 
7 9 2 5 1 2 5 1 3 4 5 3 9 7 8 8 6 4 8 6 1 3 6 4 7 9 2 6 8 5 4 9 3 1 7 8 3 2 9 1 2 7 6 4 5 1 4 7 5 8 6 2 3 9 2 1 8 7 3 1 9 5 6 9 3 7 6 8 5 4 2 1 6 5 4 2 4 9 3 8 7 16 36 
7 9 6 8 2 1 5 4 3 4 2 3 5 9 7 1 6 8 8 5 1 3 6 4 7 9 2 6 2 5 7 4 9 3 1 8 3 8 9 1 5 2 6 7 4 1 4 7 3 8 6 2 5 9 2 1 7 4 3 8 9 5 6 9 3 8 6 7 5 4 2 1 5 6 4 9 1 2 8 3 7 7 31 
7 9 4 2 6 8 1 8 3 5 2 3 7 1 3 9 6 4 8 6 1 9 5 4 5 7 2 6 2 5 3 9 7 6 1 8 3 8 9 1 4 2 7 4 5 1 4 7 5 8 6 2 3 9 2 5 7 4 3 1 8 9 6 9 3 8 6 7 5 4 2 1 4 1 6 8 2 9 3 5 7 8 32 
7 9 4 5 6 1 8 4 3 5 2 3 8 9 2 1 6 5 8 6 1 3 7 4 7 9 2 9 8 5 7 2 3 6 1 4 3 2 6 1 4 9 5 8 7 1 4 7 8 5 6 2 3 9 2 5 8 4 3 1 9 7 6 9 3 7 6 8 5 4 2 1 4 1 6 9 2 7 3 5 8 12 31 
7 9 6 8 6 1 1 4 3 4 2 3 2 9 3 8 6 7 8 5 1 5 7 4 9 5 2 6 1 5 8 2 9 7 3 8 3 7 2 1 4 7 6 4 5 9 4 8 3 5 6 2 1 9 2 7 8 4 3 1 5 9 6 5 3 9 6 7 5 4 2 1 1 6 4 8 2 9 3 8 7 225 33 
7 9 4 5 6 2 1 4 3 5 2 3 3 1 8 7 6 8 8 6 1 7 9 4 9 5 2 9 6 5 2 7 3 8 3 4 3 8 2 1 4 9 6 5 7 1 4 7 8 5 6 2 1 9 2 1 4 7 3 9 5 8 6 9 3 7 6 8 5 4 2 1 5 8 6 4 2 1 3 9 7 17 31 
7 9 4 8 5 2 8 1 3 5 2 3 7 9 1 7 6 4 8 6 1 3 6 4 9 5 2 9 6 5 9 2 3 1 7 8 3 7 2 1 4 8 6 4 5 1 4 8 5 7 6 2 3 9 2 1 8 4 3 7 5 8 6 9 3 7 6 8 5 4 2 1 4 5 6 2 1 9 3 9 7 11 30 
7 9 2 5 6 8 1 4 3 4 5 3 7 1 2 9 6 8 8 6 1 3 9 4 5 7 2 9 8 5 2 4 3 6 1 7 3 2 6 1 7 9 8 5 4 1 4 7 8 5 6 2 3 9 2 5 4 9 3 1 7 8 6 9 3 7 6 8 5 4 2 1 6 1 8 4 2 7 3 9 5 4 28 
7 9 6 5 8 2 1 8 3 4 2 3 3 7 1 9 6 4 8 5 1 9 6 4 5 7 2 6 7 5 2 9 3 1 4 8 3 2 9 1 4 8 6 7 5 1 4 8 7 5 6 2 3 9 2 1 4 4 3 7 8 9 6 9 3 7 6 8 5 4 2 1 5 6 8 2 1 9 3 5 7 13 30 
7 9 6 5 1 2 8 4 3 4 2 3 8 7 9 1 6 5 8 5 1 3 6 4 9 7 2 9 7 5 2 4 3 6 1 8 3 6 2 1 9 8 7 5 4 1 4 8 7 5 6 2 3 9 2 1 4 9 3 7 5 8 6 9 3 7 6 8 5 4 2 1 5 8 6 4 2 1 3 9 7 3 26 
7 9 2 5 6 8 1 4 3 4 5 3 7 2 1 9 6 8 8 6 1 3 9 4 7 5 2 6 2 5 9 7 3 8 1 4 3 8 9 1 4 2 6 7 5 1 4 7 8 5 6 2 3 9 2 1 8 4 3 7 5 9 6 9 3 7 6 8 5 4 2 1 5 6 4 2 1 9 3 8 7 3 26 
7 9 4 8 1 2 5 1 3 5 2 3 5 9 7 8 6 4 8 6 1 3 6 4 7 9 2 6 2 5 9 7 3 1 4 8 3 8 9 1 4 2 6 5 7 1 4 7 5 8 6 2 3 9 2 5 4 9 3 1 7 8 6 9 3 8 6 7 5 4 2 1 6 1 7 4 2 8 3 9 5 14 30 
7 9 4 2 5 1 8 4 3 5 2 3 9 7 8 1 6 7 8 6 1 3 6 4 5 9 2 9 6 5 4 8 7 3 1 4 3 7 2 1 9 2 6 5 8 1 4 8 3 5 6 2 7 9 2 5 4 7 3 1 9 8 6 9 3 7 6 8 5 4 2 1 1 8 6 2 4 9 7 3 5 15 30 
7 9 2 2 6 8 1 5 3 4 5 3 7 9 1 8 6 4 8 6 1 3 5 4 9 7 2 6 2 5 9 4 3 8 1 7 3 8 9 1 2 7 6 4 5 1 4 7 5 8 6 2 3 9 2 1 4 8 3 9 5 7 6 9 3 8 6 7 5 4 2 1 5 7 6 4 1 2 3 9 8 5 26 
7 9 6 5 2 8 1 4 3 4 2 3 9 7 1 8 6 5 8 5 1 3 6 4 9 7 2 6 2 5 8 4 3 6 1 7 3 7 9 1 9 2 5 8 4 1 4 8 7 5 6 2 3 9 2 1 8 4 3 9 7 5 6 9 3 7 6 8 5 4 2 1 5 6 4 2 1 7 3 9 8 5 26 
7 9 2 5 6 8 1 4 3 4 5 3 2 9 1 8 6 7 8 6 1 3 7 4 5 9 2 9 7 5 4 2 3 6 1 8 3 2 6 1 8 9 7 5 4 1 4 8 7 5 6 2 3 9 2 1 4 9 3 8 5 7 6 9 3 8 6 7 5 4 2 1 6 5 7 2 4 1 9 3 8 11 29 
7 9 6 5 8 2 1 4 3 4 2 3 7 9 1 8 6 5 8 5 1 3 6 4 9 7 2 6 8 5 9 2 3 7 1 4 3 2 9 1 4 7 6 5 8 1 4 7 8 5 6 2 3 9 2 1 7 4 3 9 5 8 6 9 3 8 6 7 5 4 2 1 5 6 4 2 1 8 3 9 7 3 24 
7 9 2 5 6 8 1 4 3 4 5 3 9 2 1 7 6 8 8 6 1 3 7 4 5 9 2 6 7 5 8 9 2 3 1 4 3 2 9 1 4 7 6 8 5 1 4 8 3 5 6 2 7 9 2 1 4 7 3 9 8 5 6 9 3 7 6 8 5 4 2 1 5 8 6 4 1 2 9 3 7 3 23 
7 9 6 8 5 2 1 4 3 4 2 3 9 1 7 5 6 8 8 5 1 3 6 4 7 9 2 6 7 5 2 9 3 8 1 4 3 2 9 1 4 8 6 5 7 1 4 8 5 7 6 2 3 9 2 8 4 7 3 1 9 5 6 9 3 7 6 8 5 4 2 1 5 1 6 4 2 9 3 8 7 5 25 
7 9 6 8 1 2 5 4 3 4 2 3 5 9 7 1 6 8 8 5 1 3 6 4 9 7 2 9 6 5 2 4 3 8 1 7 3 7 2 1 8 9 6 5 4 1 4 8 7 5 6 2 3 9 2 5 4 9 3 1 7 8 6 9 3 8 6 7 5 4 2 1 6 1 7 4 2 8 3 9 5 4 23 
7 9 2 5 6 1 8 4 3 4 5 3 9 2 8 1 6 7 8 6 1 3 7 4 5 9 2 6 2 5 8 9 3 7 1 4 3 7 9 1 4 2 6 5 8 1 4 8 7 5 6 2 3 9 2 1 4 4 3 7 9 8 6 9 3 7 6 8 5 4 2 1 5 8 6 2 1 9 3 7 5 3 21 
7 9 4 5 6 2 1 8 3 5 2 3 8 1 3 5 6 4 8 6 1 7 9 4 7 9 2 9 6 5 2 4 7 1 3 8 3 8 2 1 5 9 6 4 7 1 4 7 3 8 6 2 5 9 2 7 4 4 3 1 8 5 6 9 3 8 6 7 5 4 2 1 5 1 6 9 8 2 9 3 7 17 29 
7 9 6 5 2 8 1 4 3 4 2 3 7 9 1 8 6 5 8 5 1 3 6 4 7 9 2 6 8 5 2 4 9 3 1 7 3 2 9 1 8 7 6 5 4 1 4 7 3 5 6 2 8 9 2 1 4 9 3 8 5 7 6 9 3 8 6 7 5 4 2 1 5 7 6 4 1 2 9 3 8 5 24 
7 9 4 5 6 1 8 4 3 5 2 3 9 2 8 1 6 7 8 6 1 3 7 4 9 5 2 6 8 5 2 4 7 1 3 4 3 2 9 1 5 9 6 8 5 1 4 7 3 8 6 2 7 9 2 1 8 4 3 8 7 9 6 9 3 7 6 9 5 4 2 1 6 5 4 7 1 2 5 3 8 18 30 
7 9 6 2 6 1 8 4 3 4 2 3 8 9 3 1 6 7 8 5 1 7 5 4 5 9 2 9 8 5 3 4 9 7 1 8 3 6 2 1 2 8 6 5 4 1 4 7 5 7 6 2 3 9 2 5 8 9 3 7 9 7 6 9 3 7 6 8 5 4 2 1 6 1 4 4 1 2 3 8 5 18 30 
7 9 6 2 5 1 8 4 3 4 2 3 8 9 7 1 6 5 8 5 1 3 6 4 9 7 2 6 2 5 9 4 3 7 1 8 3 7 9 1 2 8 6 5 4 1 4 8 5 7 6 2 3 9 2 1 4 7 3 9 5 8 6 9 3 7 6 8 5 4 2 1 5 6 8 4 1 2 3 9 7 3 21 
7 9 6 8 6 2 1 4 3 4 2 3 5 1 9 8 6 7 8 5 1 3 7 4 5 9 2 9 6 5 2 4 3 7 1 4 3 8 2 1 9 7 6 8 5 1 4 7 8 5 6 2 3 9 2 1 7 4 3 8 9 5 6 9 3 8 6 7 5 4 2 1 6 5 4 9 2 1 3 7 8 10 28 
7 9 4 8 6 2 1 4 3 5 2 3 5 1 9 8 6 7 8 6 1 3 7 4 9 5 2 9 7 5 2 4 3 6 1 8 3 6 2 1 9 8 5 7 4 1 4 8 7 5 6 2 3 9 2 5 8 4 3 1 7 8 6 9 3 7 6 8 5 4 2 1 4 1 6 9 2 7 3 9 5 8 24 
7 9 2 5 6 8 1 4 3 4 5 3 2 1 3 9 6 8 8 6 1 7 9 4 5 7 2 6 8 5 9 4 2 3 1 7 3 2 9 1 5 7 6 8 4 1 4 7 3 8 6 2 5 9 2 1 4 4 3 1 8 9 6 9 3 8 6 7 5 4 2 1 5 6 7 8 2 9 7 3 5 9 26 
7 9 2 5 6 8 1 4 3 4 5 3 2 1 7 9 6 8 8 6 1 3 9 4 5 7 2 6 8 5 9 2 3 7 1 4 3 2 9 1 4 7 6 8 5 1 4 7 8 5 6 2 3 9 2 7 4 9 3 1 8 5 6 9 3 8 6 7 5 4 2 1 5 1 6 4 8 2 3 9 7 3 21 
7 9 2 5 6 8 1 4 3 4 5 3 2 1 7 9 6 8 8 6 1 3 9 4 5 7 2 6 2 5 4 9 3 8 1 7 3 7 9 1 8 2 6 5 4 1 4 8 7 5 6 2 3 9 2 5 4 8 3 1 7 9 6 9 3 8 6 7 5 4 2 1 6 1 7 2 4 9 3 8 5 6 23 
7 9 2 8 6 2 1 4 3 4 5 3 9 1 7 8 6 5 8 6 1 3 5 4 7 9 2 6 2 5 4 9 7 3 1 8 3 7 9 1 2 8 6 5 4 1 4 8 3 5 6 2 7 9 2 1 4 7 3 9 5 8 6 9 3 7 6 8 5 4 2 1 5 8 6 2 4 1 9 3 7 6 22 
7 9 2 2 5 8 1 4 3 4 5 3 9 1 7 8 6 5 8 6 1 3 6 4 9 7 2 9 2 5 4 8 3 6 1 7 3 7 6 1 2 9 5 8 4 1 4 8 5 7 6 2 3 9 2 8 4 7 3 1 7 5 6 9 3 7 6 9 5 4 2 1 5 1 6 8 4 2 3 9 8 9 25 
7 9 2 5 6 8 1 4 3 4 5 3 2 1 9 7 6 8 8 6 1 3 7 4 5 9 2 6 2 5 7 8 9 3 1 4 3 8 9 1 4 2 6 7 5 1 4 7 3 5 6 2 8 9 2 1 4 8 3 7 9 5 6 9 3 8 6 9 5 4 2 1 5 7 6 4 2 1 8 3 7 5 21 
7 9 6 8 1 2 1 4 3 4 5 2 9 7 3 9 6 8 8 3 1 5 6 4 5 7 2 9 2 5 4 9 8 3 1 7 3 6 7 1 7 2 6 8 4 1 4 8 3 5 6 2 5 9 2 7 8 4 3 1 5 7 6 6 3 9 6 7 5 4 2 1 5 1 4 2 8 9 9 3 8 223 29 
7 9 4 5 6 1 1 8 3 5 2 3 8 2 7 9 6 4 8 6 1 3 9 4 7 5 2 9 7 5 2 8 3 6 1 4 3 2 6 1 4 9 5 7 8 1 4 8 7 5 6 2 3 9 2 1 7 9 3 8 5 9 6 9 3 8 6 7 5 4 2 1 4 5 6 4 1 2 8 3 7 12 28 
7 9 2 5 2 1 8 4 3 4 5 3 3 8 9 1 6 7 8 6 1 7 6 4 5 9 2 9 2 5 3 9 8 6 1 8 3 8 6 1 4 2 7 5 4 1 4 7 5 7 6 2 3 9 2 1 4 9 3 7 8 5 6 9 3 8 6 8 5 4 2 1 5 6 7 4 1 2 3 9 7 21 28 
7 9 2 5 6 1 8 4 3 4 5 3 2 9 8 1 6 7 8 6 1 3 7 4 9 5 2 6 8 5 9 2 3 7 1 4 3 2 9 1 4 7 6 8 5 1 4 7 8 5 6 2 3 9 2 1 8 4 3 9 5 7 6 9 3 7 6 8 5 4 2 1 5 6 4 7 1 2 3 9 8 3 20 
7 9 6 2 5 8 1 4 3 4 2 3 3 1 9 8 6 7 8 5 1 7 6 4 5 9 2 6 7 5 8 9 3 6 3 4 3 2 9 1 4 2 7 5 8 1 4 8 5 7 6 2 1 9 2 5 7 4 3 1 9 8 6 9 3 8 6 8 5 4 2 1 6 1 4 9 2 7 3 7 5 13 26 
7 9 4 8 6 2 1 5 3 5 2 3 5 9 1 8 6 4 8 6 1 3 7 4 7 9 2 6 7 5 4 2 3 3 1 8 3 2 9 1 8 9 6 4 5 1 4 8 7 5 6 2 7 9 2 8 4 9 3 1 7 5 6 9 3 7 6 8 5 4 2 1 5 1 6 2 4 7 9 3 8 14 26 
7 9 2 8 5 2 1 4 3 4 5 3 7 1 9 8 6 7 8 6 1 3 6 4 5 9 2 9 8 5 4 9 7 7 1 4 3 6 2 1 2 8 6 8 5 1 4 7 3 5 6 2 3 9 2 5 4 9 3 8 7 8 6 9 3 7 6 7 5 4 2 1 6 1 8 4 2 1 9 3 5 28 26 
7 9 2 8 6 1 1 4 3 4 5 3 3 9 2 8 6 7 8 6 1 7 5 4 5 9 2 6 8 5 9 2 3 7 1 4 3 2 9 1 4 7 6 5 8 1 4 7 5 8 6 2 3 9 2 1 4 4 3 8 9 7 6 9 3 8 6 7 5 4 2 1 5 7 6 2 1 9 3 8 5 6 22 
7 9 2 5 6 8 1 4 3 4 5 3 2 9 1 7 6 8 8 6 1 3 7 4 9 5 2 9 7 5 8 2 3 6 1 4 3 2 6 1 4 9 8 7 5 1 4 8 7 5 6 2 3 9 2 1 4 9 3 7 5 8 6 9 3 7 6 8 5 4 2 1 5 8 6 4 1 2 3 9 7 3 20 
7 9 6 5 1 2 8 4 3 4 2 3 9 7 8 1 6 5 8 5 1 3 6 4 9 7 2 9 8 5 7 2 3 6 1 4 3 6 2 1 4 9 7 5 8 1 4 7 8 5 6 2 3 9 2 1 8 4 3 7 5 9 6 9 3 7 6 8 5 4 2 1 6 5 4 2 9 1 3 8 7 4 20 
7 9 6 2 1 8 5 4 3 4 2 3 5 7 9 1 6 8 8 5 1 3 6 4 9 7 2 6 2 5 7 4 3 3 8 7 3 8 9 1 9 2 6 5 4 1 4 7 8 5 6 2 1 9 2 1 4 9 3 7 8 9 6 9 3 7 6 8 5 4 2 1 5 6 8 4 2 1 7 3 5 9 25 
7 9 6 2 1 8 5 4 3 4 2 3 9 5 7 1 6 8 8 5 1 3 6 4 7 9 2 9 6 5 2 4 3 8 1 7 3 8 2 1 7 9 6 5 4 1 4 7 8 5 6 2 3 9 2 5 8 4 3 1 9 7 6 9 3 7 6 8 5 4 2 1 6 1 4 7 9 2 3 8 5 6 21 
7 9 6 5 2 8 1 4 3 4 2 3 9 7 1 5 6 8 8 5 1 3 6 4 9 7 2 6 8 5 2 9 3 7 1 4 3 2 9 1 4 7 6 8 5 1 4 7 8 5 6 2 3 9 2 1 4 7 3 9 8 5 6 9 3 7 6 8 5 4 2 1 5 6 8 4 1 2 3 9 7 3 19 
7 9 6 2 1 8 5 4 3 4 2 3 5 9 7 1 6 8 8 5 1 3 6 4 9 7 2 6 2 5 9 8 3 7 1 4 3 7 9 1 4 2 6 8 5 1 4 8 7 5 6 2 3 9 2 8 4 4 3 1 9 5 6 9 3 7 6 8 5 4 2 1 5 1 6 2 7 9 8 3 7 9 24 
7 9 6 5 2 8 1 4 3 4 2 3 9 1 7 8 6 5 8 5 1 3 6 4 9 7 2 6 7 5 2 4 9 7 3 8 3 2 9 1 7 8 6 5 4 1 4 8 3 5 6 2 1 9 2 8 4 7 3 1 5 9 6 9 3 7 6 8 5 4 2 1 5 1 6 4 9 2 3 8 7 7 21 
7 9 2 5 8 2 1 4 3 4 5 3 7 1 3 9 6 8 8 6 1 9 6 4 7 5 2 6 2 5 4 9 7 8 1 4 3 8 9 1 2 8 6 7 5 1 4 7 3 5 6 2 3 9 2 7 4 8 3 1 5 9 6 9 3 8 6 7 5 4 2 1 5 1 6 2 4 9 3 8 7 7 21 
7 9 6 2 5 8 1 4 3 4 2 3 7 9 1 8 6 5 8 5 1 3 6 4 9 7 2 9 6 5 8 2 3 7 1 4 3 7 2 1 4 9 6 5 8 1 4 8 5 7 6 2 3 9 2 1 4 9 3 7 5 8 6 9 3 7 6 8 5 4 2 1 5 8 6 4 1 2 3 9 7 3 18 
7 9 2 5 1 8 8 4 3 4 5 3 9 2 7 1 6 5 8 6 1 3 6 4 9 7 2 6 8 5 2 4 9 3 1 7 3 2 9 1 7 8 6 5 4 1 4 7 3 5 6 2 8 9 2 7 4 8 3 1 5 9 6 9 3 8 6 7 5 4 2 1 5 1 6 4 9 2 7 3 8 7 20 
7 9 2 5 6 1 1 8 3 4 5 3 7 2 8 9 6 4 8 6 1 3 9 4 7 5 2 9 6 5 2 4 3 8 1 7 3 2 8 1 7 9 6 4 5 1 4 7 8 5 6 2 3 9 2 1 4 9 3 7 5 7 6 9 3 7 6 8 5 4 2 1 5 8 6 4 1 2 3 9 8 8 22 
7 9 6 2 8 1 5 4 3 4 2 3 5 9 7 1 6 8 8 5 1 3 6 4 9 7 2 6 8 5 7 2 3 8 1 4 3 2 9 1 4 9 6 5 7 1 4 7 8 5 6 2 3 9 2 1 4 9 3 8 7 8 6 9 3 8 6 7 5 4 2 1 5 7 6 4 1 2 3 9 5 7 19 
7 9 2 5 8 1 5 4 3 4 5 3 9 2 7 1 6 8 8 6 1 3 6 4 9 7 2 6 2 5 8 4 9 3 1 7 3 7 9 1 5 2 6 8 4 1 4 8 3 7 6 2 5 9 2 1 4 7 3 8 8 9 6 9 3 7 6 9 5 4 2 1 5 8 6 4 1 2 7 3 5 8 22 
7 9 2 5 6 8 8 1 3 4 5 3 2 9 1 7 6 4 8 6 1 3 7 4 5 9 2 6 2 5 9 4 3 1 8 7 3 7 9 1 5 2 6 5 4 1 4 8 8 7 6 2 3 9 2 1 4 4 3 9 5 7 6 9 3 7 6 8 5 4 2 1 5 8 6 7 2 1 3 9 8 12 24 
7 9 6 5 2 8 5 1 3 4 2 3 9 7 1 8 6 4 8 5 1 3 6 4 7 9 2 6 7 5 2 4 3 1 4 8 3 2 9 1 8 9 6 7 5 1 4 8 7 5 6 2 3 9 2 1 4 8 3 7 9 5 6 9 3 8 6 9 5 4 2 1 5 6 7 4 1 2 3 8 7 9 21 
7 9 6 2 5 1 8 4 3 4 2 3 9 8 7 1 6 5 8 5 1 3 6 4 9 7 2 6 2 5 7 9 3 7 1 4 3 8 9 1 4 2 6 5 8 1 4 7 8 5 6 2 3 9 2 7 4 4 3 8 5 9 6 9 3 8 6 7 5 4 2 1 5 1 6 2 1 9 3 8 7 9 20 
7 9 6 8 1 2 1 4 3 4 2 3 7 9 3 9 6 8 8 5 1 5 6 4 5 7 2 9 8 5 4 2 9 8 1 4 3 2 6 1 8 7 6 7 5 1 4 7 3 5 6 2 3 9 2 5 4 4 3 8 9 5 6 9 3 7 6 7 5 4 2 1 6 1 8 2 1 9 3 8 7 28 25 
7 9 6 2 5 8 1 4 3 4 2 3 9 1 7 5 6 8 8 5 1 3 6 4 9 7 2 9 7 5 8 2 3 6 1 4 3 6 2 1 4 9 8 5 7 1 4 8 5 7 6 2 3 9 2 5 8 4 3 1 7 9 6 9 3 7 6 8 5 4 2 1 6 1 4 7 9 2 3 8 5 4 18 
7 9 2 8 5 2 1 4 3 4 5 3 7 1 9 9 6 8 8 6 1 3 6 4 5 7 2 9 8 5 2 4 3 6 1 4 3 6 2 1 9 7 7 8 5 1 4 7 5 8 6 2 3 9 2 1 4 9 3 8 8 5 6 9 3 8 6 7 5 4 2 1 5 7 6 4 2 1 3 9 7 11 21 
7 9 2 5 1 8 1 5 3 4 5 3 9 7 2 8 6 4 8 6 1 3 6 4 9 7 2 9 2 5 8 4 3 7 1 8 3 7 6 1 9 2 6 4 5 1 4 8 7 5 6 2 3 9 2 1 4 9 3 7 5 8 6 9 3 7 6 8 5 4 2 1 5 6 8 4 2 1 3 9 7 12 21 
7 9 2 5 1 8 5 4 3 4 5 3 2 9 7 1 6 8 8 6 1 3 6 4 7 9 2 6 7 5 9 2 8 3 1 4 3 2 9 1 4 7 6 8 5 1 4 8 3 5 6 2 7 9 2 8 4 7 3 1 5 9 6 9 3 7 6 8 5 4 2 1 5 1 6 4 2 9 8 3 7 9 19 
7 9 2 5 6 1 8 4 3 4 5 3 8 2 3 1 6 7 8 6 1 7 9 4 5 9 2 6 2 5 9 4 2 3 1 8 3 7 9 1 5 8 6 7 4 1 4 8 3 7 6 2 5 9 2 5 4 4 3 1 9 8 6 9 3 7 6 8 5 4 2 1 1 6 8 2 9 7 7 3 5 13 24 
7 9 2 8 6 2 1 5 3 4 5 3 7 1 9 8 6 4 8 6 1 3 5 4 9 7 2 6 2 5 4 9 3 7 1 8 3 8 9 1 2 7 6 4 5 1 4 7 5 8 6 2 3 9 2 7 4 9 3 1 5 8 6 9 3 8 6 7 5 4 2 1 5 1 6 2 4 8 3 9 7 3 17 
7 9 2 5 6 8 1 4 3 4 5 3 2 7 1 9 6 8 8 6 1 3 9 4 5 7 2 6 2 5 9 4 3 8 1 7 3 8 9 1 2 7 6 5 4 1 4 7 8 5 6 2 3 9 2 1 4 7 3 9 7 8 6 9 3 8 6 8 5 4 2 1 5 7 6 4 1 2 3 9 5 4 17 
7 9 2 8 1 2 8 4 3 4 5 3 7 5 9 1 6 7 8 6 1 3 6 4 9 5 2 6 7 5 9 4 3 7 1 4 3 2 9 1 2 8 6 8 5 1 4 8 5 7 6 2 3 9 2 1 8 4 3 1 9 5 6 9 3 7 6 8 5 4 2 1 4 5 6 2 9 7 3 7 8 17 24 
7 9 6 5 6 8 1 4 3 4 2 3 9 2 1 7 6 8 8 5 1 3 7 4 9 5 2 9 6 5 2 4 3 6 1 4 3 8 2 1 9 7 8 5 7 1 4 7 8 5 6 2 3 9 2 1 8 7 3 9 5 9 6 9 3 7 6 8 5 4 2 1 6 5 4 4 1 2 3 7 8 15 23 
7 9 2 5 6 1 8 4 3 4 5 3 2 7 8 1 6 5 8 6 1 3 9 4 9 7 2 9 7 5 9 4 3 6 1 8 3 6 2 1 2 7 7 5 4 1 4 8 5 8 6 2 3 9 2 1 8 7 3 9 9 5 6 9 3 7 6 8 5 4 2 1 6 5 4 4 1 2 3 8 7 18 24 
7 9 2 5 1 8 8 4 3 4 5 3 2 9 7 1 6 5 8 6 1 3 6 4 7 9 2 6 2 5 9 4 3 3 8 7 3 8 9 1 7 2 6 5 4 1 4 7 8 5 6 2 1 9 2 1 4 7 3 9 5 7 6 9 3 7 6 8 5 4 2 1 5 6 8 4 2 1 9 3 8 10 19 
7 9 6 5 6 2 5 1 3 4 2 3 8 9 1 8 6 4 8 5 1 3 7 4 7 9 2 9 6 5 4 2 3 1 7 8 3 7 2 1 8 9 6 4 5 1 4 8 7 5 6 2 3 9 2 5 4 9 3 1 9 8 6 9 3 7 6 8 5 4 2 1 1 8 6 2 4 7 3 5 7 14 22 
7 9 2 5 6 8 1 4 3 4 5 3 7 1 2 7 6 8 8 6 1 3 9 4 5 9 2 9 8 5 9 4 2 6 1 7 3 2 6 1 5 7 8 4 5 1 4 7 3 8 6 2 3 9 2 1 7 8 3 1 9 5 6 9 3 8 6 7 5 4 2 1 6 5 4 4 2 9 3 7 8 15 22 
7 9 6 5 2 8 8 4 3 4 2 3 7 1 9 1 6 5 8 5 1 3 6 4 7 9 2 6 8 5 2 4 3 3 1 8 3 2 9 1 9 8 6 7 4 1 4 7 7 5 6 2 5 9 2 7 4 4 3 7 9 8 6 9 3 8 6 8 5 4 2 1 5 1 6 9 2 1 5 3 7 18 23 
7 9 6 5 1 2 8 4 3 4 2 3 9 8 7 1 6 5 8 5 1 3 6 4 7 9 2 6 8 5 2 9 3 3 1 4 3 2 9 1 4 8 6 5 7 1 4 7 7 5 6 2 8 9 2 1 4 8 3 9 5 7 6 9 3 8 6 7 5 4 2 1 5 6 7 4 2 1 9 3 8 5 18 
7 9 6 5 2 1 1 4 3 4 2 3 9 8 7 5 6 8 8 5 1 3 6 4 7 9 2 6 2 5 8 7 9 3 1 4 3 8 9 1 4 2 6 7 5 1 4 7 3 5 6 2 8 9 2 1 4 7 3 8 8 5 6 9 3 8 6 9 5 4 2 1 5 7 6 4 1 2 9 3 7 10 19 
7 9 2 5 6 8 1 4 3 4 5 3 9 1 2 7 6 8 8 6 1 3 7 4 5 9 2 6 2 5 2 4 3 1 8 7 3 8 9 1 8 9 6 4 5 1 4 7 7 5 6 2 3 9 2 7 4 8 3 1 8 5 6 9 3 8 6 7 5 4 2 1 5 1 6 4 9 2 9 3 7 13 20 
7 9 2 5 6 8 1 4 3 4 5 3 9 1 2 7 6 8 8 6 1 3 7 4 9 5 2 6 7 5 2 9 3 8 1 4 3 2 9 1 4 7 6 7 5 1 4 8 8 5 6 2 3 9 2 1 4 7 3 9 5 8 6 9 3 7 6 8 5 4 2 1 5 8 6 4 2 1 3 9 7 3 15 
7 9 2 5 6 8 1 4 3 4 5 3 9 1 2 7 6 8 8 6 1 3 7 4 5 9 2 6 2 5 7 9 3 8 1 4 3 8 9 1 4 2 6 5 7 1 4 7 8 5 6 2 3 9 2 7 4 4 3 1 9 8 6 9 3 8 6 7 5 4 2 1 5 1 6 2 8 9 3 7 5 5 18 
7 9 6 8 2 1 5 4 3 4 2 3 5 7 9 1 6 8 8 5 1 3 6 4 9 7 2 6 8 5 9 2 3 7 1 4 3 2 9 1 4 8 6 5 8 1 4 7 7 5 6 2 3 9 2 1 8 4 3 7 5 9 6 9 3 7 6 8 5 4 2 1 5 6 4 2 1 9 3 8 7 9 18 
7 9 6 2 5 8 1 4 3 4 2 3 7 9 1 5 6 8 8 5 1 3 6 4 7 9 2 6 2 5 9 4 3 8 1 7 3 8 9 1 2 7 6 5 4 1 4 7 5 8 6 2 3 9 2 1 4 8 3 9 9 7 6 9 3 8 6 7 5 4 2 1 5 6 7 4 1 2 3 8 5 5 17 
7 9 2 2 6 8 5 1 3 4 5 3 9 1 7 8 6 4 8 6 1 3 5 4 7 9 2 6 2 5 4 9 3 1 7 8 3 8 9 1 7 2 6 4 5 1 4 7 5 8 6 2 3 9 2 7 4 8 3 1 9 5 6 9 3 8 6 7 5 4 2 1 5 1 6 2 4 9 3 8 7 5 17 
7 9 2 5 6 1 8 4 3 4 5 3 9 2 8 1 6 7 8 6 1 3 7 4 5 9 2 9 2 5 7 8 9 6 3 4 3 7 6 1 4 2 7 5 8 1 4 8 3 5 6 2 1 9 2 5 7 4 3 7 9 8 6 9 3 8 6 9 5 4 2 1 6 1 4 8 1 2 3 7 5 12 19 
7 9 6 8 2 1 5 4 3 4 2 3 9 5 7 1 6 8 8 5 1 3 6 4 7 9 2 9 6 5 4 9 3 3 1 7 3 8 2 1 7 2 6 5 4 1 4 7 5 8 6 2 8 9 2 1 4 9 3 8 8 7 6 9 3 8 6 7 5 4 2 1 5 6 7 2 4 1 9 3 5 13 19 
7 9 2 8 6 2 1 4 3 4 5 3 7 1 9 5 6 8 8 6 1 3 5 4 7 9 2 6 7 5 4 9 3 8 1 4 3 2 9 1 2 7 6 5 7 1 4 8 5 8 6 2 3 9 2 1 4 9 3 1 9 8 6 9 3 7 6 7 5 4 2 1 5 6 8 2 4 8 3 7 5 14 19 
7 9 6 2 5 8 1 4 3 4 2 3 7 1 9 5 6 8 8 5 1 3 6 4 9 7 2 6 2 5 8 9 3 7 1 4 3 7 9 1 4 2 6 8 5 1 4 8 5 7 6 2 3 9 2 8 4 9 3 7 8 5 6 9 3 7 6 8 5 4 2 1 5 1 6 4 2 1 3 9 7 5 17 
7 9 6 5 1 8 1 4 3 4 2 3 9 2 7 5 6 8 8 5 1 3 6 4 9 7 2 6 8 5 2 7 9 8 1 4 3 2 9 1 4 8 6 5 7 1 4 7 3 5 6 2 3 9 2 5 4 7 3 1 7 9 6 9 3 8 6 8 5 4 2 1 6 1 7 9 4 2 3 8 5 15 21 
7 9 6 8 2 1 1 4 3 4 2 3 9 5 7 9 6 8 8 5 1 3 6 4 5 7 2 9 8 5 7 9 3 8 1 4 3 2 6 1 4 2 6 7 5 1 4 7 5 8 6 2 3 9 2 1 7 4 3 8 9 5 6 9 3 8 6 7 5 4 2 1 5 6 4 2 1 9 3 8 7 14 19 
7 9 2 5 2 8 1 4 3 4 5 3 7 1 9 9 6 8 8 6 1 3 6 4 5 7 2 6 2 5 4 9 3 7 1 4 3 8 9 1 7 2 6 8 5 1 4 7 8 5 6 2 3 9 2 1 7 9 3 1 8 5 6 9 3 8 6 8 5 4 2 1 4 5 6 2 4 7 3 9 7 13 18 
7 9 6 5 2 8 1 4 3 4 2 3 7 1 9 8 6 5 8 5 1 3 6 4 9 7 2 6 8 5 2 9 3 7 1 4 3 2 9 1 4 7 6 5 8 1 4 7 8 5 6 2 3 9 2 7 4 9 3 1 5 8 6 9 3 8 6 7 5 4 2 1 5 1 6 4 8 2 3 9 7 3 15 
7 9 2 5 6 8 1 4 3 4 5 3 2 1 7 9 6 8 8 6 1 3 9 4 7 5 2 6 2 5 9 4 3 8 1 7 3 7 9 1 8 2 6 5 4 1 4 8 7 5 6 2 3 9 2 1 4 9 3 7 5 8 6 9 3 7 6 8 5 4 2 1 5 8 6 4 2 1 3 9 7 6 17 
7 9 2 5 6 8 1 4 3 4 5 3 2 9 1 7 6 8 8 6 1 3 7 4 5 9 2 6 2 5 8 4 9 3 1 7 3 7 9 1 5 2 6 8 4 1 4 8 3 7 6 2 5 9 2 1 4 9 3 7 8 7 6 9 3 7 6 8 5 4 2 1 5 8 6 4 2 1 9 3 5 6 17 
7 9 2 8 6 1 5 4 3 4 5 3 2 9 7 1 6 8 8 6 1 3 5 4 7 9 2 6 7 5 9 2 3 8 1 4 3 2 9 1 4 8 6 7 5 1 4 8 5 7 6 2 3 9 2 8 4 7 3 1 9 5 6 9 3 7 6 8 5 4 2 1 5 1 6 4 9 2 3 8 7 3 14 

