MonoObjective Genetic Algorithm
Number of Evaluations = 0
Mutation Probability = 0.0100000000000000002
Crossover Probability = 0.5
Population Size = 100
Survival Selection Type = 16

Time =  300.005758000000014

Current Evaluation = 194100
Front Size = 100
7 3 4 1 9 2 8 5 6 5 1 2 6 8 3 9 7 4 9 8 6 4 5 7 1 2 3 2 9 7 5 6 8 4 3 1 3 6 1 9 7 4 2 8 5 4 5 8 3 2 1 7 6 9 8 4 9 7 3 5 6 1 2 6 2 3 8 1 9 5 4 7 1 7 5 2 4 6 3 9 8 1 4 
4 7 3 1 9 2 8 6 4 5 1 2 6 3 8 2 7 9 9 8 6 7 4 5 5 1 3 7 2 1 5 6 3 4 9 8 3 6 9 8 7 4 1 2 5 4 5 8 9 2 1 7 3 6 8 3 4 4 1 7 6 5 2 2 6 1 8 5 9 3 4 7 7 9 5 2 3 6 9 8 1 12 44 
4 3 7 9 5 2 8 6 1 5 1 2 6 3 8 7 9 4 9 8 6 4 1 7 2 5 3 2 7 9 5 6 3 4 1 8 3 6 1 8 7 4 9 2 5 4 5 8 9 2 1 3 7 6 8 9 1 7 4 5 6 3 2 6 2 3 1 8 9 5 4 7 7 4 5 2 3 6 1 8 9 5 36 
4 7 3 9 1 2 8 5 6 5 1 2 6 3 8 7 9 4 9 8 6 7 5 4 2 1 3 1 9 7 5 6 3 4 2 8 3 2 4 9 7 8 1 6 5 6 5 8 4 2 1 3 7 9 8 4 9 1 5 7 6 3 2 2 6 1 3 8 9 5 4 7 7 3 5 2 4 6 9 8 1 4 34 
4 3 7 3 9 2 8 1 6 5 1 2 6 8 7 2 9 4 9 8 6 1 4 5 5 7 3 1 7 9 5 6 3 4 2 8 3 2 4 9 7 8 1 6 5 6 5 8 4 2 1 7 3 9 8 9 3 7 1 4 6 5 2 2 6 1 8 5 9 3 4 7 7 4 5 2 3 6 9 8 1 4 28 
4 3 7 3 9 2 8 6 1 5 1 2 6 8 7 7 9 4 9 8 6 1 5 4 2 5 3 7 2 1 5 6 3 4 8 9 3 4 9 9 7 8 1 2 5 6 5 8 4 2 1 3 7 6 8 9 4 7 3 5 6 1 2 2 6 3 8 1 9 5 4 7 1 7 5 2 4 6 9 3 8 6 30 
4 3 7 1 9 2 8 5 6 5 1 2 6 3 8 9 7 4 9 8 6 7 4 5 1 2 3 7 2 9 5 6 3 4 8 1 3 4 1 9 7 8 2 6 5 6 5 8 4 2 1 7 3 9 8 9 4 3 5 7 6 1 2 2 6 3 8 1 9 5 4 7 1 7 5 2 4 6 3 9 8 3 25 
7 4 3 9 3 2 8 5 6 5 1 2 6 8 7 9 7 4 9 8 6 1 4 5 1 2 3 7 2 1 5 6 3 4 9 8 3 9 4 8 7 4 2 1 5 6 5 8 9 2 1 7 3 6 8 9 7 7 4 5 6 3 2 1 6 2 3 8 9 5 4 7 4 3 5 2 1 6 9 8 1 18 32 
4 7 3 3 9 2 8 1 6 5 1 2 6 8 7 9 2 4 9 8 6 1 4 5 5 7 3 2 9 7 5 6 3 4 8 1 3 6 1 4 7 8 2 9 5 4 5 8 9 2 1 7 3 6 8 9 4 7 3 4 6 5 2 6 3 2 8 5 9 1 4 7 1 7 5 2 1 6 3 9 8 12 29 
7 4 3 1 9 2 8 5 6 5 1 2 6 3 8 7 9 4 9 8 6 7 4 5 1 2 3 2 9 7 5 6 3 4 8 1 3 6 1 8 7 4 2 9 5 4 5 8 9 2 1 3 7 6 8 3 9 4 5 7 6 1 2 6 2 1 3 8 9 5 4 7 4 7 5 2 1 6 9 3 8 5 28 
7 4 3 9 5 2 8 6 1 5 1 2 6 8 3 9 7 4 9 8 6 7 1 4 5 2 3 1 2 7 5 6 3 4 9 8 3 9 4 4 7 8 2 1 5 6 5 8 9 2 1 7 3 6 8 3 9 1 3 7 6 5 2 2 6 1 8 5 9 3 4 7 4 7 5 2 4 6 1 8 9 8 27 
7 4 3 1 9 2 8 5 6 5 1 2 6 3 7 2 9 4 9 8 6 8 5 4 7 1 3 2 7 1 5 6 3 4 9 8 3 6 9 4 7 8 1 2 5 4 5 8 9 2 1 3 7 6 8 9 4 7 1 5 6 3 2 6 3 2 3 8 9 5 4 7 1 7 5 2 4 6 9 8 1 9 28 
4 3 7 1 9 2 8 5 6 5 1 2 6 3 8 9 7 4 9 8 6 4 5 7 2 1 3 1 7 9 5 6 3 4 2 8 3 2 4 8 7 4 1 6 5 6 5 8 9 2 1 7 3 9 8 4 3 7 1 5 6 9 2 2 6 1 3 8 9 5 4 7 7 9 5 2 4 6 3 8 1 3 22 
7 3 4 9 5 2 8 6 1 5 1 2 6 8 3 9 7 4 9 8 6 7 1 4 2 5 3 1 2 7 5 6 8 4 8 9 3 6 9 9 7 4 1 2 5 4 5 8 3 2 1 3 7 6 8 4 3 1 5 7 6 9 2 1 6 2 8 3 9 5 4 7 7 9 5 2 4 6 1 3 8 13 28 
4 7 3 1 9 2 8 5 6 5 1 2 6 8 3 9 7 4 9 8 6 7 4 5 1 2 3 1 2 7 5 6 8 4 3 1 3 9 4 9 7 4 2 8 5 6 5 8 3 2 1 7 6 9 8 3 9 4 5 7 6 1 2 2 6 1 8 3 9 5 4 7 7 4 5 2 1 6 3 9 8 5 22 
7 4 3 7 9 2 8 6 1 5 1 2 6 3 8 7 9 4 9 8 6 4 1 5 2 5 3 7 2 1 5 6 3 4 8 9 3 6 9 8 7 4 1 2 5 4 5 8 9 2 1 3 7 6 8 9 4 3 5 7 6 1 2 6 3 2 1 8 9 5 4 7 1 7 5 2 4 6 9 3 8 5 22 
4 3 7 9 5 2 8 6 1 5 1 2 6 8 3 9 7 4 9 8 6 1 4 7 2 5 3 1 7 9 5 6 3 4 2 8 3 6 2 4 7 8 1 9 5 4 5 8 9 2 1 7 3 6 8 9 3 7 5 4 6 1 2 6 2 1 8 3 9 5 4 7 7 4 5 2 1 6 3 8 9 6 24 
4 3 7 1 9 2 8 5 6 5 1 2 6 8 3 7 9 4 9 8 6 7 4 5 2 1 3 1 7 9 5 6 3 4 2 8 3 2 4 9 7 8 1 6 5 6 5 8 4 2 1 3 7 9 8 9 1 4 5 7 6 3 2 2 6 3 8 1 9 5 4 7 7 4 5 2 3 6 9 8 1 3 17 
4 7 3 1 3 2 8 1 6 5 1 2 6 9 8 2 9 4 9 8 6 4 5 7 5 7 3 2 9 7 5 6 8 4 8 1 3 6 1 9 7 4 9 2 5 4 5 8 3 2 1 3 7 6 8 4 9 7 1 3 6 5 2 1 6 2 8 5 9 1 4 7 7 3 5 2 4 6 9 3 8 20 28 
7 4 3 1 9 2 8 5 6 5 1 2 6 3 7 9 7 4 9 8 6 8 4 5 2 1 3 1 9 7 5 6 3 4 2 8 3 2 4 9 7 8 1 6 5 6 5 8 4 2 1 7 3 9 8 3 9 7 5 4 6 1 2 2 6 1 3 8 9 5 4 7 4 7 5 2 1 6 3 8 9 5 21 
7 3 4 3 9 2 8 6 1 5 1 2 6 8 7 2 9 4 9 8 6 1 5 4 7 5 3 2 9 7 5 6 3 4 1 8 3 6 1 4 7 8 9 2 5 4 5 8 9 2 1 3 7 6 8 4 9 7 1 5 6 3 2 1 2 3 8 3 9 5 4 7 6 7 5 2 4 6 1 8 9 6 23 
4 7 3 9 5 2 8 1 6 5 1 2 6 8 3 9 7 4 9 8 6 1 4 7 5 2 3 2 7 9 5 6 3 4 1 8 3 4 1 9 7 8 2 6 5 6 5 8 4 2 1 3 7 9 8 3 4 7 1 5 6 9 2 2 6 1 8 3 9 5 4 7 7 9 5 2 4 6 3 8 1 11 25 
4 7 3 1 5 2 8 6 9 5 1 2 6 9 3 7 2 4 9 8 6 4 8 7 1 5 3 2 9 7 5 6 8 4 3 1 3 6 1 9 7 4 2 8 5 4 5 8 3 2 1 9 7 6 8 3 9 7 4 5 6 1 2 6 2 1 8 3 9 5 4 7 7 4 5 2 1 6 3 9 8 5 21 
4 7 3 3 5 2 8 6 1 5 1 2 6 9 8 9 7 4 9 8 6 4 1 7 5 2 3 2 9 7 5 6 3 4 1 8 3 6 1 8 7 4 2 9 5 4 5 8 9 2 1 7 3 6 8 4 9 7 3 5 6 5 2 1 6 2 1 8 9 3 4 7 7 3 5 2 4 6 1 8 9 8 24 
7 3 4 3 1 2 8 6 9 5 1 2 6 9 8 7 2 4 9 8 6 4 5 7 1 5 3 2 9 7 5 6 3 4 8 1 3 6 1 8 7 4 2 9 5 4 5 8 9 2 1 3 7 6 8 4 9 7 3 5 6 1 2 6 2 3 1 8 9 5 4 7 1 7 5 2 4 6 9 3 8 4 20 
7 3 4 7 5 2 8 1 6 5 1 2 6 9 3 9 7 4 9 8 6 1 4 8 5 2 3 1 2 7 5 6 3 4 9 8 3 6 9 8 7 4 1 2 5 4 5 8 9 2 1 7 3 6 8 9 1 4 5 7 6 5 2 6 2 3 1 8 9 3 4 7 4 7 5 2 3 6 1 8 9 14 26 
7 3 4 9 1 2 8 5 6 5 1 2 6 3 8 7 9 4 9 8 6 7 4 5 1 2 3 1 7 2 5 6 3 4 7 8 3 6 9 8 7 4 2 1 5 4 5 8 9 2 1 3 6 9 8 9 1 4 5 7 6 3 2 6 2 3 1 8 9 5 4 7 7 4 5 2 3 6 9 8 1 7 23 
7 3 4 1 9 2 8 5 6 5 1 2 6 3 8 9 7 4 9 8 6 7 4 5 2 1 3 2 7 1 5 6 3 4 9 8 3 6 9 4 7 8 1 2 5 4 5 8 9 2 1 7 3 6 8 9 7 3 5 7 6 1 2 6 2 3 8 1 9 5 4 7 1 4 5 2 4 6 3 8 9 7 23 
4 3 7 1 9 2 8 5 6 5 1 2 6 8 3 7 9 4 9 8 6 7 5 4 1 2 3 7 2 9 5 6 3 4 8 1 3 4 1 9 7 8 2 6 5 6 5 8 4 2 1 3 7 9 8 9 4 7 3 5 6 1 2 2 6 3 8 1 9 5 4 7 1 7 5 2 4 6 9 3 8 3 13 
7 3 4 9 5 2 8 1 6 5 1 2 6 3 8 9 7 4 9 8 6 4 1 7 2 5 3 1 7 9 5 6 3 4 3 8 3 2 4 9 7 8 1 2 5 6 5 8 4 2 1 7 6 9 8 9 1 7 4 3 6 5 2 2 6 3 8 5 9 1 4 7 4 7 5 2 1 6 3 9 8 15 26 
7 4 3 1 3 2 8 6 9 5 1 2 6 9 8 2 7 4 9 8 6 4 5 7 1 5 3 1 9 7 5 6 3 4 2 1 3 2 4 8 7 4 9 8 5 6 5 8 9 2 1 7 3 6 8 3 9 7 4 5 6 1 2 2 6 1 3 8 9 5 4 7 4 7 5 2 1 6 3 9 8 8 22 
7 3 4 3 9 2 8 6 1 5 1 2 6 8 4 9 7 4 9 8 6 7 1 5 5 2 3 2 9 7 5 6 3 4 1 8 3 6 1 4 7 8 2 9 5 4 5 8 9 2 1 7 3 6 8 4 9 1 3 7 6 5 2 6 2 3 8 5 9 1 4 7 1 7 5 2 4 6 3 8 9 4 20 
4 3 7 3 9 2 8 1 6 5 1 2 6 8 4 9 7 4 9 8 6 7 1 5 5 2 3 2 7 9 5 6 3 4 8 1 3 4 1 9 7 8 2 6 5 6 5 8 4 2 1 7 3 9 8 9 3 1 4 7 6 5 2 1 6 2 8 5 9 3 4 7 7 4 5 2 3 6 1 9 8 6 20 
7 3 4 1 9 2 8 5 6 5 1 2 6 3 8 7 9 4 9 8 6 4 5 7 1 2 3 1 2 7 5 6 3 4 8 1 3 4 9 8 7 4 2 6 5 6 5 8 9 2 1 3 7 9 8 9 3 7 4 5 6 1 2 2 6 1 3 8 9 5 4 7 4 7 5 2 1 6 9 3 8 4 19 
7 3 4 3 5 2 8 1 6 5 1 2 6 9 8 9 7 4 9 8 6 4 1 7 2 5 3 1 2 7 5 6 3 4 8 9 3 4 9 8 7 4 2 1 5 6 5 8 9 2 1 7 3 6 8 7 1 7 4 5 6 9 2 2 6 3 1 8 9 5 4 7 4 9 5 2 3 6 3 8 1 11 24 
4 3 7 1 9 2 8 6 1 5 1 2 6 3 7 9 7 4 9 8 6 4 5 8 2 5 3 7 2 1 5 6 3 4 9 8 3 6 9 8 7 4 1 2 5 4 5 8 9 2 1 7 3 6 8 9 3 7 4 5 6 1 2 1 6 2 3 8 9 5 4 7 7 4 5 2 1 6 3 8 9 9 22 
7 3 4 7 9 2 8 6 1 5 1 2 6 3 8 9 7 4 9 8 6 1 4 5 2 5 3 1 2 7 5 6 3 4 8 9 3 6 9 8 7 4 1 2 5 4 5 8 9 2 1 7 3 6 8 4 1 4 5 7 6 9 2 2 6 3 3 8 9 5 4 7 7 9 5 2 1 6 3 1 8 8 21 
7 4 3 1 9 2 8 5 6 5 1 2 6 8 3 9 7 4 9 8 6 4 5 7 1 2 3 2 7 9 5 6 8 4 3 1 3 6 1 9 7 4 2 8 5 4 5 8 3 2 1 7 6 9 8 3 4 7 1 5 6 9 2 6 2 1 8 3 9 5 4 7 7 9 5 2 4 6 3 1 8 3 13 
4 3 7 7 9 2 8 6 1 5 1 2 6 8 3 9 7 4 9 8 6 1 4 5 5 2 3 1 7 9 5 6 3 4 3 8 3 2 4 9 7 8 2 1 5 6 5 8 4 2 1 7 9 6 8 9 1 4 3 7 6 5 2 2 6 3 8 5 9 1 4 7 7 4 5 2 1 6 3 8 9 8 21 
4 3 7 1 9 2 8 5 6 5 1 2 6 3 8 7 9 4 9 8 6 4 5 7 1 2 3 2 7 9 5 6 3 4 1 8 3 4 1 8 7 4 2 6 5 6 5 8 9 2 1 3 7 9 8 9 4 7 1 5 6 3 2 1 2 3 3 8 9 5 4 7 7 6 5 2 4 6 9 8 1 5 19 
7 3 4 3 9 2 8 6 1 5 1 2 6 8 7 9 2 4 9 8 6 1 4 5 5 7 3 2 7 1 5 6 3 4 8 9 3 6 9 4 7 8 2 1 5 4 5 8 9 2 1 7 3 6 8 9 3 7 1 4 6 5 2 6 2 1 8 5 9 3 4 7 7 4 5 2 3 6 1 9 8 6 19 
4 7 3 1 9 2 8 5 6 5 1 2 6 3 8 9 7 4 9 8 6 4 5 7 1 2 3 2 9 7 5 6 3 4 8 1 3 6 1 8 7 4 2 9 5 4 5 8 9 2 1 7 3 6 8 3 9 7 4 5 6 1 2 6 2 1 3 8 9 5 4 7 7 4 5 2 1 6 3 8 9 5 17 
7 4 3 7 9 2 8 6 1 5 1 2 6 8 3 7 9 4 9 8 6 4 1 5 5 2 3 1 9 7 5 6 8 4 3 8 3 2 4 9 7 4 2 1 5 6 5 8 3 2 1 9 7 6 8 4 1 1 4 7 6 9 2 6 2 3 8 5 9 5 4 7 7 9 5 2 3 6 1 3 8 21 26 
4 7 3 9 5 2 8 6 1 5 1 2 6 8 3 7 9 4 9 8 6 1 4 7 2 5 3 2 9 7 5 6 3 4 8 9 3 6 1 4 7 8 1 2 5 4 5 8 9 2 1 3 7 6 8 3 9 7 5 4 6 1 2 1 6 2 8 3 9 5 4 7 7 4 5 2 1 6 9 3 8 9 21 
7 3 4 1 9 2 8 5 6 5 1 2 6 3 8 7 9 4 9 8 6 4 5 7 2 1 3 2 9 7 5 6 3 4 8 1 3 6 1 8 7 4 9 2 5 4 5 8 9 2 1 3 7 6 8 4 9 7 1 5 6 3 2 1 2 3 3 8 9 5 4 7 6 7 5 2 4 6 1 9 8 5 17 
4 7 3 9 5 2 8 1 6 5 1 2 6 8 3 7 9 4 9 8 6 1 4 7 2 5 3 7 9 1 5 6 3 4 2 8 3 2 4 9 7 8 1 6 5 6 5 8 4 2 1 3 7 9 8 4 9 7 3 5 6 1 2 6 3 2 8 1 9 5 4 7 1 7 5 2 4 6 9 3 8 9 21 
4 7 3 1 9 2 8 6 1 5 1 2 6 8 3 7 9 4 9 8 6 4 5 7 2 5 3 2 7 1 5 6 3 4 9 8 3 9 4 9 7 8 1 2 5 6 5 8 4 2 1 7 3 6 8 4 9 3 5 7 6 1 2 1 6 2 8 1 9 5 4 7 7 3 5 2 4 6 3 8 9 15 24 
7 3 4 1 5 2 8 6 9 5 1 2 6 9 3 2 7 4 9 8 6 4 8 7 1 5 3 1 7 9 5 6 8 4 2 8 3 6 2 9 7 4 1 9 5 4 5 8 3 2 1 3 7 6 8 9 1 7 4 5 6 3 2 6 2 3 8 1 9 5 4 7 7 4 5 2 3 6 9 8 1 10 22 
4 3 7 1 9 2 8 6 9 5 1 2 6 8 3 2 7 4 9 8 6 7 5 4 1 5 3 2 7 9 5 6 3 4 8 1 3 6 1 4 7 8 9 2 5 4 5 8 9 2 1 7 3 6 8 4 3 7 1 5 6 9 2 6 2 1 8 3 9 5 4 7 7 9 5 2 4 6 1 3 8 10 22 
4 3 7 3 9 2 8 6 1 5 1 2 6 8 7 9 2 4 9 8 6 1 5 4 7 5 3 1 7 9 5 6 3 4 8 9 3 2 4 9 7 8 2 1 5 6 5 8 4 2 1 3 7 6 8 4 3 7 1 5 6 9 2 2 6 1 8 3 9 5 4 7 7 9 5 2 4 6 1 3 8 7 19 
7 3 4 9 5 2 8 6 1 5 1 2 6 3 8 9 7 4 9 8 6 1 4 7 2 5 3 2 7 1 5 6 3 4 8 9 3 6 9 8 7 4 1 2 5 4 5 8 9 2 1 7 3 6 8 9 3 7 4 5 6 1 2 6 2 1 3 8 9 5 4 7 7 4 5 2 1 6 3 9 8 5 17 
4 3 7 7 9 2 8 1 6 5 1 2 6 8 3 9 2 4 9 8 6 1 4 5 7 5 3 7 9 1 5 6 8 4 8 1 3 2 4 9 7 4 2 6 5 6 5 8 3 2 1 3 7 9 8 7 9 4 5 7 6 3 2 2 6 3 8 1 9 5 4 7 1 4 5 2 3 6 1 9 8 11 22 
4 7 3 7 9 2 8 6 1 5 1 2 6 3 8 7 9 4 9 8 6 4 1 5 2 5 3 1 9 7 5 6 3 4 2 8 3 2 4 8 7 4 9 1 5 6 5 8 9 2 1 3 7 6 8 4 9 1 5 7 6 3 2 2 6 1 3 8 9 5 4 7 7 3 5 2 4 6 1 8 9 5 16 
7 3 4 9 5 2 8 1 6 5 1 2 6 8 3 9 7 4 9 8 6 7 1 4 5 2 3 1 2 7 5 6 8 4 8 9 3 4 9 9 7 4 2 1 5 6 5 8 3 2 1 7 3 6 8 4 9 4 1 7 6 5 2 6 2 3 8 5 9 1 4 7 1 7 5 2 3 6 3 9 8 19 23 
4 3 7 1 9 2 8 5 6 5 1 2 6 3 4 9 7 4 9 8 6 7 8 5 2 1 3 1 7 9 5 6 3 4 2 8 3 2 4 9 7 8 1 6 5 6 5 8 4 2 1 7 3 9 8 4 1 3 5 7 6 9 2 2 6 3 8 1 9 5 4 7 7 9 5 2 4 6 3 8 1 3 13 
7 3 4 1 9 2 8 5 6 5 1 2 6 3 8 9 7 4 9 8 6 7 4 5 1 2 3 2 7 9 5 6 3 4 8 1 3 6 1 8 7 4 2 6 5 4 5 8 9 2 1 7 3 9 8 9 3 4 5 7 6 1 2 6 2 1 3 8 9 5 4 7 7 4 5 2 1 6 3 9 8 5 16 
4 7 3 7 9 2 8 5 6 5 1 2 6 8 3 7 9 4 9 8 6 1 4 5 1 2 3 1 9 7 5 6 3 4 8 1 3 2 4 9 7 8 2 6 5 6 5 8 4 2 1 3 7 9 8 9 1 7 4 5 6 5 2 6 3 2 3 8 9 1 4 7 7 4 5 2 1 6 3 8 9 20 23 
7 4 3 1 9 2 8 6 9 5 1 2 6 3 7 7 2 4 9 8 6 8 4 5 1 5 3 2 7 9 5 6 8 4 1 8 3 6 1 9 7 4 2 9 5 4 5 8 3 2 1 3 7 6 8 9 1 7 5 4 6 3 2 6 3 2 1 8 9 5 4 7 4 7 5 2 3 6 9 8 1 16 22 
7 4 3 1 9 2 8 5 6 5 1 2 6 8 3 7 9 4 9 8 6 7 4 5 1 2 3 1 2 7 5 6 8 4 3 8 3 6 9 9 7 4 2 1 5 4 5 8 3 2 1 9 7 6 8 9 1 4 5 7 6 1 2 6 3 2 8 3 9 5 4 7 4 7 5 2 1 6 3 8 9 9 21 
4 7 3 3 9 2 8 5 6 5 1 2 6 8 4 9 7 4 9 8 6 7 1 5 2 1 3 7 2 1 5 6 3 4 8 9 3 6 9 9 7 8 2 1 5 4 5 8 4 2 1 7 3 6 8 9 7 7 4 5 6 3 2 6 3 2 3 1 9 5 4 7 1 4 5 2 8 6 9 8 1 23 23 
4 3 7 3 9 2 8 6 1 5 1 2 6 8 7 9 2 4 9 8 6 1 5 4 7 5 3 2 7 1 5 6 3 4 9 8 3 6 9 8 7 4 2 1 5 4 5 8 9 2 1 3 7 6 8 9 4 4 5 7 6 3 2 1 2 3 3 8 9 5 4 7 6 7 5 2 1 6 9 8 1 17 22 
4 3 7 7 9 2 8 6 1 5 1 2 6 3 8 9 7 4 9 8 6 1 4 5 2 5 3 1 7 9 5 6 3 4 2 8 3 2 4 8 7 4 1 9 5 6 5 8 9 2 1 7 3 6 8 9 3 4 5 7 6 1 2 2 6 1 3 8 9 5 4 7 7 4 5 2 1 6 3 8 9 5 16 
7 4 3 1 9 2 8 6 4 5 1 2 6 3 8 7 2 9 9 8 6 7 4 5 1 5 3 7 2 1 5 6 3 4 9 8 3 6 9 4 7 8 2 1 5 4 5 8 9 2 1 3 7 6 8 9 4 1 5 7 6 3 2 1 3 2 3 8 9 5 4 7 6 7 5 2 4 6 1 8 9 13 21 
4 3 7 9 3 2 8 6 1 5 1 2 6 8 7 2 9 4 9 8 6 1 5 4 7 5 3 7 9 1 5 6 3 4 2 8 3 4 2 9 7 8 1 6 5 6 5 8 4 2 1 7 3 9 8 9 3 7 1 5 6 1 2 2 6 1 3 8 9 5 4 7 4 7 5 2 4 6 3 8 9 15 21 
4 7 3 9 1 2 8 5 6 5 1 2 6 3 4 7 9 4 9 8 6 7 8 5 1 2 3 2 7 9 5 6 3 4 8 1 3 4 1 9 7 8 2 6 5 6 5 8 4 2 1 3 7 9 8 9 4 1 5 7 6 3 2 1 6 2 3 8 9 5 4 7 7 3 5 2 4 6 9 1 8 7 19 
4 3 7 1 9 2 8 5 6 5 1 2 6 8 3 9 7 4 9 8 6 7 4 5 1 2 3 2 7 9 5 6 8 4 3 1 3 6 1 9 7 4 2 8 5 4 5 8 3 2 1 7 6 9 8 9 3 4 5 7 6 1 2 6 2 1 8 3 9 5 4 7 7 4 5 2 1 6 3 9 8 3 12 
7 3 4 9 5 2 8 1 6 5 1 2 6 8 3 9 7 4 9 8 6 7 1 4 5 2 3 2 9 7 5 6 8 4 3 1 3 6 1 9 7 4 2 8 5 4 5 8 3 2 1 7 6 9 8 4 9 1 3 7 6 5 2 6 2 3 8 5 9 1 4 7 1 7 5 2 4 6 3 9 8 4 12 
7 3 4 1 4 2 8 5 6 5 1 2 6 9 3 9 7 4 9 8 6 8 5 7 1 2 3 1 2 7 5 6 3 4 8 9 3 6 9 9 7 8 2 1 5 4 5 8 4 2 1 3 7 6 8 4 3 7 5 4 6 9 2 2 6 1 3 8 9 5 4 7 7 9 5 2 1 6 1 3 8 15 21 
4 3 7 1 9 2 8 5 6 5 1 2 6 8 3 9 7 4 9 8 6 4 5 7 1 2 3 7 2 9 5 6 8 4 3 1 3 4 1 9 7 4 2 8 5 6 5 8 3 2 1 7 6 9 8 9 4 7 3 5 6 1 2 2 6 3 8 1 9 5 4 7 1 7 5 2 4 6 3 9 8 3 11 
7 3 4 9 5 2 8 6 1 5 1 2 6 3 8 7 9 4 9 8 6 4 1 7 2 5 3 1 2 7 5 6 3 4 8 9 3 6 9 8 7 4 1 2 5 4 5 8 9 2 1 3 7 6 8 9 4 7 1 5 6 3 2 2 6 1 3 8 9 5 4 7 7 3 5 2 4 6 9 1 8 7 18 
7 3 4 7 9 2 8 5 6 5 1 2 6 3 8 9 7 4 9 8 6 4 1 5 1 2 3 2 9 7 5 6 3 4 1 8 3 6 1 8 7 4 2 9 5 4 5 8 9 2 1 7 3 6 8 4 9 3 5 7 6 1 2 6 2 3 1 8 9 5 4 7 1 7 5 2 4 6 3 8 9 5 15 
7 3 4 7 9 2 8 6 1 5 1 2 6 8 3 9 7 4 9 8 6 1 4 5 5 2 3 1 2 7 5 6 3 4 8 9 3 4 9 9 7 8 2 1 5 6 5 8 4 2 1 7 3 6 8 9 3 4 1 7 6 5 2 2 6 1 8 5 9 3 4 7 4 7 5 2 3 6 1 9 8 7 17 
7 3 4 3 9 2 8 6 1 5 1 2 6 8 7 2 9 4 9 8 6 1 4 5 7 5 3 2 9 7 5 6 8 4 8 1 3 6 1 9 7 4 9 2 5 4 5 8 3 2 1 7 3 6 8 9 3 7 5 4 6 1 2 2 6 1 8 3 9 5 4 7 7 4 5 2 1 6 3 9 8 17 22 
7 3 4 1 9 2 8 5 6 5 1 2 6 3 8 9 7 4 9 8 6 4 5 7 2 1 3 1 2 7 5 6 3 4 9 8 3 4 9 8 7 4 1 2 5 6 5 8 9 2 1 7 3 6 8 9 3 7 4 5 6 1 2 2 6 1 3 8 9 5 4 7 4 7 5 2 1 6 3 8 9 5 14 
4 3 7 1 9 2 8 5 6 5 1 2 6 8 3 7 9 4 9 8 6 4 5 7 1 2 3 2 7 9 5 6 3 4 1 8 3 4 1 9 7 8 2 6 5 6 5 8 4 2 1 3 7 9 8 9 1 7 4 5 6 3 2 2 6 3 8 1 9 5 4 7 7 4 5 2 3 6 9 8 1 6 13 
7 3 4 1 9 2 8 5 6 5 1 2 6 8 3 7 9 4 9 8 6 7 4 5 1 2 3 7 2 9 5 6 3 4 1 8 3 4 1 9 7 8 2 6 5 6 5 8 4 2 1 3 7 9 8 9 1 4 5 7 6 3 2 2 6 3 8 1 9 5 4 7 4 7 5 2 3 6 9 8 1 5 12 
7 3 4 1 9 2 8 5 6 5 1 2 6 3 7 2 9 4 9 8 6 4 8 5 7 1 3 2 7 9 5 6 3 4 1 8 3 6 1 4 7 8 9 2 5 4 5 8 9 2 1 3 7 6 8 9 1 7 5 4 6 3 2 6 2 3 8 1 9 5 4 7 7 4 5 2 3 6 1 8 9 9 18 
7 4 3 4 9 2 8 6 1 5 1 2 6 3 8 9 7 4 9 8 6 7 1 5 2 5 3 1 2 7 5 6 3 4 9 8 3 6 9 8 7 4 1 2 5 4 5 8 9 2 1 7 3 6 8 9 4 1 5 7 6 3 2 2 3 1 3 8 9 5 4 7 6 7 5 2 4 6 1 8 9 7 17 
4 3 7 9 1 2 8 5 6 5 1 2 6 3 8 7 9 4 9 8 6 4 5 7 1 2 3 7 2 1 5 6 3 4 8 1 3 4 9 8 7 4 2 6 5 6 5 8 9 2 1 3 7 9 8 9 4 7 3 5 6 1 2 2 6 3 1 8 9 5 4 7 1 7 5 2 4 6 9 3 8 6 12 
7 4 3 1 9 2 8 6 1 5 1 2 6 8 3 9 7 4 9 8 6 4 5 7 2 5 3 1 7 9 5 6 3 4 2 8 3 6 2 8 7 4 1 9 5 4 5 8 9 2 1 7 3 6 8 9 4 7 3 5 6 1 2 2 6 3 8 1 9 5 4 7 1 7 5 2 4 6 3 8 9 10 19 
7 3 4 9 1 2 8 5 6 5 1 2 6 3 8 9 7 4 9 8 6 7 5 4 2 1 3 2 7 9 5 6 3 4 8 1 3 4 1 9 7 8 2 6 5 6 5 8 4 2 1 7 3 9 8 9 3 7 4 5 6 1 2 1 6 2 3 8 9 5 4 7 7 4 5 2 1 6 3 9 8 10 17 
4 7 3 9 5 2 8 5 6 5 1 2 6 3 8 9 7 4 9 8 6 4 1 7 2 1 3 7 2 9 5 6 8 4 8 1 3 6 1 9 7 4 9 2 5 4 5 8 3 2 1 3 7 6 8 9 3 7 4 5 6 3 2 2 6 1 3 8 9 5 4 7 7 4 5 2 1 6 1 9 8 20 22 
7 3 4 1 9 2 8 5 6 5 1 2 6 3 8 9 7 4 9 8 6 4 5 7 2 1 3 2 7 1 5 6 3 4 9 8 3 6 9 8 7 4 1 2 5 4 5 8 9 2 1 7 3 6 8 4 3 7 1 5 6 9 2 1 6 2 3 8 9 5 4 7 7 9 5 2 4 6 3 8 1 6 12 
4 7 3 1 9 2 8 6 9 5 1 2 6 3 8 2 7 4 9 8 6 7 4 5 1 5 3 1 2 7 5 6 3 4 8 1 3 9 4 8 7 4 9 2 5 6 5 8 9 2 1 7 3 6 8 3 9 4 5 7 6 1 2 2 6 1 3 8 9 5 4 7 7 4 5 2 1 6 3 9 8 8 16 
7 3 4 9 3 2 8 1 6 5 1 2 6 8 7 2 9 4 9 8 6 1 4 5 5 7 3 7 2 9 5 6 3 4 8 1 3 4 1 8 7 4 2 6 5 6 5 8 9 2 1 7 3 9 8 9 3 4 5 7 6 1 2 1 6 2 3 1 9 5 4 7 7 4 5 2 8 6 3 9 8 20 19 
4 3 7 9 5 2 8 6 1 5 1 2 6 3 8 7 9 4 9 8 6 4 1 7 2 5 3 7 2 1 5 6 3 4 8 9 3 4 9 8 7 4 1 2 5 6 5 8 9 2 1 3 7 6 8 9 4 3 5 7 6 1 2 2 6 3 1 8 9 5 4 7 1 7 5 2 4 6 9 3 8 6 11 
4 7 3 3 9 2 8 6 1 5 1 2 6 8 7 2 9 4 9 8 6 1 5 4 7 5 3 2 7 1 5 6 3 4 8 9 3 4 9 4 7 8 1 2 5 6 5 8 9 2 1 3 7 6 8 9 4 7 1 5 6 3 2 1 6 2 8 3 9 5 4 7 7 3 5 2 4 6 9 1 8 8 16 
4 7 3 1 9 2 8 5 6 5 1 2 6 3 4 9 7 4 9 8 6 7 8 5 1 2 3 1 2 7 5 6 3 4 8 1 3 9 4 9 7 8 2 6 5 6 5 8 4 2 1 7 3 9 8 4 9 3 5 7 6 1 2 2 3 1 8 1 9 5 4 7 7 6 5 2 4 6 3 9 8 7 14 
4 3 7 3 9 2 8 6 1 5 1 2 6 8 7 2 9 4 9 8 6 1 5 4 7 5 3 2 7 9 5 6 8 4 3 1 3 6 1 9 7 4 2 8 5 4 5 8 3 2 1 7 6 9 8 4 9 7 1 5 6 1 2 1 2 3 8 3 9 5 4 7 6 7 5 2 4 6 3 9 8 17 18 
4 3 7 1 9 2 8 5 6 5 1 2 6 3 7 2 9 4 9 8 6 4 5 8 1 7 3 1 7 9 5 6 3 4 2 8 3 2 4 8 7 4 1 6 5 6 5 8 9 2 1 7 3 9 8 9 3 7 4 5 6 1 2 2 6 1 3 8 9 5 4 7 7 4 5 2 1 6 3 8 9 7 12 
7 4 3 3 9 2 8 5 6 5 1 2 6 8 7 9 7 4 9 8 6 1 5 4 1 2 3 2 9 7 5 6 3 4 1 8 3 6 1 4 7 8 2 9 5 4 5 8 9 2 1 7 3 6 8 3 9 7 4 5 6 1 2 6 2 1 8 3 9 5 4 7 4 7 5 2 1 6 3 8 9 8 15 
7 3 4 1 9 2 8 5 6 5 1 2 6 3 8 9 7 4 9 8 6 4 5 7 1 2 3 2 7 9 5 6 3 4 3 1 3 6 1 8 7 4 2 8 5 4 5 8 9 2 1 7 6 9 8 9 3 7 4 5 6 1 2 1 6 2 3 8 9 5 4 7 7 4 5 2 1 6 3 9 8 7 12 
7 3 4 1 9 2 8 5 6 5 1 2 6 8 3 9 7 4 9 8 6 7 4 5 1 2 3 2 9 7 5 6 3 4 3 1 3 6 1 4 7 8 2 8 5 4 5 8 9 2 1 7 6 9 8 7 9 4 5 7 6 1 2 6 2 3 8 1 9 5 4 7 1 4 5 2 3 6 3 9 8 8 13 
4 3 7 1 9 2 8 5 6 5 1 2 6 3 8 9 7 4 9 8 6 4 5 7 1 2 3 7 2 9 5 6 3 4 8 1 3 4 1 9 7 8 2 6 5 6 5 8 4 2 1 7 3 9 8 9 4 7 1 5 6 9 2 2 6 3 3 8 9 5 4 7 1 7 5 2 4 6 3 8 1 8 11 
4 7 3 1 9 2 8 5 6 5 1 2 6 8 3 9 7 4 9 8 6 4 5 7 1 2 3 2 9 7 5 6 8 4 3 1 3 6 1 9 7 4 2 8 5 4 5 8 3 2 1 7 6 9 8 3 9 7 4 5 6 1 2 6 2 1 8 3 9 5 4 7 7 4 5 2 1 6 3 9 8 3 10 
4 7 3 7 9 2 8 6 1 5 1 2 6 8 3 7 9 4 9 8 6 1 4 5 5 2 3 1 9 7 5 6 8 4 3 1 3 2 4 9 7 4 2 8 5 6 5 8 3 2 1 9 7 6 8 4 9 1 3 7 6 5 2 2 6 1 8 5 9 3 4 7 7 3 5 2 4 6 9 1 8 11 17 
4 3 7 1 3 2 8 5 6 5 1 2 6 9 7 9 7 4 9 8 6 8 5 4 2 1 3 1 7 9 5 6 3 4 2 8 3 2 4 9 7 8 1 6 5 6 5 8 4 2 1 7 3 9 8 4 3 7 4 5 6 9 2 2 6 1 3 1 9 5 4 7 7 9 5 2 8 6 3 8 1 8 11 
4 7 3 3 9 2 8 1 6 5 1 2 6 8 7 9 2 4 9 8 6 1 4 5 5 7 3 1 2 7 5 6 3 4 8 9 3 9 4 9 7 8 2 1 5 6 5 8 4 2 1 7 3 6 8 3 9 7 3 4 6 5 2 2 6 1 8 5 9 1 4 7 7 4 5 2 1 6 3 9 8 10 16 
4 7 3 1 9 2 8 1 6 5 1 2 6 8 3 9 2 4 9 8 6 4 5 7 5 7 3 7 2 9 5 6 3 4 8 1 3 4 1 9 7 8 2 6 5 6 5 8 4 2 1 7 3 9 8 9 4 7 3 4 6 5 2 2 6 3 8 5 9 1 4 7 1 7 5 2 1 6 3 9 8 12 17 
4 3 7 3 9 2 8 6 9 5 1 2 6 8 7 7 2 4 9 8 6 1 4 5 1 5 3 2 9 7 5 6 3 4 2 8 3 6 1 8 7 4 1 6 5 4 5 8 9 2 1 7 3 9 8 4 9 7 1 4 6 5 2 6 2 3 8 5 9 3 4 7 1 7 5 2 3 6 9 8 1 24 22 

