MonoObjective Genetic Algorithm
Number of Evaluations = 0
Mutation Probability = 0.0100000000000000002
Crossover Probability = 0.5
Population Size = 100
Survival Selection Type = 16

Time =  300.019827000000021

Current Evaluation = 117900
Front Size = 100
7 3 4 1 9 2 8 5 6 5 1 2 6 8 3 9 7 4 9 8 6 4 5 7 1 2 3 2 9 7 5 6 8 4 3 1 3 6 1 9 7 4 2 8 5 4 5 8 3 2 1 7 6 9 8 4 9 7 3 5 6 1 2 6 2 3 8 1 9 5 4 7 1 7 5 2 4 6 3 9 8 1 11 
4 7 3 7 9 2 8 6 1 5 1 2 6 3 8 7 9 4 9 8 6 4 1 5 2 5 3 1 2 7 5 6 3 4 8 9 3 4 9 8 7 4 1 2 5 6 5 8 9 2 1 3 7 6 8 9 4 1 5 7 6 3 2 2 6 1 3 8 9 5 4 7 7 3 5 2 4 6 9 1 8 5 44 
4 7 3 3 9 2 8 1 6 5 1 2 6 8 7 2 9 4 9 8 6 1 4 5 5 7 3 1 9 7 5 6 3 4 2 8 3 2 4 9 7 8 1 6 5 6 5 8 4 2 1 7 3 9 8 3 9 7 1 4 6 5 2 2 6 1 8 5 9 3 4 7 7 4 5 2 3 6 9 8 1 4 35 
4 3 7 7 1 2 8 5 4 5 1 2 6 9 3 2 6 9 9 8 6 4 8 5 7 1 3 1 7 9 5 6 8 4 2 8 3 4 2 9 7 4 9 1 5 6 5 8 3 2 1 7 3 6 8 4 9 1 3 7 6 5 2 2 3 1 8 5 9 1 4 7 7 6 5 2 4 6 3 9 8 122 35 
4 3 7 1 9 2 8 5 6 5 1 2 6 3 8 9 7 4 9 8 6 4 5 7 2 1 3 1 7 9 5 6 3 4 2 8 3 2 4 8 7 4 1 6 5 6 5 8 9 2 1 7 3 9 8 4 3 7 1 5 6 9 2 2 6 1 3 8 9 5 4 7 7 9 5 2 4 6 3 8 1 3 28 
4 3 7 1 9 2 8 5 6 5 1 2 6 3 4 9 7 4 9 8 6 7 8 5 1 2 3 7 2 9 5 6 3 4 8 1 3 4 1 9 7 8 2 6 5 6 5 8 4 2 1 7 3 9 8 9 4 3 5 7 6 1 2 2 6 3 8 1 9 5 4 7 1 7 5 2 4 6 3 9 8 3 25 
4 3 7 3 9 2 8 6 1 5 1 2 6 8 4 7 9 4 9 8 6 7 1 5 5 2 3 2 9 1 5 6 3 4 7 8 3 6 4 9 7 8 2 1 5 7 5 8 4 2 1 9 3 6 8 4 9 1 3 7 6 5 2 6 2 3 8 5 9 1 4 7 1 7 5 2 4 6 3 8 9 4 30 
4 3 7 1 9 2 8 5 6 5 1 2 6 8 3 7 9 4 9 8 6 4 5 7 2 1 3 1 7 9 5 6 3 4 2 8 3 2 4 9 7 8 1 6 5 6 5 8 4 2 1 3 7 9 8 9 1 7 4 5 6 3 2 2 6 3 8 1 9 5 4 7 7 4 5 2 3 6 9 8 1 3 19 
4 3 7 1 9 2 8 5 6 5 1 2 6 8 3 9 7 4 9 8 6 7 4 5 1 2 3 2 7 9 5 6 8 4 3 1 3 6 1 9 7 4 2 8 5 4 5 8 3 2 1 7 6 9 8 9 3 4 5 7 6 1 2 6 2 1 8 3 9 5 4 7 7 4 5 2 1 6 3 9 8 3 17 
4 3 7 1 9 2 8 5 6 5 1 2 6 8 3 9 7 4 9 8 6 7 4 5 2 1 3 1 7 9 5 6 3 4 2 8 3 2 4 9 7 8 1 6 5 6 5 8 4 2 1 7 3 9 8 4 1 3 5 7 6 9 2 2 6 3 8 1 9 5 4 7 7 9 5 2 4 6 3 8 1 3 15 
7 3 4 1 9 2 8 5 6 5 1 2 6 3 8 7 9 4 9 8 6 4 5 7 1 2 3 1 2 7 5 6 3 4 8 1 3 4 9 8 7 4 2 6 5 6 5 8 9 2 1 3 7 9 8 9 3 7 4 5 6 1 2 2 6 1 3 8 9 5 4 7 4 7 5 2 1 6 9 3 8 4 23 
7 3 4 9 5 2 8 6 1 5 1 2 6 3 8 7 9 4 9 8 6 1 4 7 2 5 3 2 9 7 5 6 3 4 1 8 3 6 1 8 7 4 9 2 5 4 5 8 9 2 1 3 7 6 8 4 9 7 1 5 6 3 2 1 2 3 3 8 9 5 4 7 6 7 5 2 4 6 1 8 9 5 29 
4 3 7 1 9 2 8 5 6 5 1 2 6 8 3 7 9 4 9 8 6 4 5 7 1 2 3 7 2 9 5 6 3 4 8 1 3 4 1 9 7 8 2 6 5 6 5 8 4 2 1 3 7 9 8 9 4 7 3 5 6 1 2 2 6 3 8 1 9 5 4 7 1 7 5 2 4 6 9 3 8 3 14 
7 3 4 9 5 2 8 6 1 5 1 2 6 8 3 7 9 4 9 8 6 1 4 7 2 5 3 2 7 1 5 6 3 4 8 9 3 6 9 4 7 8 1 2 5 4 5 8 9 2 1 3 7 6 8 9 7 7 5 4 6 1 2 6 2 3 8 1 9 5 4 7 1 4 5 2 3 6 9 3 8 6 24 
7 4 3 1 9 2 8 5 6 5 1 2 6 8 3 9 7 4 9 8 6 4 5 7 1 2 3 2 7 9 5 6 8 4 3 1 3 6 1 9 7 4 2 8 5 4 5 8 3 2 1 7 6 9 8 3 4 7 1 5 6 9 2 6 2 1 8 3 9 5 4 7 7 9 5 2 4 6 3 1 8 3 13 
7 4 3 4 9 2 8 6 1 5 1 2 6 3 8 9 7 4 9 8 6 7 1 5 5 2 3 1 2 7 5 6 3 4 9 8 3 6 9 8 7 4 2 1 5 4 5 8 9 2 1 7 3 6 8 9 4 1 3 7 6 5 2 2 3 1 8 5 9 3 4 7 6 7 5 2 4 6 1 8 9 7 26 
7 3 4 1 9 2 8 6 4 5 1 2 6 3 7 2 7 9 9 8 6 8 5 4 1 5 3 2 7 9 5 6 3 4 8 1 3 6 1 4 7 8 9 2 5 4 5 8 9 2 1 7 3 6 8 9 3 7 4 5 6 1 2 6 2 1 3 8 9 5 4 7 7 4 5 2 1 6 3 9 8 8 26 
7 4 3 1 9 2 8 6 1 5 1 2 6 3 8 9 7 4 9 8 6 4 5 7 2 5 3 1 9 7 5 6 3 4 2 8 3 6 2 8 7 4 1 9 5 4 5 8 9 2 1 7 3 6 8 3 9 7 4 5 6 1 2 6 2 1 3 8 9 5 4 7 4 7 5 2 1 6 3 8 9 5 23 
7 4 3 7 1 2 8 5 6 5 1 2 6 9 3 9 7 4 9 8 6 8 4 5 2 1 3 1 7 2 5 6 3 4 3 1 3 9 4 9 7 8 2 8 5 6 5 8 4 2 1 7 6 9 8 9 7 1 4 7 6 3 2 1 2 3 8 5 9 5 4 7 4 6 5 2 3 6 1 9 8 21 28 
7 3 4 3 5 2 8 6 9 5 1 2 6 9 8 7 2 4 9 8 6 4 1 7 1 5 3 2 9 7 5 6 3 4 8 1 3 6 1 8 7 4 2 9 5 4 5 8 9 2 1 3 7 6 8 4 9 7 3 5 6 1 2 6 2 3 1 8 9 5 4 7 1 7 5 2 4 6 9 3 8 4 19 
2 7 4 4 3 2 8 1 6 5 1 3 6 9 7 2 9 4 9 8 6 8 1 5 5 7 3 1 2 7 5 6 8 4 7 8 3 4 9 9 7 4 2 1 5 6 5 8 3 2 1 3 9 6 8 3 9 4 3 7 6 1 2 6 2 1 1 5 9 5 4 7 4 7 5 2 8 6 9 3 8 132 32 
4 7 3 1 9 2 8 5 6 5 1 2 6 3 8 7 9 4 9 8 6 4 5 7 2 1 3 1 9 7 5 6 3 4 2 8 3 2 4 8 7 4 1 6 5 6 5 8 9 2 1 3 7 9 8 4 9 7 1 5 6 3 2 2 6 1 3 8 9 5 4 7 7 3 5 2 4 6 9 8 1 3 12 
4 3 7 3 5 2 8 6 1 5 1 2 6 9 8 9 7 4 9 8 6 4 1 7 2 5 3 7 2 1 5 6 3 4 8 9 3 4 9 8 7 4 1 2 5 6 5 8 9 2 1 7 3 6 8 9 4 7 3 5 6 1 2 2 6 3 1 8 9 5 4 7 1 7 5 2 4 6 3 9 8 5 22 
4 3 7 9 5 2 8 1 6 5 1 2 6 3 7 2 9 4 9 8 6 8 1 4 7 5 3 2 9 1 5 6 3 4 7 8 3 6 4 9 7 8 1 2 5 7 5 8 4 2 1 3 6 9 8 4 9 7 1 5 6 3 2 6 2 3 3 8 9 5 4 7 1 7 5 2 4 6 9 8 1 7 24 
7 4 3 9 1 2 8 5 6 5 1 2 6 3 8 9 2 4 9 8 6 7 5 4 1 7 3 2 7 9 5 6 3 4 1 9 3 6 1 4 7 8 2 8 5 4 5 8 9 2 1 7 3 6 8 9 4 1 5 7 6 3 2 1 6 2 8 3 9 5 4 7 7 3 5 2 4 6 1 9 8 15 27 
7 4 3 1 9 2 8 5 6 5 1 2 6 3 8 9 7 4 9 8 6 7 4 5 1 2 3 1 2 7 5 6 3 4 8 1 3 9 4 8 7 4 2 6 5 6 5 8 9 2 1 7 3 9 8 3 9 4 5 7 6 1 2 2 6 1 3 8 9 5 4 7 4 7 5 2 1 6 3 9 8 4 18 
4 3 7 1 9 2 8 6 1 5 1 2 6 3 8 7 9 4 9 8 6 7 5 4 5 2 3 2 7 1 5 6 3 4 8 9 3 6 9 8 7 4 2 1 5 4 5 8 9 2 1 7 3 6 8 4 3 7 1 5 6 5 2 6 2 1 3 8 9 1 4 7 7 9 5 2 4 6 9 3 8 12 25 
7 3 4 9 1 2 8 5 6 5 1 2 6 3 8 9 7 4 9 8 6 7 4 5 1 2 3 2 9 7 5 6 3 4 1 8 3 6 1 8 7 4 2 9 5 4 5 8 9 2 1 7 3 6 8 4 9 3 5 7 6 1 2 6 2 3 1 8 9 5 4 7 1 7 5 2 4 6 3 8 9 5 21 
4 7 3 9 5 2 8 1 6 5 1 2 6 8 3 9 7 4 9 8 6 4 1 7 5 2 3 1 2 7 5 6 3 4 9 8 3 6 9 4 7 8 1 2 5 4 5 8 9 2 1 7 3 6 8 4 9 7 1 5 6 5 2 6 2 1 8 3 9 3 4 7 7 3 5 2 4 6 9 8 1 13 25 
7 4 3 7 1 2 8 5 6 5 1 2 6 9 3 7 9 4 9 8 6 4 5 8 2 1 3 7 2 9 5 6 3 4 8 1 3 6 1 8 7 4 9 2 5 4 5 8 9 2 1 7 3 6 8 9 4 1 3 7 6 5 2 2 6 3 8 5 9 1 4 7 1 7 5 2 4 6 3 8 9 14 25 
7 4 3 9 5 2 8 1 6 5 1 2 6 3 8 7 9 4 9 8 6 1 4 7 2 5 3 1 9 7 5 6 3 4 2 8 3 2 4 9 7 8 1 6 5 6 5 8 4 2 1 3 7 9 8 3 9 7 5 4 6 1 2 2 6 1 3 8 9 5 4 7 4 7 5 2 1 6 9 3 8 6 20 
7 3 4 9 5 2 8 6 1 5 1 2 6 8 3 9 7 4 9 8 6 7 1 4 5 2 3 2 9 7 5 6 3 4 1 8 3 6 1 4 7 8 2 9 5 4 5 8 9 2 1 7 3 6 8 4 9 1 3 7 6 5 2 6 2 3 8 5 9 1 4 7 1 7 5 2 4 6 3 8 9 4 16 
4 3 7 1 9 2 8 5 6 5 1 2 6 8 3 9 7 4 9 8 6 4 5 7 1 2 3 7 2 9 5 6 8 4 3 1 3 4 1 9 7 4 2 8 5 6 5 8 3 2 1 7 6 9 8 9 4 7 3 5 6 1 2 2 6 3 8 1 9 5 4 7 1 7 5 2 4 6 3 9 8 3 11 
7 3 4 4 9 2 8 1 6 5 1 2 6 8 3 9 7 4 9 8 6 7 1 5 5 2 3 2 9 7 5 6 8 4 3 1 3 6 1 9 7 4 2 8 5 4 5 8 3 2 1 7 6 9 8 4 9 1 3 7 6 5 2 6 2 3 8 5 9 1 4 7 1 7 5 2 4 6 3 9 8 3 11 
4 7 3 1 9 2 8 5 6 5 1 2 6 3 7 9 2 4 9 8 6 8 5 4 1 7 3 7 2 9 5 6 3 4 1 8 3 4 1 9 7 8 2 6 5 6 5 8 4 2 1 7 3 9 8 3 4 7 4 5 6 9 2 1 6 2 3 8 9 5 4 7 7 9 5 2 1 6 3 8 1 7 23 
4 3 7 9 5 2 8 6 1 5 1 2 6 8 3 7 9 4 9 8 6 1 4 7 2 5 3 2 9 1 5 6 3 4 7 8 3 6 4 9 7 8 1 2 5 7 5 8 4 2 1 9 3 6 8 4 9 7 3 5 6 1 2 6 2 3 8 1 9 5 4 7 1 7 5 2 4 6 3 8 9 4 15 
7 4 3 1 9 2 8 5 6 5 1 2 6 8 3 9 7 4 9 8 6 7 5 4 2 1 3 1 9 7 5 6 3 4 2 8 3 2 4 9 7 8 1 6 5 6 5 8 4 2 1 7 3 9 8 3 9 7 4 5 6 1 2 2 6 1 8 3 9 5 4 7 4 7 5 2 1 6 3 9 8 5 19 
4 7 3 1 9 2 8 5 6 5 1 2 6 8 3 9 7 4 9 8 6 4 5 7 1 2 3 2 9 7 5 6 8 4 3 1 3 6 1 9 7 4 2 8 5 4 5 8 3 2 1 7 6 9 8 3 9 7 4 5 6 1 2 6 2 1 8 3 9 5 4 7 7 4 5 2 1 6 3 9 8 3 10 
4 3 7 7 9 2 8 1 6 5 1 2 6 3 8 7 9 4 9 8 6 4 1 5 2 5 3 2 7 9 5 6 3 4 8 1 3 4 1 9 7 8 9 2 5 6 5 8 4 2 1 3 7 6 8 4 3 1 5 7 6 9 2 1 6 2 8 3 9 5 4 7 7 9 5 2 4 6 1 3 8 12 23 
4 7 3 9 5 2 8 6 1 5 1 2 6 3 8 9 7 4 9 8 6 1 4 7 2 5 3 1 2 7 5 6 3 4 8 9 3 6 9 8 7 4 1 2 5 4 5 8 9 2 1 7 3 6 8 3 4 7 1 5 6 9 2 6 2 1 3 8 9 5 4 7 7 9 5 2 4 6 3 1 8 5 19 
7 4 3 1 9 2 8 5 6 5 1 2 6 8 3 9 2 4 9 8 6 7 4 5 7 1 3 1 2 7 5 6 3 4 8 1 3 6 9 4 7 8 2 6 5 4 5 8 9 2 1 3 7 9 8 9 4 3 5 7 6 3 2 6 2 1 8 1 9 5 4 7 7 3 5 2 4 6 1 9 8 12 23 
4 7 3 9 1 2 8 5 6 5 1 2 6 8 3 7 9 4 9 8 6 7 5 4 1 2 3 2 9 7 5 6 3 4 8 1 3 4 1 9 7 8 2 6 5 6 5 8 4 2 1 3 7 9 8 9 4 1 5 7 6 3 2 1 6 2 8 3 9 5 4 7 7 3 5 2 4 6 9 1 8 6 19 
7 3 4 1 9 2 8 5 6 5 1 2 6 3 4 7 9 4 9 8 6 7 8 5 1 2 3 2 9 7 5 6 3 4 8 1 3 6 1 4 7 8 2 9 5 4 5 8 9 2 1 3 7 6 8 4 9 3 5 7 6 1 2 6 2 3 8 1 9 5 4 7 1 7 5 2 4 6 9 3 8 5 17 
7 3 4 1 9 2 8 5 6 5 1 2 6 8 3 9 7 4 9 8 6 7 4 5 1 2 3 2 9 7 5 6 8 4 3 1 3 6 1 9 7 4 2 8 5 4 5 8 3 2 1 7 6 9 8 7 9 4 5 7 6 1 2 6 2 3 8 1 9 5 4 7 1 4 5 2 3 6 3 9 8 3 9 
7 3 4 7 9 2 8 6 1 5 1 2 6 3 8 9 7 4 9 8 6 1 4 5 2 5 3 2 9 7 5 6 3 4 1 8 3 4 1 9 7 8 2 6 5 6 5 8 4 2 1 7 3 9 8 7 1 3 4 7 6 9 2 6 2 3 8 5 9 5 4 7 4 9 5 2 1 6 3 8 1 14 23 
4 3 7 7 9 2 8 6 1 5 1 2 6 3 8 9 7 4 9 8 6 1 4 5 2 5 3 1 7 9 5 6 3 4 2 8 3 2 4 8 7 4 1 9 5 6 5 8 9 2 1 7 3 6 8 9 3 4 5 7 6 1 2 2 6 1 3 8 9 5 4 7 7 4 5 2 1 6 3 8 9 5 17 
4 7 3 1 9 2 8 5 6 5 1 2 6 3 8 9 7 4 9 8 6 7 4 5 2 1 3 1 9 7 5 6 3 4 2 8 3 6 2 9 7 8 1 9 5 4 5 8 4 2 1 3 7 6 8 9 1 3 4 7 6 5 2 6 2 3 8 5 9 1 4 7 7 4 5 2 1 6 9 3 8 15 25 
4 3 7 1 9 2 8 5 6 5 1 2 6 8 3 9 7 4 9 8 6 7 5 4 2 1 3 1 7 9 5 6 3 4 2 8 3 2 4 9 7 8 1 6 5 6 5 8 4 2 1 7 3 9 8 4 3 7 1 5 6 9 2 2 6 1 8 3 9 5 4 7 7 9 5 2 4 6 3 8 1 3 8 
4 7 3 9 1 2 8 5 6 5 1 2 6 8 3 7 9 4 9 8 6 7 4 5 2 1 3 1 9 7 5 6 3 4 2 8 3 2 4 9 7 8 1 6 5 6 5 8 4 2 1 3 7 9 8 4 9 1 5 7 6 3 2 2 6 1 8 3 9 5 4 7 7 3 5 2 4 6 9 8 1 4 15 
7 3 4 1 9 2 8 5 6 5 1 2 6 8 3 9 7 4 9 8 6 4 5 7 1 2 3 2 7 9 5 6 8 4 3 1 3 6 1 9 7 4 2 8 5 4 5 8 3 2 1 7 6 9 8 9 3 7 4 5 6 1 2 1 6 2 8 3 9 5 4 7 7 4 5 2 1 6 3 9 8 4 10 
7 4 3 7 9 2 8 6 1 5 1 2 6 3 8 7 9 4 9 8 6 4 1 5 2 5 3 7 2 1 5 6 3 4 8 9 3 6 9 8 7 4 1 2 5 4 5 8 9 2 1 3 7 6 8 9 4 3 5 7 6 1 2 6 3 2 1 8 9 5 4 7 1 7 5 2 4 6 9 3 8 5 15 
4 3 7 1 9 2 8 5 6 5 1 2 6 3 7 9 7 4 9 8 6 8 4 5 1 2 3 2 7 9 5 6 3 4 8 1 3 4 1 9 7 8 2 6 5 6 5 8 4 2 1 7 3 9 8 9 3 7 5 4 6 1 2 1 6 2 3 8 9 5 4 7 7 4 5 2 1 6 3 9 8 5 15 
7 4 3 9 4 2 8 5 6 5 1 2 6 8 3 7 9 4 9 8 6 1 5 7 1 2 3 7 2 1 5 6 8 4 1 8 3 9 4 9 7 4 2 6 5 6 5 8 3 2 1 7 3 9 8 3 9 7 1 4 6 5 2 1 6 2 8 5 9 3 4 7 4 7 5 2 3 6 9 8 1 15 24 
4 7 3 3 9 2 8 6 1 5 1 2 6 8 7 2 9 4 9 8 6 1 5 4 7 5 3 1 2 7 5 6 3 4 8 9 3 6 9 4 7 8 1 2 5 4 5 8 9 2 1 3 7 6 8 9 4 7 1 5 6 3 2 2 6 1 8 3 9 5 4 7 7 3 5 2 4 6 9 1 8 6 17 
4 3 7 3 9 2 8 1 6 5 1 2 6 8 4 9 7 4 9 8 6 7 1 5 2 5 3 1 7 9 5 6 3 4 2 8 3 2 4 9 7 8 1 6 5 6 5 8 4 2 1 7 3 9 8 4 3 1 5 7 6 9 2 2 6 1 8 3 9 5 4 7 7 9 5 2 4 6 3 8 1 4 9 
4 3 7 1 9 2 8 5 6 5 1 2 6 8 3 9 7 4 9 8 6 4 5 7 1 2 3 2 7 9 5 6 8 4 3 1 3 6 1 9 7 4 2 8 5 4 5 8 3 2 1 7 6 9 8 4 1 7 3 5 6 9 2 6 2 3 8 1 9 5 4 7 7 9 5 2 4 6 3 1 8 3 8 
4 3 7 1 9 2 8 5 6 5 1 2 6 8 3 9 7 4 9 8 6 7 5 4 1 2 3 7 2 9 5 6 3 4 8 1 3 4 1 9 7 8 2 6 5 6 5 8 4 2 1 7 3 9 8 9 4 3 5 7 6 1 2 2 6 3 8 1 9 5 4 7 1 7 5 2 4 6 3 9 8 3 4 
4 7 3 1 9 2 8 5 6 5 1 2 6 3 8 7 9 4 9 8 6 4 5 7 1 2 3 2 9 7 5 6 3 4 8 1 3 6 1 8 7 4 2 9 5 4 5 8 9 2 1 3 7 6 8 4 9 7 1 5 6 3 2 6 2 1 3 8 9 5 4 7 7 3 5 2 4 6 9 1 8 5 15 
4 7 3 1 9 2 8 6 1 5 1 2 6 3 8 9 2 4 9 8 6 7 4 5 7 5 3 7 2 1 5 6 3 4 1 8 3 4 9 9 7 8 2 6 5 6 5 8 4 2 1 3 7 9 8 9 7 4 5 7 6 3 2 1 6 2 3 8 9 5 4 7 4 3 5 2 1 6 1 9 8 15 23 
4 3 7 9 5 2 8 1 6 5 1 2 6 3 4 9 7 4 9 8 6 1 8 7 2 5 3 7 2 9 5 6 3 4 1 8 3 6 1 4 7 8 9 2 5 4 5 8 9 2 1 7 3 6 8 9 4 3 1 7 6 5 2 2 3 1 8 5 9 3 4 7 6 7 5 2 4 6 1 8 9 15 23 
7 3 4 3 9 2 8 6 1 5 1 2 6 8 7 2 9 4 9 8 6 1 4 5 7 5 3 2 7 9 5 6 3 4 1 8 3 6 1 4 7 8 9 2 5 4 5 8 9 2 1 3 7 6 8 9 1 7 5 4 6 3 2 6 2 3 8 1 9 5 4 7 7 4 5 2 3 6 1 8 9 6 17 
7 3 4 1 9 2 8 5 6 5 1 2 6 8 3 7 9 4 9 8 6 7 4 5 1 2 3 1 9 7 5 6 8 4 1 8 3 2 4 9 7 4 9 2 5 6 5 8 3 2 1 7 3 6 8 3 9 7 1 5 6 1 2 2 6 1 3 8 9 5 4 7 7 4 5 2 4 6 3 8 9 22 23 
4 7 3 1 9 2 8 5 6 5 1 2 6 3 7 7 9 4 9 8 6 8 5 4 1 2 3 1 2 7 5 6 3 4 8 1 3 9 4 9 7 8 2 6 5 6 5 8 4 2 1 3 7 9 8 4 9 7 1 5 6 3 2 2 6 1 3 8 9 5 4 7 7 3 5 2 4 6 9 1 8 5 15 
7 4 3 1 9 2 8 5 6 5 1 2 6 8 3 9 7 4 9 8 6 7 5 4 2 1 3 2 7 1 5 6 3 4 9 8 3 6 9 4 7 8 1 2 5 4 5 8 9 2 1 7 3 6 8 9 4 7 3 5 6 1 2 6 2 3 8 1 9 5 4 7 1 7 5 2 4 6 3 8 9 7 22 
4 3 7 9 5 2 8 6 1 5 1 2 6 3 8 7 9 4 9 8 6 4 1 7 2 5 3 1 7 9 5 6 3 4 2 8 3 2 4 8 7 4 9 1 5 6 5 8 9 2 1 3 7 6 8 9 4 7 1 5 6 3 2 2 6 1 3 8 9 5 4 7 7 3 5 2 4 6 1 8 9 7 17 
7 3 4 7 9 2 8 6 1 5 1 2 6 3 8 7 9 4 9 8 6 1 4 5 2 5 3 1 2 7 5 6 3 4 8 9 3 6 9 8 7 4 1 2 5 4 5 8 9 2 1 3 7 6 8 9 3 4 5 7 6 1 2 2 6 1 3 8 9 5 4 7 7 4 5 2 1 6 9 3 8 5 13 
7 4 3 9 5 2 8 6 1 5 1 2 6 3 8 9 7 4 9 8 6 1 4 7 5 2 3 1 9 7 5 6 3 4 2 8 3 2 4 9 7 8 1 6 5 6 5 8 4 2 1 3 7 9 8 9 4 3 1 7 6 5 2 2 3 1 8 5 9 1 4 7 7 6 5 2 4 6 3 8 9 17 22 
7 3 4 9 5 2 8 6 1 5 1 2 6 3 8 9 7 4 9 8 6 4 1 7 2 5 3 2 7 1 5 6 3 4 8 9 3 6 9 8 7 4 1 2 5 4 5 8 9 2 1 7 3 6 8 4 7 7 3 5 6 1 2 6 2 3 1 8 9 5 4 7 1 9 5 2 4 6 3 9 8 5 13 
7 3 4 1 9 2 8 5 6 5 1 2 6 8 3 7 9 4 9 8 6 7 4 5 2 1 3 1 2 7 5 6 3 4 8 1 3 4 9 9 7 8 2 6 5 6 5 8 4 2 1 3 7 9 8 9 1 4 5 7 6 3 2 2 6 3 8 1 9 5 4 7 4 7 5 2 3 6 1 9 8 7 17 
4 3 7 1 9 2 8 5 6 5 1 2 6 3 8 7 9 4 9 8 6 7 5 4 2 1 3 7 9 1 5 6 3 4 2 8 3 2 4 9 7 8 1 6 5 6 5 8 4 2 1 3 7 9 8 4 9 7 3 5 6 1 2 2 6 3 8 1 9 5 4 7 1 7 5 2 4 6 3 8 9 7 16 
4 3 7 1 9 2 8 5 6 5 1 2 6 3 8 9 7 4 9 8 6 7 4 5 2 1 3 1 7 9 5 6 3 4 2 8 3 2 4 9 7 8 1 6 5 6 5 8 4 2 1 7 3 9 8 4 1 3 5 7 6 9 2 2 6 3 8 1 9 5 4 7 7 9 5 2 4 6 3 8 1 3 2 
7 4 3 1 9 2 8 5 6 5 1 2 6 3 8 7 9 4 9 8 6 7 5 4 1 2 3 2 9 1 5 6 3 4 7 8 3 6 4 9 7 8 2 1 5 7 5 8 4 2 1 9 3 6 8 3 9 7 4 5 6 1 2 1 6 2 3 8 9 5 4 7 4 7 5 2 1 6 3 8 9 8 21 
7 3 4 4 9 2 8 6 1 5 1 2 6 8 3 9 7 4 9 8 6 1 5 7 2 5 3 1 7 9 5 6 8 4 2 9 3 6 2 9 7 4 1 8 5 4 5 8 3 2 1 7 3 6 8 4 1 7 3 5 6 9 2 6 2 3 8 1 9 5 4 7 7 9 5 2 4 6 3 1 8 7 15 
7 4 3 1 9 2 8 6 1 5 1 2 6 3 8 9 7 4 9 8 6 4 5 7 5 2 3 2 7 1 5 6 3 4 8 9 3 6 9 8 7 4 2 1 5 4 5 8 9 2 1 7 3 6 8 9 4 7 1 5 6 5 2 6 3 2 3 8 9 1 4 7 1 7 5 2 4 6 3 9 8 7 15 
4 7 3 1 9 2 8 5 6 5 1 2 6 3 8 9 7 4 9 8 6 7 4 5 1 2 3 2 9 7 5 6 3 4 8 1 3 6 1 8 7 4 2 9 5 4 5 8 9 2 1 7 3 6 8 3 9 4 5 7 6 1 2 6 2 1 3 8 9 5 4 7 7 4 5 2 1 6 3 9 8 5 13 
4 3 7 1 9 2 8 6 1 5 1 2 6 3 8 7 9 4 9 8 6 7 4 5 2 5 3 7 2 1 5 6 3 4 3 8 3 4 9 9 7 8 1 2 5 6 5 8 4 2 1 9 7 6 8 9 4 3 5 7 6 1 2 2 6 3 8 1 9 5 4 7 1 7 5 2 4 6 3 8 9 8 17 
7 4 3 1 9 2 8 5 6 5 1 2 6 3 8 7 9 4 9 8 6 7 4 5 2 1 3 1 9 7 5 6 3 4 2 8 3 2 4 8 7 4 1 6 5 6 5 8 9 2 1 3 7 9 8 3 9 4 5 7 6 3 2 2 6 1 3 8 9 5 4 7 4 7 5 2 1 6 9 8 1 5 12 
4 3 7 1 9 2 8 5 6 5 1 2 6 3 8 9 7 4 9 8 6 7 5 4 1 2 3 7 2 9 5 6 3 4 8 1 3 4 1 9 7 8 2 6 5 6 5 8 4 2 1 7 3 9 8 9 4 3 5 7 6 1 2 2 6 3 8 1 9 5 4 7 1 7 5 2 4 6 3 9 8 3 2 
7 3 4 4 9 2 8 6 1 5 1 2 6 8 3 7 9 4 9 8 6 1 5 7 2 5 3 1 7 2 5 6 3 4 8 9 3 6 9 8 7 4 1 2 5 4 5 8 9 2 1 3 7 6 8 9 3 7 4 5 6 1 2 6 2 1 8 3 9 5 4 7 7 4 5 2 1 6 9 3 8 7 14 
7 4 3 1 9 2 8 5 6 5 1 2 6 8 3 9 7 4 9 8 6 4 5 7 1 2 3 2 9 7 5 6 8 4 8 1 3 4 1 9 7 4 2 6 5 6 5 8 3 2 1 7 3 9 8 3 9 7 4 5 6 1 2 1 6 2 8 3 9 5 4 7 4 7 5 2 1 6 3 9 8 6 12 
7 3 4 7 9 2 8 5 6 5 1 2 6 3 8 9 7 4 9 8 6 4 1 5 1 2 3 2 9 7 5 6 3 4 8 1 3 6 1 8 7 4 2 6 5 4 5 8 9 2 1 7 3 9 8 4 9 3 5 7 6 1 2 6 2 3 1 8 9 5 4 7 1 7 5 2 4 6 3 9 8 5 10 
4 7 3 3 9 2 8 6 1 5 1 2 6 8 7 7 9 4 9 8 6 1 4 5 5 2 3 1 9 7 5 6 3 4 3 8 3 2 4 9 7 8 2 1 5 6 5 8 4 2 1 9 7 6 8 3 9 7 1 4 6 5 2 2 6 1 8 5 9 3 4 7 7 4 5 2 3 6 1 8 9 7 12 
4 3 7 1 9 2 8 5 6 5 1 2 6 8 3 9 7 4 9 8 6 7 4 5 1 2 3 7 2 9 5 6 3 4 8 1 3 4 1 9 7 8 2 6 5 6 5 8 4 2 1 7 3 9 8 9 4 3 5 7 6 1 2 2 6 3 8 1 9 5 4 7 1 7 5 2 4 6 3 9 8 3 2 
7 3 4 1 9 2 8 5 6 5 1 2 6 3 8 7 9 4 9 8 6 7 4 5 1 2 3 2 9 7 5 6 3 4 8 1 3 4 1 8 7 4 2 6 5 6 5 8 9 2 1 7 3 9 8 9 3 4 5 7 6 1 2 1 6 2 3 8 9 5 4 7 4 7 5 2 1 6 3 9 8 7 12 
7 3 4 1 9 2 8 5 6 5 1 2 6 3 7 9 2 4 9 8 6 8 5 4 1 7 3 2 9 7 5 6 3 4 3 1 3 4 1 9 7 8 2 8 5 6 5 8 4 2 1 7 6 9 8 3 9 7 4 5 6 1 2 1 6 2 3 8 9 5 4 7 4 7 5 2 1 6 3 9 8 8 16 
7 3 4 3 1 2 8 6 9 5 1 2 6 9 8 7 2 4 9 8 6 4 5 7 1 5 3 2 9 7 5 6 3 4 1 8 3 6 1 8 7 4 2 9 5 4 5 8 9 2 1 3 7 6 8 7 9 7 4 5 6 3 2 6 2 3 1 8 9 5 4 7 1 4 5 2 3 6 9 8 1 6 11 
4 7 3 1 9 2 8 5 6 5 1 2 6 8 3 9 7 4 9 8 6 7 5 4 2 1 3 1 9 7 5 6 3 4 2 8 3 2 4 9 7 8 1 6 5 6 5 8 4 2 1 7 3 9 8 4 9 3 5 7 6 1 2 2 3 1 8 1 9 5 4 7 7 6 5 2 4 6 3 8 9 7 12 
7 3 4 1 9 2 8 5 6 5 1 2 6 8 3 9 7 4 9 8 6 7 4 5 1 2 3 2 7 9 5 6 8 4 3 1 3 6 1 9 7 4 2 8 5 4 5 8 3 2 1 7 6 9 8 9 3 4 5 7 6 1 2 6 2 1 8 3 9 5 4 7 7 4 5 2 1 6 3 9 8 3 2 
4 3 7 1 9 2 8 6 1 5 1 2 6 3 8 7 9 4 9 8 6 4 5 7 2 5 3 2 9 1 5 6 3 4 7 8 3 6 4 8 7 4 1 2 5 7 5 8 9 2 1 9 3 6 8 9 3 7 4 5 6 1 2 6 2 1 3 8 9 5 4 7 7 4 5 2 1 6 3 8 9 8 16 
4 7 3 1 9 2 8 5 6 5 1 2 6 3 7 9 7 4 9 8 6 4 8 5 2 1 3 1 9 7 5 6 8 4 3 1 3 2 4 9 7 4 2 8 5 6 5 8 3 2 1 7 6 9 8 4 9 7 1 3 6 5 2 2 6 1 8 5 9 3 4 7 7 3 5 2 4 6 1 9 8 9 21 
4 3 7 1 9 2 8 5 6 5 1 2 6 8 3 7 9 4 9 8 6 7 5 4 1 2 3 7 2 9 5 6 3 4 8 1 3 4 1 9 7 8 2 6 5 6 5 8 4 2 1 3 7 9 8 9 4 7 3 5 6 1 2 2 6 3 8 1 9 5 4 7 1 7 5 2 4 6 9 3 8 3 2 
4 3 7 1 9 2 8 5 6 5 1 2 6 8 3 9 7 4 9 8 6 4 5 7 1 2 3 7 2 9 5 6 8 4 3 1 3 6 1 9 7 4 2 8 5 4 5 8 3 2 1 7 6 9 8 9 4 7 3 5 6 1 2 2 6 3 8 1 9 5 4 7 1 7 5 2 4 6 3 9 8 3 2 
4 3 7 1 9 2 8 5 6 5 1 2 6 3 8 7 9 4 9 8 6 4 5 7 2 1 3 7 2 1 5 6 3 4 8 9 3 6 9 8 7 4 1 2 5 4 5 8 9 2 1 3 7 6 8 9 4 7 5 3 6 1 2 2 6 3 8 1 9 5 4 7 1 7 5 2 4 6 9 3 8 8 16 
4 3 7 3 5 2 8 6 1 5 1 2 6 9 8 9 7 4 9 8 6 4 1 7 2 5 3 1 7 2 5 6 3 4 8 9 3 6 9 8 7 4 1 2 5 4 5 8 9 2 1 7 3 6 8 4 1 7 3 5 6 9 2 6 2 3 1 8 9 5 4 7 7 9 5 2 4 6 3 1 8 5 10 
7 3 4 1 9 2 8 5 6 5 1 2 6 3 8 7 9 4 9 8 6 7 4 5 2 1 3 1 2 7 5 6 3 4 8 9 3 4 9 8 7 4 1 2 5 6 5 8 9 2 1 3 7 6 8 9 3 4 5 7 6 1 2 2 6 1 3 8 9 5 4 7 4 7 5 2 1 6 9 3 8 5 9 
7 3 4 7 9 2 8 6 1 5 1 2 6 3 8 7 9 4 9 8 6 4 1 5 2 5 3 1 2 7 5 6 3 4 8 9 3 6 9 8 7 4 1 2 5 4 5 8 9 2 1 3 7 6 8 4 1 3 5 7 6 1 2 6 2 3 1 8 9 5 4 7 7 9 5 2 4 6 9 3 8 7 10 
7 4 3 9 5 2 8 6 1 5 1 2 6 3 8 7 9 4 9 8 6 7 1 4 5 2 3 1 2 9 5 6 3 4 7 8 3 6 4 9 7 8 2 1 5 7 5 8 4 2 1 9 3 6 8 9 1 3 5 7 6 5 2 6 3 2 1 8 9 3 4 7 4 7 5 2 4 6 1 8 9 9 21 
4 7 3 1 9 2 8 5 6 5 1 2 6 8 3 7 9 4 9 8 6 7 4 5 1 2 3 2 9 7 5 6 3 4 8 1 3 4 1 9 7 8 2 6 5 6 5 8 4 2 1 7 3 9 8 4 9 1 3 7 6 5 2 1 6 2 8 5 9 3 4 7 7 3 5 2 4 6 9 1 8 8 12 
4 7 3 1 9 2 8 5 6 5 1 2 6 8 3 9 7 4 9 8 6 4 5 7 2 1 3 2 9 7 5 6 3 4 1 8 3 4 1 8 7 4 9 2 5 6 5 8 9 2 1 7 3 6 8 3 4 7 1 5 6 9 2 1 6 2 8 3 9 5 4 7 7 9 5 2 4 6 3 8 1 10 19 
4 3 7 1 9 2 8 5 6 5 1 2 6 3 8 7 9 4 9 8 6 7 4 5 2 1 3 7 2 1 5 6 3 4 2 8 3 4 9 9 7 8 1 6 5 6 5 8 4 2 1 3 7 9 8 9 1 7 5 4 6 3 2 2 6 3 3 8 9 5 4 7 4 7 5 2 1 6 9 8 1 9 16 

