MonoObjective Genetic Algorithm
Number of Evaluations = 0
Mutation Probability = 0.0100000000000000002
Crossover Probability = 0.5
Population Size = 100
Survival Selection Type = 16

Time =  300.047511999999983

Current Evaluation = 193900
Front Size = 100
7 3 4 1 9 2 8 5 6 5 1 2 6 8 3 9 7 4 9 8 6 4 5 7 1 2 3 2 9 7 5 6 8 4 3 1 3 6 1 9 7 4 2 8 5 4 5 8 3 2 1 7 6 9 8 4 9 7 3 5 6 1 2 6 2 3 8 1 9 5 4 7 1 7 5 2 4 6 3 9 8 1 8 
4 7 3 1 9 2 8 5 6 5 1 2 6 3 7 2 9 4 9 8 6 8 5 4 7 1 3 1 9 7 5 6 3 4 2 8 3 2 4 9 7 8 1 6 5 6 5 8 4 2 1 3 7 9 8 4 9 7 1 5 6 3 2 2 6 1 3 8 9 5 4 7 7 3 5 2 4 6 9 8 1 3 36 
4 3 7 7 9 2 8 6 1 5 1 2 6 8 3 7 9 4 9 8 6 1 4 5 2 5 3 1 7 9 5 6 3 4 2 8 3 6 2 8 7 4 9 1 5 4 5 8 9 2 1 3 7 6 8 9 1 4 5 7 6 3 2 6 2 3 8 1 9 5 4 7 7 4 5 2 3 6 1 8 9 7 38 
7 3 4 4 9 2 8 6 1 5 1 2 6 3 8 9 7 4 9 8 6 7 1 5 5 2 3 7 2 1 5 6 3 4 8 9 3 4 9 8 7 4 1 2 5 6 5 8 9 2 1 7 3 6 8 9 4 1 5 7 6 5 2 2 6 3 3 8 9 3 4 7 1 7 5 2 4 6 9 1 8 14 37 
7 4 3 1 9 2 8 6 4 5 1 2 6 3 4 7 2 9 9 8 6 7 8 5 5 1 3 2 7 9 5 6 3 4 8 1 3 6 1 4 7 8 2 9 5 4 5 8 9 2 1 3 7 6 8 9 4 3 1 7 6 5 2 6 3 2 8 5 9 1 4 7 1 7 5 2 4 6 9 3 8 7 32 
7 4 3 1 3 2 8 6 9 5 1 2 6 9 8 2 7 4 9 8 6 4 5 7 1 5 3 2 7 9 5 6 3 4 1 8 3 6 1 8 7 4 9 2 5 4 5 8 9 2 1 7 3 6 8 3 4 7 1 5 6 9 2 6 2 1 3 8 9 5 4 7 7 9 5 2 4 6 3 8 1 6 31 
2 7 4 4 3 2 8 1 6 5 1 3 6 9 7 2 9 4 9 8 6 8 1 5 5 7 3 1 2 7 5 6 8 4 7 8 3 4 9 9 7 4 2 1 5 6 5 8 3 2 1 3 9 6 8 3 9 4 3 7 6 1 2 6 2 1 1 5 9 5 4 7 4 7 5 2 8 6 9 3 8 132 36 
4 3 7 1 9 2 8 5 6 5 1 2 6 3 8 7 9 4 9 8 6 7 5 4 1 2 3 7 2 9 5 6 3 4 8 1 3 4 1 9 7 8 2 6 5 6 5 8 4 2 1 3 7 9 8 9 4 3 5 7 6 1 2 2 6 3 8 1 9 5 4 7 1 7 5 2 4 6 9 3 8 3 27 
4 3 7 1 9 2 8 5 6 5 1 2 6 3 4 9 7 4 9 8 6 7 8 5 2 1 3 1 7 9 5 6 3 4 2 8 3 2 4 9 7 8 1 6 5 6 5 8 4 2 1 7 3 9 8 4 1 3 5 7 6 9 2 2 6 3 8 1 9 5 4 7 7 9 5 2 4 6 3 8 1 3 23 
4 3 7 3 9 2 8 6 1 5 1 2 6 8 4 7 9 4 9 8 6 7 1 5 5 2 3 2 9 1 5 6 3 4 7 8 3 6 4 9 7 8 2 1 5 7 5 8 4 2 1 9 3 6 8 4 9 1 3 7 6 5 2 6 2 3 8 5 9 1 4 7 1 7 5 2 4 6 3 8 9 4 29 
4 3 7 1 9 2 8 5 6 5 1 2 6 8 3 7 9 4 9 8 6 4 5 7 2 1 3 1 7 9 5 6 3 4 2 8 3 2 4 9 7 8 1 6 5 6 5 8 4 2 1 3 7 9 8 9 1 7 4 5 6 3 2 2 6 3 8 1 9 5 4 7 7 4 5 2 3 6 9 8 1 3 17 
7 4 3 1 9 2 8 5 6 5 1 2 6 3 7 9 7 4 9 8 6 4 8 5 1 2 3 2 9 1 5 6 3 4 8 9 3 6 4 4 7 8 1 2 5 7 5 8 9 2 1 7 3 6 8 3 9 7 1 4 6 5 2 1 6 2 8 5 9 3 4 7 7 4 5 2 3 6 1 8 9 22 31 
7 3 4 1 9 2 8 5 6 5 1 2 6 8 3 9 7 4 9 8 6 7 5 4 1 2 3 1 2 7 5 6 3 4 9 8 3 6 9 4 7 8 2 1 5 4 5 8 9 2 1 7 3 6 8 9 3 4 5 7 6 1 2 2 6 1 8 3 9 5 4 7 7 4 5 2 1 6 3 8 9 8 28 
4 7 3 1 9 2 8 5 6 5 1 2 6 3 8 9 7 4 9 8 6 4 5 7 1 2 3 1 2 7 5 6 3 4 8 1 3 9 4 8 7 4 2 6 5 6 5 8 9 2 1 7 3 9 8 3 9 7 4 5 6 1 2 2 6 1 3 8 9 5 4 7 7 4 5 2 1 6 3 9 8 4 25 
7 4 3 1 9 2 8 5 6 5 1 2 6 8 3 7 9 4 9 8 6 7 4 5 2 1 3 2 9 1 5 6 8 4 7 8 3 6 4 9 7 4 1 2 5 7 5 8 3 2 1 3 6 9 8 3 9 4 5 7 6 3 2 6 2 1 8 1 9 5 4 7 4 7 5 2 3 6 9 8 1 8 27 
4 3 7 1 9 2 8 5 6 5 1 2 6 8 3 9 7 4 9 8 6 7 4 5 1 2 3 2 7 9 5 6 8 4 3 1 3 6 1 9 7 4 2 8 5 4 5 8 3 2 1 7 6 9 8 9 3 4 5 7 6 1 2 6 2 1 8 3 9 5 4 7 7 4 5 2 1 6 3 9 8 3 17 
4 3 7 1 9 2 8 5 6 5 1 2 6 3 8 9 7 4 9 8 6 4 5 7 2 1 3 1 7 9 5 6 3 4 2 8 3 2 4 8 7 4 1 6 5 6 5 8 9 2 1 7 3 9 8 4 3 7 1 5 6 9 2 2 6 1 3 8 9 5 4 7 7 9 5 2 4 6 3 8 1 3 14 
4 7 3 4 9 2 8 6 1 5 1 2 6 3 8 7 9 4 9 8 6 1 5 7 2 5 3 1 2 7 5 6 3 4 8 9 3 6 9 8 7 4 1 2 5 4 5 8 9 2 1 3 7 6 8 4 9 7 1 5 6 3 2 6 2 1 3 8 9 5 4 7 7 3 5 2 4 6 9 1 8 6 24 
7 3 4 9 5 2 8 5 6 5 1 2 6 3 8 7 9 4 9 8 6 1 4 7 2 1 3 2 9 7 5 6 3 4 2 9 3 6 1 4 7 8 1 8 5 4 5 8 9 2 1 3 7 6 8 9 1 7 5 4 6 5 2 2 6 3 3 8 9 1 4 7 7 4 5 2 1 6 3 9 8 22 29 
4 3 7 4 9 2 8 6 1 5 1 2 6 3 7 7 9 4 9 8 6 1 8 5 5 2 3 1 7 9 5 6 8 4 3 8 3 2 4 9 7 4 2 1 5 6 5 8 3 2 1 9 7 6 8 9 1 7 4 3 6 5 2 2 6 3 8 5 9 1 4 7 7 4 5 2 1 6 3 8 9 9 25 
7 3 4 1 9 2 8 5 6 5 1 2 6 3 7 9 2 4 9 8 6 8 5 4 1 7 3 2 7 1 5 6 3 4 8 9 3 6 9 4 7 8 2 1 5 4 5 8 9 2 1 3 7 6 8 4 7 7 4 5 6 9 2 1 2 3 3 8 9 5 4 7 6 9 5 2 1 6 1 3 8 11 28 
4 3 7 7 9 2 8 6 1 5 1 2 6 8 3 9 7 4 9 8 6 1 4 5 2 5 3 7 2 1 5 6 8 4 2 9 3 4 9 9 7 4 1 8 5 6 5 8 3 2 1 7 3 6 8 7 3 4 5 7 6 9 2 1 6 2 8 3 9 5 4 7 4 9 5 2 1 6 3 1 8 12 25 
7 4 3 1 9 2 8 5 6 5 1 2 6 8 3 9 7 4 9 8 6 4 5 7 1 2 3 2 7 9 5 6 8 4 3 1 3 6 1 9 7 4 2 8 5 4 5 8 3 2 1 7 6 9 8 3 4 7 1 5 6 9 2 6 2 1 8 3 9 5 4 7 7 9 5 2 4 6 3 1 8 3 13 
4 7 3 9 1 2 8 5 6 5 1 2 6 3 8 9 7 4 9 8 6 7 5 4 1 2 3 2 7 9 5 6 8 4 3 8 3 4 1 9 7 4 1 2 5 6 5 8 3 2 1 7 9 6 8 3 4 1 5 7 6 1 2 1 6 2 3 8 9 5 4 7 7 9 5 2 4 6 3 8 9 17 26 
7 3 4 1 9 2 8 6 4 5 1 2 6 8 3 2 7 9 9 8 6 7 4 5 5 1 3 1 7 9 5 6 3 4 2 8 3 6 2 8 7 4 1 9 5 4 5 8 9 2 1 7 3 6 8 4 9 4 3 7 6 5 2 2 6 1 8 5 9 3 4 7 7 3 5 2 1 6 9 8 1 13 25 
7 3 4 9 5 2 8 6 1 5 1 2 6 8 3 9 7 4 9 8 6 1 4 7 2 5 3 2 7 1 5 6 3 4 3 8 3 6 9 4 7 8 2 1 5 4 5 8 9 2 1 7 6 9 8 4 3 7 1 5 6 9 2 1 6 2 8 3 9 5 4 7 7 9 5 2 4 6 1 3 8 13 25 
4 7 3 3 9 2 8 1 6 5 1 2 6 8 4 9 7 4 9 8 6 7 1 5 2 5 3 2 9 7 5 6 3 4 3 8 3 4 1 9 7 8 1 2 5 6 5 8 4 2 1 9 7 6 8 9 3 7 4 5 6 3 2 2 6 1 8 3 9 5 4 7 4 7 5 2 1 6 1 9 8 24 29 
7 3 4 1 9 2 8 6 4 5 1 2 6 3 4 2 7 9 9 8 6 7 8 5 1 5 3 2 9 7 5 6 3 4 8 1 3 6 1 4 7 8 9 2 5 4 5 8 9 2 1 7 3 6 8 4 9 3 5 7 6 1 2 6 2 3 8 1 9 5 4 7 1 7 5 2 4 6 3 9 8 5 22 
4 7 3 3 9 2 8 6 1 5 1 2 6 8 7 9 2 4 9 8 6 4 1 5 7 5 3 1 2 7 5 6 3 4 9 8 3 9 4 9 7 8 2 1 5 6 5 8 4 2 1 3 7 6 8 4 9 1 5 7 6 3 2 2 6 1 8 3 9 5 4 7 7 3 5 2 4 6 1 8 9 8 23 
7 3 4 1 9 2 8 5 6 5 1 2 6 3 7 9 7 4 9 8 6 8 4 5 2 1 3 7 2 9 5 6 3 4 8 1 3 4 1 9 7 8 2 6 5 6 5 8 4 2 1 7 3 9 8 9 3 7 5 4 6 1 2 2 6 1 3 8 9 5 4 7 4 7 5 2 1 6 3 9 8 7 22 
7 3 4 4 9 2 8 1 6 5 1 2 6 8 3 9 7 4 9 8 6 7 1 5 5 2 3 2 9 7 5 6 8 4 3 1 3 6 1 9 7 4 2 8 5 4 5 8 3 2 1 7 6 9 8 4 9 1 3 7 6 5 2 6 2 3 8 5 9 1 4 7 1 7 5 2 4 6 3 9 8 3 11 
4 3 7 1 9 2 8 5 6 5 1 2 6 8 3 9 7 4 9 8 6 4 5 7 1 2 3 7 2 9 5 6 8 4 3 1 3 4 1 9 7 4 2 8 5 6 5 8 3 2 1 7 6 9 8 9 4 7 3 5 6 1 2 2 6 3 8 1 9 5 4 7 1 7 5 2 4 6 3 9 8 3 11 
4 7 3 1 9 2 8 5 6 5 1 2 6 3 8 9 7 4 9 8 6 7 4 5 1 2 3 1 2 7 5 6 3 4 1 9 3 6 9 8 7 4 2 8 5 4 5 8 9 2 1 3 7 6 8 9 1 4 5 7 6 3 2 6 3 2 8 1 9 5 4 7 7 4 5 2 3 6 1 9 8 10 23 
4 3 7 3 9 2 8 6 1 5 1 2 6 8 4 2 9 4 9 8 6 1 5 7 7 5 3 2 7 1 5 6 3 4 7 8 3 9 4 9 7 8 1 2 5 6 5 8 4 2 1 9 3 6 8 4 9 7 4 5 6 1 2 1 2 3 8 3 9 5 4 7 7 6 5 2 1 6 3 9 8 14 23 
7 4 3 1 9 2 8 5 6 5 1 2 6 8 3 9 7 4 9 8 6 7 4 5 2 1 3 1 9 7 5 6 3 4 2 8 3 2 4 8 7 4 1 9 5 6 5 8 9 2 1 7 3 6 8 3 9 7 4 5 6 1 2 2 6 1 8 3 9 5 4 7 4 7 5 2 1 6 3 8 9 10 22 
4 3 7 9 5 2 8 6 1 5 1 2 6 3 8 9 7 4 9 8 6 4 1 7 2 5 3 7 2 1 5 6 3 4 9 8 3 6 9 8 7 4 1 2 5 4 5 8 9 2 1 7 3 6 8 9 4 7 3 5 6 1 2 2 6 3 1 8 9 5 4 7 1 7 5 2 4 6 3 8 9 5 21 
7 3 4 1 9 2 8 5 6 5 1 2 6 3 8 9 7 4 9 8 6 7 5 4 1 2 3 2 7 9 5 6 8 4 1 8 3 6 1 9 7 4 2 6 5 4 5 8 3 2 1 3 7 9 8 9 7 7 4 5 6 3 2 6 2 3 1 8 9 5 4 7 1 4 5 2 3 6 9 8 1 13 22 
4 7 3 1 9 2 8 5 6 5 1 2 6 8 3 9 7 4 9 8 6 4 5 7 1 2 3 2 9 7 5 6 8 4 3 1 3 6 1 9 7 4 2 8 5 4 5 8 3 2 1 7 6 9 8 3 9 7 4 5 6 1 2 6 2 1 8 3 9 5 4 7 7 4 5 2 1 6 3 9 8 3 10 
7 4 3 7 9 2 8 6 1 5 1 2 6 3 8 7 9 4 9 8 6 1 4 5 2 5 3 1 9 2 5 6 3 4 7 8 3 6 4 9 7 8 1 2 5 7 5 8 4 2 1 9 3 6 8 3 9 4 5 7 6 1 2 6 2 1 3 8 9 5 4 7 4 7 5 2 1 6 3 8 9 7 21 
4 3 7 1 9 2 8 5 6 5 1 2 6 8 3 9 7 4 9 8 6 7 4 5 1 2 3 7 2 9 5 6 3 4 8 1 3 4 1 9 7 8 2 6 5 6 5 8 4 2 1 7 3 9 8 9 4 3 5 7 6 1 2 2 6 3 8 1 9 5 4 7 1 7 5 2 4 6 3 9 8 3 10 
4 3 7 3 9 2 8 1 6 5 1 2 6 8 7 2 9 4 9 8 6 1 4 5 5 7 3 1 7 9 5 6 3 4 2 8 3 2 4 9 7 8 1 6 5 6 5 8 4 2 1 7 3 9 8 9 3 7 1 4 6 5 2 2 6 1 8 5 9 3 4 7 7 4 5 2 3 6 9 8 1 4 18 
7 4 3 1 9 2 8 5 6 5 1 2 6 8 3 9 7 4 9 8 6 7 4 5 1 2 3 2 9 7 5 6 8 4 3 1 3 6 1 9 7 4 2 8 5 4 5 8 3 2 1 7 6 9 8 3 9 4 5 7 6 1 2 6 2 1 8 3 9 5 4 7 4 7 5 2 1 6 3 9 8 3 9 
4 7 3 1 9 2 8 5 6 5 1 2 6 3 8 7 9 4 9 8 6 4 5 7 1 2 3 1 2 7 5 6 3 4 1 8 3 4 9 8 7 4 2 6 5 6 5 8 9 2 1 3 7 9 8 9 4 7 1 5 6 3 2 2 6 1 3 8 9 5 4 7 7 3 5 2 4 6 9 8 1 4 16 
4 3 7 1 9 2 8 5 6 5 1 2 6 8 3 9 7 4 9 8 6 4 5 7 2 1 3 1 7 9 5 6 3 4 2 8 3 2 4 9 7 8 1 6 5 6 5 8 4 2 1 7 3 9 8 4 1 7 3 5 6 9 2 2 6 3 8 1 9 5 4 7 7 9 5 2 4 6 3 8 1 3 8 
7 4 3 9 5 2 8 1 6 5 1 2 6 3 4 7 9 4 9 8 6 8 1 7 2 5 3 2 7 9 5 6 3 4 8 1 3 4 1 9 7 8 2 6 5 6 5 8 4 2 1 3 7 9 8 3 9 4 5 7 6 3 2 6 2 1 1 8 9 5 4 7 4 7 5 2 3 6 1 8 9 18 25 
4 3 7 9 5 2 8 6 1 5 1 2 6 8 3 7 9 4 9 8 6 1 4 7 2 5 3 2 9 1 5 6 3 4 7 8 3 6 4 9 7 8 1 2 5 7 5 8 4 2 1 9 3 6 8 4 9 7 3 5 6 1 2 6 2 3 8 1 9 5 4 7 1 7 5 2 4 6 3 8 9 4 15 
7 3 4 1 9 2 8 5 6 5 1 2 6 8 3 9 7 4 9 8 6 4 5 7 1 2 3 2 7 9 5 6 8 4 3 1 3 6 1 9 7 4 2 8 5 4 5 8 3 2 1 7 6 9 8 9 3 7 4 5 6 1 2 1 6 2 8 3 9 5 4 7 7 4 5 2 1 6 3 9 8 4 10 
7 3 4 3 9 2 8 6 4 5 1 2 6 8 7 7 2 9 9 8 6 1 5 4 5 1 3 7 2 9 5 6 3 4 8 1 3 4 1 9 7 8 2 9 5 6 5 8 4 2 1 7 3 6 8 4 9 7 1 5 6 3 2 2 6 1 8 3 9 5 4 7 7 3 5 2 4 6 9 8 1 21 25 
7 3 4 7 9 2 8 6 1 5 1 2 6 8 3 7 9 4 9 8 6 1 4 5 5 2 3 2 7 9 5 6 8 4 1 9 3 6 1 9 7 4 2 8 5 4 5 8 3 2 1 3 7 6 8 9 1 4 3 7 6 5 2 6 2 3 8 5 9 1 4 7 7 4 5 2 1 6 9 3 8 7 21 
7 3 4 3 9 2 8 1 6 5 1 2 6 8 7 2 9 4 9 8 6 4 1 5 7 5 3 2 7 9 5 6 3 4 2 8 3 6 1 4 7 8 1 6 5 4 5 8 9 2 1 3 7 9 8 4 9 7 1 5 6 3 2 6 2 3 8 3 9 5 4 7 1 7 5 2 4 6 9 8 1 15 24 
7 4 3 1 9 2 8 5 6 5 1 2 6 8 3 9 7 4 9 8 6 4 5 7 1 2 3 7 2 9 5 6 8 4 3 1 3 6 1 9 7 4 2 8 5 4 5 8 3 2 1 7 6 9 8 9 4 7 3 5 6 1 2 6 3 2 8 1 9 5 4 7 1 7 5 2 4 6 3 9 8 3 8 
7 3 4 4 9 2 8 6 9 5 1 2 6 8 3 7 2 4 9 8 6 1 5 7 5 1 3 1 7 2 5 6 8 4 9 8 3 6 9 9 7 4 2 1 5 4 5 8 3 2 1 7 3 6 8 9 3 7 3 5 6 5 2 2 6 1 8 1 9 3 4 7 7 4 5 2 4 6 9 8 1 18 23 
4 3 7 9 1 2 8 5 6 5 1 2 6 8 3 9 7 4 9 8 6 7 5 4 2 1 3 1 7 9 5 6 3 4 2 8 3 2 4 9 7 8 1 6 5 6 5 8 4 2 1 7 3 9 8 4 3 1 5 7 6 9 2 2 6 1 8 3 9 5 4 7 7 9 5 2 4 6 3 8 1 4 10 
7 3 4 1 9 2 8 5 6 5 1 2 6 8 3 9 7 4 9 8 6 7 4 5 1 2 3 2 9 7 5 6 8 4 3 1 3 6 1 9 7 4 2 8 5 4 5 8 3 2 1 7 6 9 8 7 9 4 5 7 6 1 2 6 2 3 8 1 9 5 4 7 1 4 5 2 3 6 3 9 8 3 8 
7 3 4 1 9 2 8 5 6 5 1 2 6 8 3 9 7 4 9 8 6 4 5 7 1 2 3 2 7 9 5 6 8 4 3 1 3 6 1 9 7 4 2 8 5 4 5 8 3 2 1 7 6 9 8 9 7 7 4 5 6 1 2 6 2 3 8 1 9 5 4 7 1 4 5 2 3 6 3 9 8 3 7 
4 3 7 3 9 2 8 1 6 5 1 2 6 8 4 9 7 4 9 8 6 7 1 5 5 2 3 7 2 9 5 6 3 4 8 1 3 4 1 9 7 8 2 6 5 6 5 8 4 2 1 7 3 9 8 9 4 1 3 7 6 5 2 2 6 3 8 5 9 1 4 7 1 7 5 2 4 6 3 9 8 4 10 
4 7 3 1 9 2 8 5 6 5 1 2 6 8 3 7 9 4 9 8 6 7 5 4 2 1 3 1 9 7 5 6 3 4 2 8 3 2 4 9 7 8 1 6 5 6 5 8 4 2 1 3 7 9 8 4 9 7 1 5 6 3 2 2 6 1 8 3 9 5 4 7 7 3 5 2 4 6 9 8 1 3 7 
4 7 3 9 5 2 8 6 4 5 1 2 6 3 4 7 2 9 9 8 6 1 8 7 5 1 3 2 9 7 5 6 3 4 8 1 3 4 1 9 7 8 2 6 5 6 5 8 4 2 1 7 3 9 8 4 9 7 1 3 6 5 2 1 6 2 8 5 9 1 4 7 7 3 5 2 4 6 9 3 8 16 22 
4 3 7 3 9 2 8 1 6 5 1 2 6 8 7 9 7 4 9 8 6 1 5 4 2 5 3 2 7 1 5 6 3 4 8 9 3 6 9 9 7 8 1 2 5 4 5 8 4 2 1 7 3 6 8 4 3 7 1 5 6 9 2 6 2 1 8 3 9 5 4 7 7 9 5 2 4 6 3 1 8 10 21 
4 7 3 9 1 2 8 5 6 5 1 2 6 3 8 7 9 4 9 8 6 7 4 5 1 2 3 2 7 1 5 6 3 4 7 1 3 9 4 8 7 4 2 8 5 6 5 8 9 2 1 3 6 9 8 3 9 4 5 7 6 1 2 1 6 2 3 8 9 5 4 7 7 4 5 2 1 6 9 3 8 11 21 
4 3 7 1 9 2 8 5 6 5 1 2 6 3 8 7 9 4 9 8 6 7 5 4 1 2 3 2 9 1 5 6 3 4 7 8 3 6 4 9 7 8 2 1 5 7 5 8 4 2 1 3 6 9 8 4 9 7 1 5 6 3 2 6 2 3 3 8 9 5 4 7 1 7 5 2 4 6 9 8 1 5 20 
4 7 3 4 9 2 8 5 6 5 1 2 6 3 8 9 7 4 9 8 6 1 5 7 1 2 3 7 2 9 5 6 3 4 2 8 3 4 1 9 7 8 9 1 5 6 5 8 4 2 1 3 7 6 8 4 9 7 5 4 6 3 2 6 2 1 8 3 9 5 4 7 7 3 5 2 1 6 1 8 9 24 22 
4 3 7 1 9 2 8 5 6 5 1 2 6 8 3 7 9 4 9 8 6 7 5 4 1 2 3 7 2 9 5 6 3 4 8 1 3 4 1 9 7 8 2 6 5 6 5 8 4 2 1 3 7 9 8 9 4 7 3 5 6 1 2 2 6 3 8 1 9 5 4 7 1 7 5 2 4 6 9 3 8 3 5 
7 3 4 1 9 2 8 5 6 5 1 2 6 3 8 9 7 4 9 8 6 4 5 7 1 2 3 1 2 7 5 6 3 4 8 1 3 4 9 8 7 4 2 6 5 6 5 8 9 2 1 7 3 9 8 9 3 7 4 5 6 1 2 2 6 1 3 8 9 5 4 7 4 7 5 2 1 6 3 9 8 4 9 
4 7 3 9 5 2 8 6 1 5 1 2 6 3 8 7 9 4 9 8 6 1 4 7 2 5 3 2 9 7 5 6 3 4 8 1 3 6 1 4 7 8 9 2 5 4 5 8 9 2 1 3 7 6 8 4 9 7 5 3 6 1 2 1 3 2 8 1 9 5 4 7 6 7 5 2 4 6 9 3 8 13 21 
4 3 7 1 9 2 8 5 6 5 1 2 6 8 3 9 7 4 9 8 6 7 5 4 2 1 3 1 7 9 5 6 3 4 2 8 3 2 4 9 7 8 1 6 5 6 5 8 4 2 1 7 3 9 8 4 1 3 5 7 6 9 2 2 6 3 8 1 9 5 4 7 7 9 5 2 4 6 3 8 1 3 4 
7 3 4 1 9 2 8 5 6 5 1 2 6 8 3 9 7 4 9 8 6 7 4 5 1 2 3 2 9 7 5 6 8 4 3 1 3 6 1 9 7 4 2 8 5 4 5 8 3 2 1 7 6 9 8 4 9 3 5 7 6 1 2 6 2 3 8 1 9 5 4 7 1 7 5 2 4 6 3 9 8 3 4 
7 3 4 1 9 2 8 5 6 5 1 2 6 3 8 9 7 4 9 8 6 7 4 5 2 1 3 2 7 1 5 6 3 4 8 9 3 6 9 8 7 4 1 2 5 4 5 8 9 2 1 7 3 6 8 9 3 4 5 7 6 1 2 6 2 1 3 8 9 5 4 7 7 4 5 2 1 6 3 9 8 5 19 
4 7 3 1 9 2 8 5 6 5 1 2 6 3 8 7 9 4 9 8 6 7 5 4 2 1 3 1 9 7 5 6 3 4 2 8 3 2 4 9 7 8 1 6 5 6 5 8 4 2 1 3 7 9 8 4 9 7 1 5 6 3 2 2 6 1 3 8 9 5 4 7 7 3 5 2 4 6 9 8 1 3 4 
4 3 7 1 9 2 8 5 6 5 1 2 6 8 3 9 7 4 9 8 6 4 5 7 1 2 3 7 2 9 5 6 8 4 3 1 3 6 1 9 7 4 2 8 5 4 5 8 3 2 1 7 6 9 8 9 4 7 3 5 6 1 2 6 2 3 8 1 9 5 4 7 1 7 5 2 4 6 3 9 8 3 4 
7 3 4 1 9 2 8 5 6 5 1 2 6 8 3 7 9 4 9 8 6 7 4 5 1 2 3 1 2 7 5 6 3 4 8 9 3 4 9 8 7 4 2 1 5 6 5 8 9 2 1 3 7 6 8 9 1 4 5 7 6 3 2 2 6 3 8 1 9 5 4 7 4 7 5 2 3 6 9 8 1 7 19 
7 3 4 4 9 2 8 5 6 5 1 2 6 3 8 7 9 4 9 8 6 7 1 5 1 2 3 2 9 7 5 6 3 4 8 1 3 6 1 8 7 4 2 9 5 4 5 8 9 2 1 3 7 6 8 4 9 3 5 7 6 1 2 6 2 3 1 8 9 5 4 7 1 7 5 2 4 6 9 3 8 5 18 
4 3 7 1 9 2 8 5 6 5 1 2 6 3 4 9 7 4 9 8 6 7 8 5 1 2 3 7 2 9 5 6 3 4 8 1 3 4 1 9 7 8 2 6 5 6 5 8 4 2 1 7 3 9 8 9 4 3 5 7 6 1 2 2 6 3 8 1 9 5 4 7 1 7 5 2 4 6 3 9 8 3 3 
4 3 7 1 9 2 8 5 6 5 1 2 6 8 3 7 9 4 9 8 6 7 5 4 2 1 3 1 7 9 5 6 3 4 2 8 3 2 4 9 7 8 1 6 5 6 5 8 4 2 1 3 7 9 8 9 1 7 4 5 6 3 2 2 6 3 8 1 9 5 4 7 7 4 5 2 3 6 9 8 1 3 2 
7 4 3 3 5 2 8 1 6 5 1 2 6 9 8 7 9 4 9 8 6 4 1 7 2 5 3 1 2 7 5 6 3 4 7 8 3 6 9 8 7 4 1 2 5 4 5 8 9 2 1 3 6 9 8 3 9 7 3 5 6 1 2 6 2 1 1 8 9 5 4 7 4 7 5 2 4 6 3 8 9 14 21 
4 3 7 1 9 2 8 5 6 5 1 2 6 3 8 7 9 4 9 8 6 7 4 5 1 2 3 7 2 9 5 6 3 4 8 1 3 4 1 9 7 8 2 6 5 6 5 8 4 2 1 3 7 9 8 9 4 3 5 7 6 1 2 2 6 3 8 1 9 5 4 7 1 7 5 2 4 6 9 3 8 3 2 
7 3 4 1 9 2 8 5 6 5 1 2 6 3 8 7 9 4 9 8 6 4 5 7 2 1 3 7 2 9 5 6 3 4 1 9 3 6 1 9 7 8 2 8 5 4 5 8 4 2 1 3 7 6 8 4 7 7 3 5 6 9 2 6 2 3 8 1 9 5 4 7 1 9 5 2 4 6 1 3 8 15 21 
7 3 4 1 9 2 8 5 6 5 1 2 6 8 3 9 7 4 9 8 6 7 4 5 1 2 3 2 9 7 5 6 8 4 3 1 3 6 1 9 7 4 2 8 5 4 5 8 3 2 1 7 6 9 8 4 9 4 5 7 6 1 2 6 2 3 8 1 9 5 4 7 1 7 5 2 3 6 3 9 8 3 2 
4 7 3 1 9 2 8 5 6 5 1 2 6 8 3 9 7 4 9 8 6 7 5 4 1 2 3 2 9 7 5 6 3 4 1 8 3 4 1 9 7 8 2 6 5 6 5 8 4 2 1 7 3 9 8 3 4 7 1 5 6 9 2 1 6 2 8 3 9 5 4 7 7 9 5 2 4 6 3 8 1 5 18 
4 3 7 9 1 2 8 5 6 5 1 2 6 8 3 9 7 4 9 8 6 7 4 5 2 1 3 1 7 9 5 6 3 4 2 8 3 2 4 9 7 8 1 6 5 6 5 8 4 2 1 7 3 9 8 4 3 1 5 7 6 9 2 2 6 1 8 3 9 5 4 7 7 9 5 2 4 6 3 8 1 4 2 
4 3 7 7 9 2 8 6 1 5 1 2 6 3 8 9 7 4 9 8 6 1 4 5 2 5 3 1 7 9 5 6 3 4 2 8 3 2 4 8 7 4 1 9 5 6 5 8 9 2 1 7 3 6 8 9 3 4 5 7 6 1 2 2 6 1 3 8 9 5 4 7 7 4 5 2 1 6 3 8 9 5 17 
4 7 3 1 9 2 8 6 1 5 1 2 6 3 8 9 7 4 9 8 6 7 4 5 5 2 3 1 2 7 5 6 3 4 8 9 3 9 4 8 7 4 1 2 5 6 5 8 9 2 1 7 3 6 8 4 9 3 1 7 6 5 2 2 6 1 8 5 9 3 4 7 7 3 5 2 4 6 9 1 8 9 18 
4 3 7 7 9 2 8 5 6 5 1 2 6 8 3 9 2 4 9 8 6 4 1 5 7 1 3 7 2 9 5 6 8 4 8 1 3 4 1 9 7 4 2 6 5 6 5 8 3 2 1 3 7 9 8 7 4 1 3 7 6 9 2 2 6 3 8 5 9 5 4 7 1 9 5 2 4 6 1 3 8 10 18 
7 3 4 3 9 2 8 6 1 5 1 2 6 8 7 7 9 4 9 8 6 1 5 4 2 5 3 1 2 7 5 6 3 4 8 9 3 6 9 4 7 8 1 2 5 4 5 8 9 2 1 3 7 6 8 9 1 7 4 5 6 3 2 6 2 3 8 1 9 5 4 7 7 4 5 2 3 6 9 1 8 6 17 
4 3 7 1 9 2 8 5 6 5 1 2 6 8 3 9 2 4 9 8 6 7 5 4 7 1 3 2 7 1 5 6 3 4 8 9 3 6 9 8 7 4 2 1 5 4 5 8 9 2 1 3 7 6 8 4 3 1 5 7 6 9 2 1 6 2 8 3 9 5 4 7 7 9 5 2 4 6 3 8 1 15 21 
4 3 7 1 9 2 8 5 6 5 1 2 6 3 8 7 9 4 9 8 6 7 4 5 1 2 3 7 2 9 5 6 3 4 8 1 3 4 1 9 7 8 2 6 5 6 5 8 4 2 1 3 7 9 8 9 4 3 5 7 6 1 2 2 6 3 1 8 9 5 4 7 1 7 5 2 4 6 9 3 8 4 2 
7 3 4 3 9 2 8 1 6 5 1 2 6 4 8 7 9 4 9 8 6 7 1 5 2 5 3 1 9 2 5 6 3 4 2 8 3 6 4 9 7 8 1 6 5 7 5 8 4 2 1 3 7 9 8 9 1 4 5 7 6 3 2 2 6 3 8 1 9 5 4 7 4 7 5 2 3 6 9 8 1 15 18 
4 3 7 1 9 2 8 6 4 5 1 2 6 3 4 2 7 9 9 8 6 7 8 5 5 1 3 1 7 9 5 6 3 4 2 8 3 2 4 9 7 8 1 6 5 6 5 8 4 2 1 7 3 9 8 9 4 3 1 7 6 5 2 6 3 2 8 5 9 1 4 7 1 7 5 2 4 6 9 3 8 16 18 
7 3 4 7 9 2 8 5 6 5 1 2 6 8 3 9 7 4 9 8 6 4 1 5 1 2 3 1 2 7 5 6 8 4 3 8 3 6 9 9 7 4 2 1 5 4 5 8 3 2 1 7 6 9 8 4 3 1 5 7 6 9 2 2 6 1 8 3 9 5 4 7 7 9 5 2 4 6 3 8 1 7 17 
7 3 4 1 9 2 8 5 6 5 1 2 6 3 8 9 7 4 9 8 6 4 5 7 2 1 3 1 2 7 5 6 3 4 8 9 3 6 9 8 7 4 1 2 5 4 5 8 9 2 1 7 3 6 8 4 1 7 5 3 6 9 2 2 6 3 8 1 9 5 4 7 7 9 5 2 4 6 3 8 1 8 17 
4 3 7 3 9 2 8 5 6 5 1 2 6 8 4 7 9 4 9 8 6 7 1 5 1 2 3 7 9 2 5 6 3 4 7 1 3 6 1 9 7 8 2 8 5 4 5 8 4 2 1 9 3 6 8 4 9 7 3 5 6 1 2 6 2 3 1 8 9 5 4 7 1 7 5 2 4 6 9 3 8 15 17 
4 3 7 1 9 2 8 5 6 5 1 2 6 3 8 9 7 4 9 8 6 4 5 7 1 2 3 2 7 1 5 6 3 4 9 8 3 6 9 8 7 4 2 1 5 4 5 8 9 2 1 7 3 6 8 9 3 7 4 5 6 1 2 6 2 1 3 8 9 5 4 7 7 4 5 2 1 6 3 8 9 5 16 
7 3 4 9 5 2 8 6 1 5 1 2 6 3 8 9 7 4 9 8 6 1 4 7 2 5 3 1 2 7 5 6 3 4 8 9 3 6 9 8 7 4 1 2 5 4 5 8 9 2 1 7 3 6 8 9 3 7 4 5 6 1 2 2 6 1 3 8 9 5 4 7 4 7 5 2 1 6 3 9 8 5 14 
7 4 3 1 9 2 8 5 6 5 1 2 6 3 8 7 9 4 9 8 6 7 4 5 2 1 3 1 9 7 5 6 3 4 2 8 3 2 4 9 7 8 1 6 5 6 5 8 4 2 1 3 7 9 8 3 9 7 5 4 6 1 2 2 6 1 3 8 9 5 4 7 4 7 5 2 1 6 9 3 8 5 13 
4 7 3 9 5 2 8 6 1 5 1 2 6 3 8 9 7 4 9 8 6 1 4 7 2 5 3 7 2 9 5 6 3 4 3 1 3 6 1 8 7 4 2 8 5 4 5 8 9 2 1 7 6 9 8 9 3 7 4 5 6 9 2 1 6 2 3 1 9 5 4 7 7 4 5 2 8 6 3 1 8 17 20 
4 7 3 3 9 2 8 6 1 5 1 2 6 8 4 9 7 4 9 8 6 7 1 5 5 2 3 1 2 7 5 6 3 4 8 9 3 4 9 4 7 8 2 1 5 6 5 8 9 2 1 7 3 6 8 9 4 1 3 7 6 5 2 2 6 1 8 5 9 3 4 7 7 3 5 2 4 6 1 9 8 6 16 
4 7 3 1 9 2 8 5 6 5 1 2 6 3 8 7 9 4 9 8 6 4 5 7 2 1 3 1 9 7 5 6 3 4 2 8 3 6 2 8 7 4 1 9 5 4 5 8 9 2 1 3 7 6 8 4 9 7 1 5 6 3 2 6 2 1 3 8 9 5 4 7 7 3 5 2 4 6 9 8 1 5 12 
7 3 4 1 9 2 8 5 6 5 1 2 6 8 3 9 7 4 9 8 6 7 5 4 1 2 3 2 9 7 5 6 3 4 8 1 3 4 1 9 7 8 2 6 5 6 5 8 4 2 1 7 3 9 8 4 9 7 3 5 6 1 2 2 6 3 8 1 9 5 4 7 1 7 5 2 4 6 3 9 8 5 12 
7 3 4 1 9 2 8 1 6 5 1 2 6 8 3 7 9 4 9 8 6 7 5 4 2 5 3 7 2 1 5 6 3 4 8 1 3 4 9 4 7 8 2 6 5 6 5 8 9 2 1 7 3 9 8 9 3 7 1 5 6 9 2 1 6 2 3 8 9 5 4 7 4 7 5 2 4 6 3 1 8 17 19 
4 7 3 9 5 2 8 6 1 5 1 2 6 8 3 7 9 4 9 8 6 7 1 4 2 5 3 1 2 7 5 6 3 4 8 9 3 9 4 9 7 8 1 2 5 6 5 8 4 2 1 3 7 6 8 4 9 1 5 7 6 3 2 2 6 1 8 3 9 5 4 7 7 3 5 2 4 6 9 1 8 6 15 

